DES
1457.853063813403 30.000000000000004
1444.1924135386107 30.000000000000004
1470.3966048367552 30.000000000000004
1515.9427448884526 30.000000000000004
1612.4290668059766 30.000000000000004
1688.6637938652887 30.000000000000004
1712.298633885221 30.000000000000004
1720.9402718803665 30.000000000000004
1719.1608764298423 30.000000000000004
1715.681879046755 30.000000000000004
1719.886997443285 30.000000000000004
1702.3483821955233 30.000000000000004
1696.7388978828883 30.000000000000004
1688.8313602530056 30.000000000000004
