DYYPO
1422.6002875785744 30.000000000000004
1310.1393033653048 30.000000000000004
1264.0824847984009 30.000000000000004
1209.9346035101614 30.000000000000004
1168.2025936165387 30.000000000000004
1211.5464325729727 30.000000000000004
1278.429359327744 30.000000000000004
1278.0942265523088 30.000000000000004
1263.7154346157815 30.000000000000004
1245.8815833515428 30.000000000000004
1233.8327621394544 30.000000000000004
1217.6665954005766 30.000000000000004
1211.6342054427296 30.000000000000004
1203.4793079071192 30.000000000000004
