EBOwithCMAR
1146.7860133957606 30.000000000000004
1176.1181105982805 30.000000000000004
1202.3542193038693 30.000000000000004
1237.495284613858 30.000000000000004
1322.0444962449985 30.000000000000004
1433.4841234283494 30.000000000000004
1466.7021649551955 30.000000000000004
1518.5280548703638 30.000000000000004
1575.795862710425 30.000000000000004
1606.1892137014834 30.000000000000004
1646.1258694406122 30.000000000000004
1761.475379004447 30.000000000000004
1767.6992734053943 30.000000000000004
1783.1792158898093 30.000000000000004
