IDEbestNsize
1714.3892240557916 30.000000000000004
1726.4540039714534 30.000000000000004
1733.5396683663682 30.000000000000004
1735.2632083543208 30.000000000000004
1742.029698677395 30.000000000000004
1715.0754483102537 30.000000000000004
1672.7609457357798 30.000000000000004
1647.1472264705044 30.000000000000004
1636.4947918228013 30.000000000000004
1611.5992142191897 30.000000000000004
1606.8913966595337 30.000000000000004
1601.5851277151762 30.000000000000004
1600.2126792062597 30.000000000000004
1580.0009811069292 30.000000000000004
