jSO
1224.6485282221565 30.000000000000004
1268.4711282862431 30.000000000000004
1292.8560273750397 30.000000000000004
1284.9245516897463 30.000000000000004
1277.6633415553208 30.000000000000004
1328.9546149003684 30.000000000000004
1420.2144613915634 30.000000000000004
1475.4874312826194 30.000000000000004
1516.0305177582088 30.000000000000004
1536.7688530760756 30.000000000000004
1585.0359520902202 30.000000000000004
1623.9831682066256 30.000000000000004
1671.8832170382157 30.000000000000004
1746.5779292011603 30.000000000000004
