LSHADE-SPACMA
1165.824746781297 30.000000000000004
1144.0091989707103 30.000000000000004
1136.8118236506057 30.000000000000004
1176.7564587419693 30.000000000000004
1268.6626327293488 30.000000000000004
1416.2646822525317 30.000000000000004
1528.733645817478 30.000000000000004
1653.9216961453374 30.000000000000004
1748.0860266906195 30.000000000000004
1786.9454699375653 30.000000000000004
1790.272859636537 30.000000000000004
1777.3143923196817 30.000000000000004
1771.7767221731954 30.000000000000004
1762.783992699005 30.000000000000004
