MM-OED
1318.5335814547407 30.000000000000004
1403.9445630794696 30.000000000000004
1424.2599927521471 30.000000000000004
1483.4189069678655 30.000000000000004
1555.280949242852 30.000000000000004
1624.1507345943423 30.000000000000004
1677.1495892236014 30.000000000000004
1702.1329396970293 30.000000000000004
1708.26108187641 30.000000000000004
1797.7574916212761 30.000000000000004
1782.1020033973368 30.000000000000004
1750.4000387114831 30.000000000000004
1737.4415713946498 30.000000000000004
1717.9559943086354 30.000000000000004
