MOS-SOCO2013
1863.3078666263364 30.000000000000004
1783.3068855185468 30.000000000000004
1741.758400716328 30.000000000000004
1713.8306694300668 30.000000000000004
1644.625751302958 30.000000000000004
1511.6099568632126 30.000000000000004
1412.5622630191765 30.000000000000004
1345.280368675059 30.000000000000004
1298.138358264037 30.000000000000004
1268.1280161590116 30.000000000000004
1252.4964659904945 30.000000000000004
1238.6522906242903 30.000000000000004
1232.6278800182454 30.000000000000004
1227.6806819046706 30.000000000000004
