MOS-SOCO2011
1863.0046512580836 30.000000000000004
1845.3383663814689 30.000000000000004
1808.848790617856 30.000000000000004
1765.6007038830235 30.000000000000004
1685.2805487037667 30.000000000000004
1585.969536250355 30.000000000000004
1502.7369176660357 30.000000000000004
1442.6683573455705 30.000000000000004
1398.5904180243365 30.000000000000004
1364.2712259496177 30.000000000000004
1343.7403537784244 30.000000000000004
1322.5152780009648 30.000000000000004
1314.8072241659895 30.000000000000004
1306.2453796888358 30.000000000000004
