PPSO
1453.1452462537477 30.000000000000004
1509.256048083386 30.000000000000004
1530.273660714111 30.000000000000004
1530.912008857793 30.000000000000004
1484.0253377043632 30.000000000000004
1388.0816117089691 30.000000000000004
1324.4861778945867 30.000000000000004
1280.647619127052 30.000000000000004
1252.1214364560788 30.000000000000004
1232.1730569658685 30.000000000000004
1221.0338818585274 30.000000000000004
1211.1953410939445 30.000000000000004
1208.4504440760877 30.000000000000004
1201.9871691212488 30.000000000000004
