RB-IPOP-CMA-ES
1775.0961325203687 30.000000000000004
1803.358996582138 30.000000000000004
1816.349381306194 30.000000000000004
1808.9924189501858 30.000000000000004
1789.929747509305 30.000000000000004
1743.7133419063675 30.000000000000004
1711.947542406194 30.000000000000004
1683.1500617742238 30.000000000000004
1658.2066080598083 30.000000000000004
1628.8665315057958 30.000000000000004
1620.5839643415172 30.000000000000004
1607.904774337629 30.000000000000004
1608.2798038720423 30.000000000000004
1603.1809980743815 30.000000000000004
