TLBO-FL
1594.8106580403503 30.000000000000004
1585.4109816246335 30.000000000000004
1578.4689455620928 30.000000000000004
1536.9284401119962 30.000000000000004
1449.8258359066015 30.000000000000004
1352.4857233468779 30.000000000000004
1291.9782986774721 30.000000000000004
1252.0017461791374 30.000000000000004
1225.398587290989 30.000000000000004
1205.7374644654146 30.000000000000004
1197.9974932231992 30.000000000000004
1184.9592323883674 30.000000000000004
1178.4480813227442 30.000000000000004
1178.0969898437156 30.000000000000004
