BlockEA
1598.9812765008296 30.000000000000004
1615.676913501305 30.000000000000004
1674.827170304403 30.000000000000004
1637.6197507021716 30.000000000000004
1662.9017153035718 30.000000000000004
1654.7924059030715 30.000000000000004
1672.919097504262 30.000000000000004
1670.5340065040903 30.000000000000004
1686.752625305354 30.000000000000004
1682.9364797050362 30.000000000000004
1690.091752705643 30.000000000000004
1696.2929893062071 30.000000000000004
1698.2010621063878 30.000000000000004
1694.8619347060737 30.000000000000004
1696.2929893062071 30.000000000000004
1692.4768437058556 30.000000000000004
1686.752625305354 30.000000000000004
1685.3215707052334 30.000000000000004
1691.52280730577 30.000000000000004
1687.2296435053947 30.000000000000004
1687.7066617054356 30.000000000000004
1682.9364797050362 30.000000000000004
1686.2756071053136 30.000000000000004
1681.028406904882 30.000000000000004
1682.9364797050362 30.000000000000004
1683.8905161051146 30.000000000000004
1687.7066617054356 30.000000000000004
1686.752625305354 30.000000000000004
1689.1377163055595 30.000000000000004
1689.614734505601 30.000000000000004
1692.4768437058556 30.000000000000004
1689.614734505601 30.000000000000004
1692.4768437058556 30.000000000000004
1687.2296435053947 30.000000000000004
1689.614734505601 30.000000000000004
1686.2756071053136 30.000000000000004
1687.7066617054356 30.000000000000004
1682.4594615049975 30.000000000000004
1686.752625305354 30.000000000000004
1687.2296435053947 30.000000000000004
1688.660698105518 30.000000000000004
1688.1836799054768 30.000000000000004
1688.660698105518 30.000000000000004
1686.752625305354 30.000000000000004
1685.7985889052734 30.000000000000004
1682.9364797050362 30.000000000000004
1686.2756071053136 30.000000000000004
1684.8445525051936 30.000000000000004
1684.3675343051539 30.000000000000004
1678.6433159046937 30.000000000000004
1673.396115704297 30.000000000000004
1673.396115704297 30.000000000000004
1667.1948791038576 30.000000000000004
1665.2868063037288 30.000000000000004
1659.5625879033596 30.000000000000004
1657.6545151032424 30.000000000000004
1654.7924059030715 30.000000000000004
1652.8843331029611 30.000000000000004
1651.9302967029068 30.000000000000004
1646.6830965026204 30.000000000000004
1646.6830965026204 30.000000000000004
1645.252041902546 30.000000000000004
1640.0048417022842 30.000000000000004
1638.0967689021938 30.000000000000004
1637.6197507021716 30.000000000000004
1636.6657143021278 30.000000000000004
1634.7576415020415 30.000000000000004
1630.4644777018561 30.000000000000004
1631.4185141018963 30.000000000000004
1630.4644777018561 30.000000000000004
1629.9874595018364 30.000000000000004
1628.5564049017778 30.000000000000004
1628.5564049017778 30.000000000000004
1628.0793867017583 30.000000000000004
1624.2632411016093 30.000000000000004
1623.7862229015911 30.000000000000004
1625.2172775016456 30.000000000000004
1625.2172775016456 30.000000000000004
1625.2172775016456 30.000000000000004
1623.7862229015911 30.000000000000004
1625.2172775016456 30.000000000000004
1621.401131901503 30.000000000000004
1620.9241137014858 30.000000000000004
1619.9700773014517 30.000000000000004
1616.6309499013369 30.000000000000004
1615.676913501305 30.000000000000004
1613.2918225012281 30.000000000000004
1610.4297133011398 30.000000000000004
1610.4297133011398 30.000000000000004
1608.0446223010697 30.000000000000004
1605.1825131009894 30.000000000000004
1601.3663675008888 30.000000000000004
1598.0272401008067 30.000000000000004
1597.073203700784 30.000000000000004
1597.5502219007953 30.000000000000004
1595.1651309007405 30.000000000000004
1594.2110945007191 30.000000000000004
1589.9179307006289 30.000000000000004
1590.3949489006384 30.000000000000004
1588.4868761006005 30.000000000000004
1589.9179307006289 30.000000000000004
1589.4409125006193 30.000000000000004
1586.5788033005642 30.000000000000004
1585.6247669005468 30.000000000000004
1582.285639500488 30.000000000000004
1577.5154575004121 30.000000000000004
1577.038439300405 30.000000000000004
1575.607384700384 30.000000000000004
1573.222293700351 30.000000000000004
1572.7452755003446 30.000000000000004
1568.9291299002964 30.000000000000004
1567.0210571002742 30.000000000000004
1565.5900025002584 30.000000000000004
1562.7278933002285 30.000000000000004
1561.773856900219 30.000000000000004
1560.81982050021 30.000000000000004
1561.773856900219 30.000000000000004
1561.2968387002145 30.000000000000004
1558.9117477001926 30.000000000000004
1558.9117477001926 30.000000000000004
1556.5266567001722 30.000000000000004
1552.7105111001429 30.000000000000004
1552.7105111001429 30.000000000000004
1551.756474700136 30.000000000000004
1549.8484019001232 30.000000000000004
1548.8943655001171 30.000000000000004
1546.9862927001057 30.000000000000004
1546.0322563001002 30.000000000000004
1542.6931289000827 30.000000000000004
1538.3999651000636 30.000000000000004
1537.9229469000618 30.000000000000004
1536.0148741000544 30.000000000000004
1536.4918923000562 30.000000000000004
1536.0148741000544 30.000000000000004
1533.6297831000463 30.000000000000004
1530.2906557000365 30.000000000000004
1533.1527649000448 30.000000000000004
1531.7217103000405 30.000000000000004
1531.2446921000392 30.000000000000004
1530.2906557000365 30.000000000000004
1527.9055647000305 30.000000000000004
1527.9055647000305 30.000000000000004
1525.0434555000243 30.000000000000004
1523.6124009000216 30.000000000000004
1523.1353827000207 30.000000000000004
1518.8422189000141 30.000000000000004
1517.4111643000124 30.000000000000004
1515.9801097000106 30.000000000000004
1514.0720369000087 30.000000000000004
1510.2558913000057 30.000000000000004
1509.3018549000049 30.000000000000004
1508.3478185000042 30.000000000000004
1508.8248367000047 30.000000000000004
1509.7788731000053 30.000000000000004
1510.2558913000057 30.000000000000004
1509.3018549000049 30.000000000000004
1511.2099277000063 30.000000000000004
1509.3018549000049 30.000000000000004
1508.3478185000042 30.000000000000004
1507.870800300004 30.000000000000004
1505.4857093000028 30.000000000000004
1503.1006183000015 30.000000000000004
1503.1006183000015 30.000000000000004
1500.7155273000003 30.000000000000004
1501.1925455000005 30.000000000000004
1499.7614909 30.000000000000004
1499.7614909 30.000000000000004
1500.2385091 30.000000000000004
1502.146581900001 30.000000000000004
1500.7155273000003 30.000000000000004
1500.7155273000003 30.000000000000004
1500.7155273000003 30.000000000000004
1499.7614909 30.000000000000004
1499.7614909 30.000000000000004
1499.7614909 30.000000000000004
1497.3763998999987 30.000000000000004
1496.8993816999985 30.000000000000004
1495.945345299998 30.000000000000004
1494.9913088999976 30.000000000000004
1493.0832360999966 30.000000000000004
1494.9913088999976 30.000000000000004
1494.5142906999972 30.000000000000004
1495.945345299998 30.000000000000004
1494.9913088999976 30.000000000000004
1494.5142906999972 30.000000000000004
1495.4683270999979 30.000000000000004
1499.2844726999997 30.000000000000004
1498.8074544999995 30.000000000000004
1498.8074544999995 30.000000000000004
1499.2844726999997 30.000000000000004
1499.2844726999997 30.000000000000004
1499.7614909 30.000000000000004
1498.8074544999995 30.000000000000004
1498.3304362999993 30.000000000000004
1497.853418099999 30.000000000000004
1497.3763998999987 30.000000000000004
1497.853418099999 30.000000000000004
1496.8993816999985 30.000000000000004
1497.3763998999987 30.000000000000004
1496.8993816999985 30.000000000000004
1495.4683270999979 30.000000000000004
1494.9913088999976 30.000000000000004
1494.5142906999972 30.000000000000004
1495.4683270999979 30.000000000000004
1494.5142906999972 30.000000000000004
1494.5142906999972 30.000000000000004
1494.037272499997 30.000000000000004
1492.6062178999962 30.000000000000004
1491.6521814999958 30.000000000000004
1490.2211268999947 30.000000000000004
1490.6981450999951 30.000000000000004
1489.267090499994 30.000000000000004
1488.3130540999932 30.000000000000004
1488.7900722999937 30.000000000000004
1488.3130540999932 30.000000000000004
1486.4049812999917 30.000000000000004
1486.8819994999922 30.000000000000004
1485.9279630999913 30.000000000000004
1485.4509448999909 30.000000000000004
1484.9739266999902 30.000000000000004
1482.1118174999872 30.000000000000004
1483.0658538999883 30.000000000000004
1482.5888356999876 30.000000000000004
1481.6347992999865 30.000000000000004
1480.6807628999852 30.000000000000004
1480.2037446999846 30.000000000000004
1481.6347992999865 30.000000000000004
1480.6807628999852 30.000000000000004
1479.2497082999832 30.000000000000004
1478.2956718999817 30.000000000000004
1477.3416354999802 30.000000000000004
1476.8646172999793 30.000000000000004
1476.8646172999793 30.000000000000004
1475.4335626999766 30.000000000000004
1474.4795262999749 30.000000000000004
1474.4795262999749 30.000000000000004
1474.4795262999749 30.000000000000004
1473.5254898999729 30.000000000000004
1473.5254898999729 30.000000000000004
1473.0484716999717 30.000000000000004
1473.0484716999717 30.000000000000004
1471.6174170999684 30.000000000000004
1472.0944352999695 30.000000000000004
1472.5714534999706 30.000000000000004
1471.1403988999673 30.000000000000004
1470.1863624999648 30.000000000000004
1469.7093442999635 30.000000000000004
1468.7553078999608 30.000000000000004
1470.1863624999648 30.000000000000004
1470.663380699966 30.000000000000004
1470.663380699966 30.000000000000004
1470.1863624999648 30.000000000000004
1470.663380699966 30.000000000000004
1469.2323260999622 30.000000000000004
1467.8012714999581 30.000000000000004
1467.3242532999566 30.000000000000004
1467.085744199956 30.000000000000004
1466.6087259999545 30.000000000000004
1468.0397805999587 30.000000000000004
1468.9938169999616 30.000000000000004
1467.5627623999574 30.000000000000004
1467.085744199956 30.000000000000004
1466.131707799953 30.000000000000004
1466.6087259999545 30.000000000000004
1466.131707799953 30.000000000000004
1466.131707799953 30.000000000000004
1466.131707799953 30.000000000000004
1466.6087259999545 30.000000000000004
1464.700653199948 30.000000000000004
1462.792580399941 30.000000000000004
1461.8385439999374 30.000000000000004
1462.3155621999392 30.000000000000004
1463.2695985999428 30.000000000000004
1462.3155621999392 30.000000000000004
1462.3155621999392 30.000000000000004
1462.3155621999392 30.000000000000004
1462.3155621999392 30.000000000000004
1462.3155621999392 30.000000000000004
1461.3615257999354 30.000000000000004
1461.3615257999354 30.000000000000004
1461.3615257999354 30.000000000000004
1460.8845075999334 30.000000000000004
1460.4074893999314 30.000000000000004
1459.4534529999273 30.000000000000004
1459.4534529999273 30.000000000000004
1458.0223983999206 30.000000000000004
1457.5453801999183 30.000000000000004
1458.2609074999218 30.000000000000004
1458.2609074999218 30.000000000000004
1458.737925699924 30.000000000000004
1458.0223983999206 30.000000000000004
1457.5453801999183 30.000000000000004
1455.6373073999089 30.000000000000004
1456.1143255999114 30.000000000000004
1455.1602891999062 30.000000000000004
1453.9677436998998 30.000000000000004
1453.9677436998998 30.000000000000004
1454.921780099905 30.000000000000004
1454.921780099905 30.000000000000004
1455.3987982999074 30.000000000000004
1454.6832709999037 30.000000000000004
1455.1602891999062 30.000000000000004
1453.7292345998983 30.000000000000004
1454.6832709999037 30.000000000000004
1454.6832709999037 30.000000000000004
1454.6832709999037 30.000000000000004
1454.206252799901 30.000000000000004
1453.7292345998983 30.000000000000004
1453.2522163998956 30.000000000000004
1451.5826526998858 30.000000000000004
1452.5366890998914 30.000000000000004
1452.0596708998887 30.000000000000004
1453.0137072998943 30.000000000000004
1453.0137072998943 30.000000000000004
1452.5366890998914 30.000000000000004
1451.1056344998829 30.000000000000004
1451.1056344998829 30.000000000000004
1450.62861629988 30.000000000000004
1450.1515980998768 30.000000000000004
1450.62861629988 30.000000000000004
1450.62861629988 30.000000000000004
1451.5826526998858 30.000000000000004
1453.0137072998943 30.000000000000004
1452.5366890998914 30.000000000000004
1453.0137072998943 30.000000000000004
1453.490725499897 30.000000000000004
1453.9677436998998 30.000000000000004
1453.9677436998998 30.000000000000004
1454.921780099905 30.000000000000004
1453.490725499897 30.000000000000004
1452.5366890998914 30.000000000000004
1452.0596708998887 30.000000000000004
1452.5366890998914 30.000000000000004
1452.0596708998887 30.000000000000004
1451.5826526998858 30.000000000000004
1451.5826526998858 30.000000000000004
1451.5826526998858 30.000000000000004
1451.1056344998829 30.000000000000004
1452.5366890998914 30.000000000000004
1452.5366890998914 30.000000000000004
1452.0596708998887 30.000000000000004
1451.5826526998858 30.000000000000004
1450.1515980998768 30.000000000000004
1450.1515980998768 30.000000000000004
1448.7205434998673 30.000000000000004
1448.243525299864 30.000000000000004
1448.7205434998673 30.000000000000004
1448.7205434998673 30.000000000000004
1448.7205434998673 30.000000000000004
1448.7205434998673 30.000000000000004
1448.7205434998673 30.000000000000004
1448.243525299864 30.000000000000004
1447.2894888998571 30.000000000000004
1446.8124706998537 30.000000000000004
1445.8584342998465 30.000000000000004
1446.3354524998501 30.000000000000004
1446.8124706998537 30.000000000000004
1446.3354524998501 30.000000000000004
1446.3354524998501 30.000000000000004
1448.243525299864 30.000000000000004
1447.7665070998605 30.000000000000004
1448.7205434998673 30.000000000000004
1448.7205434998673 30.000000000000004
1449.1975616998704 30.000000000000004
1449.1975616998704 30.000000000000004
1448.7205434998673 30.000000000000004
1449.1975616998704 30.000000000000004
1450.62861629988 30.000000000000004
1450.1515980998768 30.000000000000004
1449.6745798998736 30.000000000000004
1450.62861629988 30.000000000000004
1450.62861629988 30.000000000000004
1450.62861629988 30.000000000000004
1453.490725499897 30.000000000000004
1453.0137072998943 30.000000000000004
1451.5826526998858 30.000000000000004
1452.0596708998887 30.000000000000004
1453.490725499897 30.000000000000004
1453.490725499897 30.000000000000004
1453.9677436998998 30.000000000000004
1453.0137072998943 30.000000000000004
1453.490725499897 30.000000000000004
1453.9677436998998 30.000000000000004
1455.3987982999074 30.000000000000004
1455.8758164999101 30.000000000000004
1455.3987982999074 30.000000000000004
1455.3987982999074 30.000000000000004
1455.8758164999101 30.000000000000004
1455.8758164999101 30.000000000000004
1454.4447618999025 30.000000000000004
1455.3987982999074 30.000000000000004
1456.3528346999124 30.000000000000004
1456.3528346999124 30.000000000000004
1456.3528346999124 30.000000000000004
1456.3528346999124 30.000000000000004
1455.8758164999101 30.000000000000004
1455.8758164999101 30.000000000000004
1455.6373073999089 30.000000000000004
1455.6373073999089 30.000000000000004
1454.6832709999037 30.000000000000004
1454.206252799901 30.000000000000004
1453.490725499897 30.000000000000004
1453.0137072998943 30.000000000000004
1451.5826526998858 30.000000000000004
1451.5826526998858 30.000000000000004
1451.5826526998858 30.000000000000004
1451.5826526998858 30.000000000000004
1451.5826526998858 30.000000000000004
1451.3441435998843 30.000000000000004
1451.3441435998843 30.000000000000004
1450.1515980998768 30.000000000000004
1449.913088999875 30.000000000000004
1449.913088999875 30.000000000000004
1449.913088999875 30.000000000000004
1449.4360707998721 30.000000000000004
1449.6745798998736 30.000000000000004
1449.6745798998736 30.000000000000004
1451.5826526998858 30.000000000000004
1451.3441435998843 30.000000000000004
1451.3441435998843 30.000000000000004
1450.8671253998814 30.000000000000004
1450.3901071998782 30.000000000000004
1449.913088999875 30.000000000000004
1451.5826526998858 30.000000000000004
1450.8671253998814 30.000000000000004
1450.8671253998814 30.000000000000004
1450.8671253998814 30.000000000000004
1451.3441435998843 30.000000000000004
1451.3441435998843 30.000000000000004
1450.8671253998814 30.000000000000004
1450.8671253998814 30.000000000000004
1450.8671253998814 30.000000000000004
1450.3901071998782 30.000000000000004
1451.8211617998872 30.000000000000004
1451.8211617998872 30.000000000000004
1451.8211617998872 30.000000000000004
1451.8211617998872 30.000000000000004
1452.2981799998902 30.000000000000004
1452.7751981998929 30.000000000000004
1452.7751981998929 30.000000000000004
1452.7751981998929 30.000000000000004
1453.2522163998956 30.000000000000004
1453.7292345998983 30.000000000000004
1452.2981799998902 30.000000000000004
1451.3441435998843 30.000000000000004
1451.8211617998872 30.000000000000004
1451.8211617998872 30.000000000000004
1451.8211617998872 30.000000000000004
1451.5826526998858 30.000000000000004
1452.0596708998887 30.000000000000004
1452.0596708998887 30.000000000000004
1452.0596708998887 30.000000000000004
1452.0596708998887 30.000000000000004
1452.0596708998887 30.000000000000004
1452.0596708998887 30.000000000000004
1452.0596708998887 30.000000000000004
1452.5366890998914 30.000000000000004
1452.7751981998929 30.000000000000004
1452.7751981998929 30.000000000000004
1452.7751981998929 30.000000000000004
1452.7751981998929 30.000000000000004
1452.2981799998902 30.000000000000004
1451.8211617998872 30.000000000000004
1451.3441435998843 30.000000000000004
1451.3441435998843 30.000000000000004
1451.8211617998872 30.000000000000004
1450.8671253998814 30.000000000000004
1450.3901071998782 30.000000000000004
1449.913088999875 30.000000000000004
1450.3901071998782 30.000000000000004
1449.4360707998721 30.000000000000004
1449.4360707998721 30.000000000000004
1448.9590525998688 30.000000000000004
1448.9590525998688 30.000000000000004
1448.9590525998688 30.000000000000004
1448.4820343998656 30.000000000000004
1448.4820343998656 30.000000000000004
1448.0050161998622 30.000000000000004
1448.4820343998656 30.000000000000004
1448.9590525998688 30.000000000000004
1448.9590525998688 30.000000000000004
1448.4820343998656 30.000000000000004
1448.4820343998656 30.000000000000004
1448.9590525998688 30.000000000000004
1448.9590525998688 30.000000000000004
1448.4820343998656 30.000000000000004
1448.0050161998622 30.000000000000004
1448.4820343998656 30.000000000000004
1448.0050161998622 30.000000000000004
1447.2894888998571 30.000000000000004
1446.3354524998501 30.000000000000004
1446.8124706998537 30.000000000000004
1446.3354524998501 30.000000000000004
1445.8584342998465 30.000000000000004
1445.8584342998465 30.000000000000004
1445.8584342998465 30.000000000000004
1446.3354524998501 30.000000000000004
1446.8124706998537 30.000000000000004
1446.8124706998537 30.000000000000004
1446.8124706998537 30.000000000000004
1446.8124706998537 30.000000000000004
1447.7665070998605 30.000000000000004
1447.7665070998605 30.000000000000004
1448.243525299864 30.000000000000004
1448.243525299864 30.000000000000004
1448.243525299864 30.000000000000004
1448.243525299864 30.000000000000004
1448.7205434998673 30.000000000000004
1448.243525299864 30.000000000000004
1448.243525299864 30.000000000000004
1447.7665070998605 30.000000000000004
1447.7665070998605 30.000000000000004
1447.7665070998605 30.000000000000004
1447.2894888998571 30.000000000000004
1447.2894888998571 30.000000000000004
1446.8124706998537 30.000000000000004
1446.3354524998501 30.000000000000004
1446.3354524998501 30.000000000000004
1445.3814160998431 30.000000000000004
1445.3814160998431 30.000000000000004
1445.3814160998431 30.000000000000004
1445.3814160998431 30.000000000000004
1444.4273796998355 30.000000000000004
1444.4273796998355 30.000000000000004
1443.9503614998318 30.000000000000004
1443.4733432998278 30.000000000000004
1443.9503614998318 30.000000000000004
1443.4733432998278 30.000000000000004
1443.4733432998278 30.000000000000004
1442.996325099824 30.000000000000004
1442.5193068998199 30.000000000000004
1442.0422886998158 30.000000000000004
1442.0422886998158 30.000000000000004
1440.6112340998034 30.000000000000004
1439.18017949979 30.000000000000004
1438.226143099781 30.000000000000004
1438.226143099781 30.000000000000004
1437.7491248997762 30.000000000000004
1436.7950884997667 30.000000000000004
1436.7950884997667 30.000000000000004
1435.841052099757 30.000000000000004
1435.364033899752 30.000000000000004
1435.841052099757 30.000000000000004
1435.841052099757 30.000000000000004
1435.841052099757 30.000000000000004
1435.364033899752 30.000000000000004
1434.4099974997416 30.000000000000004
1434.4099974997416 30.000000000000004
1434.8870156997468 30.000000000000004
1434.4099974997416 30.000000000000004
1433.4559610997312 30.000000000000004
1433.4559610997312 30.000000000000004
1432.024906499715 30.000000000000004
1432.9789428997258 30.000000000000004
1433.4559610997312 30.000000000000004
1432.5019246997203 30.000000000000004
1432.024906499715 30.000000000000004
1432.024906499715 30.000000000000004
1432.5019246997203 30.000000000000004
1432.024906499715 30.000000000000004
1431.5478882997093 30.000000000000004
1431.5478882997093 30.000000000000004
1432.5019246997203 30.000000000000004
1433.4559610997312 30.000000000000004
1432.9789428997258 30.000000000000004
1432.9789428997258 30.000000000000004
1432.5019246997203 30.000000000000004
1432.5019246997203 30.000000000000004
1431.5478882997093 30.000000000000004
1431.0708700997036 30.000000000000004
1430.5938518996977 30.000000000000004
1430.116833699692 30.000000000000004
1429.16279729968 30.000000000000004
1429.16279729968 30.000000000000004
1429.6398154996862 30.000000000000004
1429.16279729968 30.000000000000004
1429.16279729968 30.000000000000004
1428.685779099674 30.000000000000004
1428.685779099674 30.000000000000004
1429.16279729968 30.000000000000004
1427.7317426996617 30.000000000000004
1427.7317426996617 30.000000000000004
1427.7317426996617 30.000000000000004
1427.2547244996554 30.000000000000004
1427.7317426996617 30.000000000000004
1427.2547244996554 30.000000000000004
1427.2547244996554 30.000000000000004
1427.7317426996617 30.000000000000004
1429.16279729968 30.000000000000004
1429.6398154996862 30.000000000000004
1429.6398154996862 30.000000000000004
1430.5938518996977 30.000000000000004
1430.116833699692 30.000000000000004
1430.5938518996977 30.000000000000004
1428.685779099674 30.000000000000004
1429.16279729968 30.000000000000004
1429.16279729968 30.000000000000004
1428.2087608996678 30.000000000000004
1428.2087608996678 30.000000000000004
1427.7317426996617 30.000000000000004
1427.2547244996554 30.000000000000004
1427.2547244996554 30.000000000000004
1427.016215399652 30.000000000000004
1426.5391971996457 30.000000000000004
1425.5851607996328 30.000000000000004
1425.3466516996293 30.000000000000004
1425.3466516996293 30.000000000000004
1424.392615299616 30.000000000000004
1424.392615299616 30.000000000000004
1424.392615299616 30.000000000000004
1423.915597099609 30.000000000000004
1423.915597099609 30.000000000000004
1423.915597099609 30.000000000000004
1423.915597099609 30.000000000000004
1423.4385788996021 30.000000000000004
1423.4385788996021 30.000000000000004
1423.915597099609 30.000000000000004
1423.4385788996021 30.000000000000004
1422.4845424995879 30.000000000000004
1422.961560699595 30.000000000000004
1422.0075242995806 30.000000000000004
1422.961560699595 30.000000000000004
1422.961560699595 30.000000000000004
1422.4845424995879 30.000000000000004
1422.4845424995879 30.000000000000004
1422.0075242995806 30.000000000000004
1422.0075242995806 30.000000000000004
1421.5305060995734 30.000000000000004
1421.053487899566 30.000000000000004
1421.053487899566 30.000000000000004
1419.6224332995434 30.000000000000004
1419.1454150995355 30.000000000000004
1418.4298877995238 30.000000000000004
1418.4298877995238 30.000000000000004
1417.952869599516 30.000000000000004
1417.4758513995077 30.000000000000004
1417.4758513995077 30.000000000000004
1416.9988331994998 30.000000000000004
1416.0447967994833 30.000000000000004
1416.0447967994833 30.000000000000004
1416.0447967994833 30.000000000000004
1416.0447967994833 30.000000000000004
1416.0447967994833 30.000000000000004
1415.5677785994747 30.000000000000004
1415.5677785994747 30.000000000000004
1415.5677785994747 30.000000000000004
1415.5677785994747 30.000000000000004
1415.5677785994747 30.000000000000004
1414.136723999449 30.000000000000004
1414.136723999449 30.000000000000004
1413.6597057994402 30.000000000000004
1413.1826875994313 30.000000000000004
1413.1826875994313 30.000000000000004
1412.7056693994223 30.000000000000004
1412.7056693994223 30.000000000000004
1412.7056693994223 30.000000000000004
1412.7056693994223 30.000000000000004
1413.6597057994402 30.000000000000004
1413.1826875994313 30.000000000000004
1413.1826875994313 30.000000000000004
1413.1826875994313 30.000000000000004
1413.1826875994313 30.000000000000004
1412.2286511994132 30.000000000000004
1411.7516329994041 30.000000000000004
1410.7975965993853 30.000000000000004
1411.2746147993948 30.000000000000004
1412.2286511994132 30.000000000000004
1411.2746147993948 30.000000000000004
1410.7975965993853 30.000000000000004
1409.8435601993663 30.000000000000004
1410.7975965993853 30.000000000000004
1410.7975965993853 30.000000000000004
1411.2746147993948 30.000000000000004
1410.7975965993853 30.000000000000004
1409.3665419993567 30.000000000000004
1408.889523799347 30.000000000000004
1409.3665419993567 30.000000000000004
1408.412505599337 30.000000000000004
1407.935487399327 30.000000000000004
1407.935487399327 30.000000000000004
1407.4584691993168 30.000000000000004
1406.5044327992964 30.000000000000004
1405.5503963992755 30.000000000000004
1404.5963599992542 30.000000000000004
1404.1193417992433 30.000000000000004
1404.1193417992433 30.000000000000004
1403.1653053992216 30.000000000000004
1402.6882871992102 30.000000000000004
1402.211268999199 30.000000000000004
1402.211268999199 30.000000000000004
1401.7342507991877 30.000000000000004
1401.7342507991877 30.000000000000004
1401.7342507991877 30.000000000000004
1401.7342507991877 30.000000000000004
1401.2572325991764 30.000000000000004
1401.2572325991764 30.000000000000004
1401.2572325991764 30.000000000000004
1401.2572325991764 30.000000000000004
1401.2572325991764 30.000000000000004
1400.7802143991646 30.000000000000004
1400.5417052991588 30.000000000000004
1400.5417052991588 30.000000000000004
1400.064687099147 30.000000000000004
1400.064687099147 30.000000000000004
1400.5417052991588 30.000000000000004
1400.064687099147 30.000000000000004
1400.064687099147 30.000000000000004
1400.064687099147 30.000000000000004
1400.064687099147 30.000000000000004
1400.064687099147 30.000000000000004
1400.5417052991588 30.000000000000004
1399.8261779991412 30.000000000000004
1399.3491597991294 30.000000000000004
1399.3491597991294 30.000000000000004
1398.8721415991172 30.000000000000004
1398.8721415991172 30.000000000000004
1398.3951233991052 30.000000000000004
1398.3951233991052 30.000000000000004
1398.3951233991052 30.000000000000004
1397.918105199093 30.000000000000004
1397.918105199093 30.000000000000004
1397.4410869990807 30.000000000000004
1396.9640687990682 30.000000000000004
1396.4870505990557 30.000000000000004
1394.5789777990042 30.000000000000004
1394.5789777990042 30.000000000000004
1394.5789777990042 30.000000000000004
1394.5789777990042 30.000000000000004
1394.3404686989975 30.000000000000004
1394.3404686989975 30.000000000000004
1394.3404686989975 30.000000000000004
1394.3404686989975 30.000000000000004
1393.8634504989843 30.000000000000004
1393.8634504989843 30.000000000000004
1393.8634504989843 30.000000000000004
1393.8634504989843 30.000000000000004
1393.8634504989843 30.000000000000004
1393.8634504989843 30.000000000000004
1392.6709049989508 30.000000000000004
1392.1938867989372 30.000000000000004
1391.7168685989234 30.000000000000004
1391.7168685989234 30.000000000000004
1391.7168685989234 30.000000000000004
1391.7168685989234 30.000000000000004
1391.7168685989234 30.000000000000004
1391.2398503989095 30.000000000000004
1391.2398503989095 30.000000000000004
1390.7628321988957 30.000000000000004
1390.7628321988957 30.000000000000004
1390.7628321988957 30.000000000000004
1390.7628321988957 30.000000000000004
1390.2858139988816 30.000000000000004
1390.2858139988816 30.000000000000004
1390.0473048988745 30.000000000000004
1390.0473048988745 30.000000000000004
1389.5702866988602 30.000000000000004
1389.5702866988602 30.000000000000004
1389.5702866988602 30.000000000000004
1389.5702866988602 30.000000000000004
1389.0932684988456 30.000000000000004
1389.0932684988456 30.000000000000004
1389.0932684988456 30.000000000000004
1389.0932684988456 30.000000000000004
1389.0932684988456 30.000000000000004
1388.6162502988311 30.000000000000004
1388.1392320988166 30.000000000000004
1387.6622138988018 30.000000000000004
1387.6622138988018 30.000000000000004
1387.6622138988018 30.000000000000004
1387.6622138988018 30.000000000000004
1387.6622138988018 30.000000000000004
1387.6622138988018 30.000000000000004
1387.6622138988018 30.000000000000004
1387.6622138988018 30.000000000000004
1387.1851956987869 30.000000000000004
1387.1851956987869 30.000000000000004
1387.1851956987869 30.000000000000004
1386.7081774987719 30.000000000000004
1386.7081774987719 30.000000000000004
1385.5156319987339 30.000000000000004
1385.5156319987339 30.000000000000004
1385.5156319987339 30.000000000000004
1385.5156319987339 30.000000000000004
1385.5156319987339 30.000000000000004
1385.5156319987339 30.000000000000004
1385.5156319987339 30.000000000000004
1385.5156319987339 30.000000000000004
1385.5156319987339 30.000000000000004
1384.5615955987028 30.000000000000004
1384.5615955987028 30.000000000000004
1384.5615955987028 30.000000000000004
1384.5615955987028 30.000000000000004
1383.6075591986712 30.000000000000004
1382.1765045986228 30.000000000000004
1382.1765045986228 30.000000000000004
1382.1765045986228 30.000000000000004
1382.1765045986228 30.000000000000004
1382.1765045986228 30.000000000000004
1381.6994863986065 30.000000000000004
1381.6994863986065 30.000000000000004
1381.6994863986065 30.000000000000004
1381.6994863986065 30.000000000000004
1382.1765045986228 30.000000000000004
1382.1765045986228 30.000000000000004
1382.1765045986228 30.000000000000004
1382.1765045986228 30.000000000000004
1382.1765045986228 30.000000000000004
1382.1765045986228 30.000000000000004
1382.1765045986228 30.000000000000004
1382.1765045986228 30.000000000000004
1383.1305409986553 30.000000000000004
1383.1305409986553 30.000000000000004
1383.1305409986553 30.000000000000004
1383.1305409986553 30.000000000000004
1383.1305409986553 30.000000000000004
1383.1305409986553 30.000000000000004
1382.6535227986392 30.000000000000004
1382.1765045986228 30.000000000000004
1382.1765045986228 30.000000000000004
1382.1765045986228 30.000000000000004
1382.1765045986228 30.000000000000004
1382.1765045986228 30.000000000000004
1381.6994863986065 30.000000000000004
1381.6994863986065 30.000000000000004
1381.6994863986065 30.000000000000004
1381.6994863986065 30.000000000000004
1381.6994863986065 30.000000000000004
1380.7454499985733 30.000000000000004
1380.2684317985568 30.000000000000004
1379.7914135985397 30.000000000000004
1379.3143953985227 30.000000000000004
1379.3143953985227 30.000000000000004
1379.3143953985227 30.000000000000004
1379.3143953985227 30.000000000000004
1378.3603589984882 30.000000000000004
1378.3603589984882 30.000000000000004
1378.3603589984882 30.000000000000004
1378.3603589984882 30.000000000000004
1377.883340798471 30.000000000000004
1377.883340798471 30.000000000000004
1377.883340798471 30.000000000000004
1377.883340798471 30.000000000000004
1377.4063225984532 30.000000000000004
1377.4063225984532 30.000000000000004
1377.4063225984532 30.000000000000004
1376.9293043984358 30.000000000000004
1376.9293043984358 30.000000000000004
1376.9293043984358 30.000000000000004
1375.4982497983817 30.000000000000004
1375.4982497983817 30.000000000000004
1375.4982497983817 30.000000000000004
1374.5442133983452 30.000000000000004
1374.0671951983265 30.000000000000004
1372.6361405982702 30.000000000000004
1371.682104198232 30.000000000000004
1371.2050859982126 30.000000000000004
1370.2510495981735 30.000000000000004
1369.2970131981338 30.000000000000004
1368.3429767980936 30.000000000000004
1368.3429767980936 30.000000000000004
1368.3429767980936 30.000000000000004
1367.3889403980527 30.000000000000004
1366.9119221980318 30.000000000000004
1366.4349039980111 30.000000000000004
1365.0038493979478 30.000000000000004
1364.049812997905 30.000000000000004
1364.049812997905 30.000000000000004
1363.0957765978615 30.000000000000004
1362.6187583978394 30.000000000000004
1362.6187583978394 30.000000000000004
1361.664721997795 30.000000000000004
1361.1877037977724 30.000000000000004
1360.233667397727 30.000000000000004
1360.233667397727 30.000000000000004
1360.233667397727 30.000000000000004
1359.2796309976811 30.000000000000004
1359.2796309976811 30.000000000000004
1359.2796309976811 30.000000000000004
1358.3255945976346 30.000000000000004
1357.3715581975873 30.000000000000004
1357.3715581975873 30.000000000000004
1356.8945399975635 30.000000000000004
1355.9405035975153 30.000000000000004
1355.9405035975153 30.000000000000004
1355.463485397491 30.000000000000004
1354.5094489974417 30.000000000000004
1353.078394397367 30.000000000000004
1351.1703215972648 30.000000000000004
1350.2162851972128 30.000000000000004
1349.7392669971864 30.000000000000004
1349.26224879716 30.000000000000004
1348.7852305971335 30.000000000000004
1348.0697032970932 30.000000000000004
1347.1156668970389 30.000000000000004
1346.6386486970116 30.000000000000004
1346.6386486970116 30.000000000000004
1346.6386486970116 30.000000000000004
1346.1616304969841 30.000000000000004
1345.2075940969285 30.000000000000004
1344.7305758969005 30.000000000000004
1344.7305758969005 30.000000000000004
1344.7305758969005 30.000000000000004
1343.776539496844 30.000000000000004
1342.3454848967576 30.000000000000004
1342.3454848967576 30.000000000000004
1341.8684666967288 30.000000000000004
1341.8684666967288 30.000000000000004
1340.91443029667 30.000000000000004
1340.675921196655 30.000000000000004
1339.7218847965955 30.000000000000004
1339.2448665965655 30.000000000000004
1337.3367937964435 30.000000000000004
1337.3367937964435 30.000000000000004
1337.3367937964435 30.000000000000004
1336.8597755964126 30.000000000000004
1335.9057391963502 30.000000000000004
1335.9057391963502 30.000000000000004
1335.9057391963502 30.000000000000004
1334.951702796287 30.000000000000004
1334.951702796287 30.000000000000004
1334.4746845962552 30.000000000000004
1333.5206481961911 30.000000000000004
1333.0436299961586 30.000000000000004
1332.0895935960932 30.000000000000004
1331.6125753960605 30.000000000000004
1332.0895935960932 30.000000000000004
1331.135557196027 30.000000000000004
1331.135557196027 30.000000000000004
1331.135557196027 30.000000000000004
1330.658538995994 30.000000000000004
1329.7045025959267 30.000000000000004
1329.2274843958928 30.000000000000004
1328.7504661958587 30.000000000000004
1328.7504661958587 30.000000000000004
1328.7504661958587 30.000000000000004
1328.2734479958244 30.000000000000004
1327.7964297957901 30.000000000000004
1326.603884295703 30.000000000000004
1326.126866095668 30.000000000000004
1325.6498478956325 30.000000000000004
1325.172829695597 30.000000000000004
1325.172829695597 30.000000000000004
1324.6958114955614 30.000000000000004
1323.264756895453 30.000000000000004
1323.7417750954896 30.000000000000004
1322.31072049538 30.000000000000004
1321.3566840953063 30.000000000000004
1320.8796658952688 30.000000000000004
1320.4026476952315 30.000000000000004
1320.4026476952315 30.000000000000004
1319.4486112951558 30.000000000000004
1319.4486112951558 30.000000000000004
1319.9256294951938 30.000000000000004
1319.4486112951558 30.000000000000004
1318.971593095118 30.000000000000004
1318.4945748950797 30.000000000000004
1318.017556695041 30.000000000000004
1317.5405384950025 30.000000000000004
1317.5405384950025 30.000000000000004
1316.5865020949248 30.000000000000004
1316.1094838948854 30.000000000000004
1315.6324656948461 30.000000000000004
1315.1554474948064 30.000000000000004
1314.9169383947865 30.000000000000004
1314.9169383947865 30.000000000000004
1314.9169383947865 30.000000000000004
1314.4399201947467 30.000000000000004
1314.6784292947666 30.000000000000004
1313.7243928946864 30.000000000000004
1313.7243928946864 30.000000000000004
1313.7243928946864 30.000000000000004
1312.7703564946053 30.000000000000004
1312.7703564946053 30.000000000000004
1312.7703564946053 30.000000000000004
1312.2933382945644 30.000000000000004
1311.8163200945232 30.000000000000004
1311.8163200945232 30.000000000000004
1312.0548291945438 30.000000000000004
1311.5778109945027 30.000000000000004
1311.5778109945027 30.000000000000004
1311.1007927944613 30.000000000000004
1311.1007927944613 30.000000000000004
1311.1007927944613 30.000000000000004
1310.6237745944197 30.000000000000004
1310.6237745944197 30.000000000000004
1310.6237745944197 30.000000000000004
1310.146756394378 30.000000000000004
1310.146756394378 30.000000000000004
1310.146756394378 30.000000000000004
1310.146756394378 30.000000000000004
1310.146756394378 30.000000000000004
1309.6697381943359 30.000000000000004
1309.6697381943359 30.000000000000004
1309.6697381943359 30.000000000000004
1309.6697381943359 30.000000000000004
1309.6697381943359 30.000000000000004
1309.6697381943359 30.000000000000004
1309.6697381943359 30.000000000000004
1309.6697381943359 30.000000000000004
1309.6697381943359 30.000000000000004
