iEACOP
1598.0272401008067 30.000000000000004
1502.146581900001 30.000000000000004
1679.5973523047685 30.000000000000004
1771.6618649163322 30.000000000000004
1796.9438295213022 30.000000000000004
1822.2257941271932 30.000000000000004
1825.5649215280444 30.000000000000004
1835.582303730704 30.000000000000004
1833.197212730056 30.000000000000004
1846.5537223338044 30.000000000000004
1840.829503932162 30.000000000000004
1841.783540332432 30.000000000000004
1841.783540332432 30.000000000000004
1847.9847769342236 30.000000000000004
1840.3524857320276 30.000000000000004
1842.7375767327035 30.000000000000004
1843.2145949328396 30.000000000000004
1846.5537223338044 30.000000000000004
1844.645649533251 30.000000000000004
1841.783540332432 30.000000000000004
1843.2145949328396 30.000000000000004
1841.3065221322968 30.000000000000004
1843.6916131329763 30.000000000000004
1842.7375767327035 30.000000000000004
1841.3065221322968 30.000000000000004
1840.829503932162 30.000000000000004
1834.6282673304438 30.000000000000004
1836.0593219308348 30.000000000000004
1833.6742309301849 30.000000000000004
1835.1052855305738 30.000000000000004
1831.7661581296718 30.000000000000004
1832.7201945299275 30.000000000000004
1827.950012528663 30.000000000000004
1828.427030728788 30.000000000000004
1825.0879033279216 30.000000000000004
1820.7947395268338 30.000000000000004
1820.7947395268338 30.000000000000004
1820.7947395268338 30.000000000000004
1817.9326303261246 30.000000000000004
1816.0245575256588 30.000000000000004
1809.8233209241832 30.000000000000004
1810.3003391242946 30.000000000000004
1809.8233209241832 30.000000000000004
1808.3922663238511 30.000000000000004
1805.5301571231957 30.000000000000004
1801.2369933222358 30.000000000000004
1797.8978659215074 30.000000000000004
1790.742592920001 30.000000000000004
1788.8345201196116 30.000000000000004
1785.972410919037 30.000000000000004
1780.725210718013 30.000000000000004
1781.6792471181961 30.000000000000004
1777.3860833173808 30.000000000000004
1779.2941561177402 30.000000000000004
1777.3860833173808 30.000000000000004
1775.4780105170264 30.000000000000004
1778.34011971756 30.000000000000004
1777.86310151747 30.000000000000004
1774.0469559167636 30.000000000000004
1775.4780105170264 30.000000000000004
1776.9090651172917 30.000000000000004
1775.0009923169387 30.000000000000004
1775.4780105170264 30.000000000000004
1777.3860833173808 30.000000000000004
1776.432046917203 30.000000000000004
1776.9090651172917 30.000000000000004
1777.3860833173808 30.000000000000004
1775.0009923169387 30.000000000000004
1775.0009923169387 30.000000000000004
1770.2308103160767 30.000000000000004
1768.799755715824 30.000000000000004
1765.9376465153264 30.000000000000004
1765.9376465153264 30.000000000000004
1767.8457193156569 30.000000000000004
1766.8916829154912 30.000000000000004
1766.4146647154087 30.000000000000004
1764.5065919150818 30.000000000000004
1763.0755373148397 30.000000000000004
1762.1215009146797 30.000000000000004
1761.6444827146001 30.000000000000004
1760.2134281143633 30.000000000000004
1758.3053553140514 30.000000000000004
1757.351318913897 30.000000000000004
1754.9662279135166 30.000000000000004
1754.0121915133664 30.000000000000004
1752.581136913143 30.000000000000004
1749.719027712704 30.000000000000004
1749.2420095126317 30.000000000000004
1747.8109549124167 30.000000000000004
1747.3339367123458 30.000000000000004
1749.2420095126317 30.000000000000004
1746.856918512275 30.000000000000004
1747.8109549124167 30.000000000000004
1747.3339367123458 30.000000000000004
1744.4718275119249 30.000000000000004
1743.9948093118555 30.000000000000004
1742.0867365115814 30.000000000000004
1738.270590911046 30.000000000000004
1737.3165545109148 30.000000000000004
1738.7476091111118 30.000000000000004
1741.132700111446 30.000000000000004
1740.6556819113787 30.000000000000004
1740.1786637113114 30.000000000000004
1742.5637547116496 30.000000000000004
1743.5177911117867 30.000000000000004
1744.9488457119942 30.000000000000004
1743.9948093118555 30.000000000000004
1743.5177911117867 30.000000000000004
1744.9488457119942 30.000000000000004
1745.425863912064 30.000000000000004
1750.1960459127765 30.000000000000004
1752.581136913143 30.000000000000004
1753.5351733132916 30.000000000000004
1753.0581551132173 30.000000000000004
1751.1500823129222 30.000000000000004
1751.1500823129222 30.000000000000004
1749.719027712704 30.000000000000004
1751.6271005129956 30.000000000000004
1750.6730641128493 30.000000000000004
1749.719027712704 30.000000000000004
1749.2420095126317 30.000000000000004
1748.287973112488 30.000000000000004
1748.76499131256 30.000000000000004
1747.8109549124167 30.000000000000004
1746.3799003122044 30.000000000000004
1745.425863912064 30.000000000000004
1744.4718275119249 30.000000000000004
1741.132700111446 30.000000000000004
1741.132700111446 30.000000000000004
1741.132700111446 30.000000000000004
1739.2246273111782 30.000000000000004
1737.7935727109802 30.000000000000004
1734.9314635105911 30.000000000000004
1736.8395363108496 30.000000000000004
1735.4084817106555 30.000000000000004
1733.9774271104636 30.000000000000004
1733.5004089104002 30.000000000000004
1731.115317910087 30.000000000000004
1733.5004089104002 30.000000000000004
1733.5004089104002 30.000000000000004
1732.0693543102113 30.000000000000004
1732.0693543102113 30.000000000000004
1729.207245109841 30.000000000000004
1726.8221541095393 30.000000000000004
1726.8221541095393 30.000000000000004
1728.7302269097802 30.000000000000004
1727.299172309599 30.000000000000004
1726.3451359094797 30.000000000000004
1725.8681177094204 30.000000000000004
1725.3910995093613 30.000000000000004
1724.9140813093024 30.000000000000004
1722.528990309012 30.000000000000004
1719.6668811086713 30.000000000000004
1719.1898629086154 30.000000000000004
1717.2817901083943 30.000000000000004
1716.8047719083395 30.000000000000004
1714.8966991081231 30.000000000000004
1713.9426627080163 30.000000000000004
1710.6035353076502 30.000000000000004
1709.1724807074966 30.000000000000004
1705.3563351070975 30.000000000000004
1705.8333533071466 30.000000000000004
1703.4482623069032 30.000000000000004
1701.0631713066657 30.000000000000004
1699.6321167065257 30.000000000000004
1697.2470257062969 30.000000000000004
1693.9078983059858 30.000000000000004
1692.9538619058987 30.000000000000004
1691.52280730577 30.000000000000004
1690.5687709056851 30.000000000000004
1687.7066617054356 30.000000000000004
1687.7066617054356 30.000000000000004
1687.7066617054356 30.000000000000004
1686.2756071053136 30.000000000000004
1686.2756071053136 30.000000000000004
1683.8905161051146 30.000000000000004
1680.5513887048442 30.000000000000004
1680.5513887048442 30.000000000000004
1680.0743705048062 30.000000000000004
1678.6433159046937 30.000000000000004
1679.1203341047312 30.000000000000004
1678.6433159046937 30.000000000000004
1677.2122613045833 30.000000000000004
1678.1662977046567 30.000000000000004
1677.68927950462 30.000000000000004
1677.2122613045833 30.000000000000004
1676.735243104547 30.000000000000004
1675.3041885044386 30.000000000000004
1675.7812067044745 30.000000000000004
1675.3041885044386 30.000000000000004
1674.827170304403 30.000000000000004
1673.873133904332 30.000000000000004
1673.873133904332 30.000000000000004
1674.827170304403 30.000000000000004
1675.7812067044745 30.000000000000004
1675.7812067044745 30.000000000000004
1675.3041885044386 30.000000000000004
1676.2582249045104 30.000000000000004
1675.3041885044386 30.000000000000004
1673.873133904332 30.000000000000004
1671.9650611041927 30.000000000000004
1671.9650611041927 30.000000000000004
1671.9650611041927 30.000000000000004
1671.4880429041584 30.000000000000004
1671.011024704124 30.000000000000004
1670.0569883040564 30.000000000000004
1668.6259337039562 30.000000000000004
1668.6259337039562 30.000000000000004
1667.1948791038576 30.000000000000004
1666.717860903825 30.000000000000004
1664.809788103697 30.000000000000004
1662.424697103541 30.000000000000004
1661.4706607034798 30.000000000000004
1659.5625879033596 30.000000000000004
1659.08556970333 30.000000000000004
1657.1774969032133 30.000000000000004
1656.7004787031847 30.000000000000004
1658.1315333032712 30.000000000000004
1657.1774969032133 30.000000000000004
1657.1774969032133 30.000000000000004
1655.7464423031277 30.000000000000004
1654.3153877030436 30.000000000000004
1652.4073149029339 30.000000000000004
1652.4073149029339 30.000000000000004
1652.8843331029611 30.000000000000004
1651.45327850288 30.000000000000004
1650.9762603028532 30.000000000000004
1650.0222239028003 30.000000000000004
1649.5452057027742 30.000000000000004
1649.5452057027742 30.000000000000004
1649.068187502748 30.000000000000004
1648.1141511026967 30.000000000000004
1647.1601147026456 30.000000000000004
1648.1141511026967 30.000000000000004
1648.1141511026967 30.000000000000004
1647.637132902671 30.000000000000004
1648.5911693027224 30.000000000000004
1648.1141511026967 30.000000000000004
1648.1141511026967 30.000000000000004
1650.4992421028267 30.000000000000004
1650.0222239028003 30.000000000000004
1647.637132902671 30.000000000000004
1648.1141511026967 30.000000000000004
1648.1141511026967 30.000000000000004
1646.2060783025954 30.000000000000004
1642.8669509024246 30.000000000000004
1641.9129145023771 30.000000000000004
1641.4358963023537 30.000000000000004
1641.4358963023537 30.000000000000004
1639.5278235022615 30.000000000000004
1638.0967689021938 30.000000000000004
1637.6197507021716 30.000000000000004
1635.7116779020844 30.000000000000004
1633.3265869019783 30.000000000000004
1631.8955323019168 30.000000000000004
1633.3265869019783 30.000000000000004
1632.8495687019577 30.000000000000004
1631.8955323019168 30.000000000000004
1630.4644777018561 30.000000000000004
1631.4185141018963 30.000000000000004
1630.9414959018764 30.000000000000004
1631.4185141018963 30.000000000000004
1631.8955323019168 30.000000000000004
1633.3265869019783 30.000000000000004
1631.4185141018963 30.000000000000004
1630.4644777018561 30.000000000000004
1628.5564049017778 30.000000000000004
1629.033423101797 30.000000000000004
1627.1253503017203 30.000000000000004
1625.694295701664 30.000000000000004
1625.694295701664 30.000000000000004
1625.2172775016456 30.000000000000004
1624.2632411016093 30.000000000000004
1623.3092047015732 30.000000000000004
1623.3092047015732 30.000000000000004
1621.401131901503 30.000000000000004
1619.9700773014517 30.000000000000004
1618.0620045013852 30.000000000000004
1617.5849863013689 30.000000000000004
1617.1079681013528 30.000000000000004
1615.1998953012894 30.000000000000004
1614.722877101274 30.000000000000004
1614.2458589012585 30.000000000000004
1614.722877101274 30.000000000000004
1614.2458589012585 30.000000000000004
1612.8148043012131 30.000000000000004
1612.8148043012131 30.000000000000004
1612.8148043012131 30.000000000000004
1611.8607679011834 30.000000000000004
1611.8607679011834 30.000000000000004
1610.9067315011544 30.000000000000004
1610.4297133011398 30.000000000000004
1608.9986587010974 30.000000000000004
1608.9986587010974 30.000000000000004
1608.9986587010974 30.000000000000004
1608.9986587010974 30.000000000000004
1607.567604101056 30.000000000000004
1606.6135677010288 30.000000000000004
1606.6135677010288 30.000000000000004
1607.0905859010425 30.000000000000004
1607.0905859010425 30.000000000000004
1606.6135677010288 30.000000000000004
1607.0905859010425 30.000000000000004
1605.6595313010025 30.000000000000004
1605.1825131009894 30.000000000000004
1604.2284767009635 30.000000000000004
1604.2284767009635 30.000000000000004
1603.274440300938 30.000000000000004
1602.7974221009256 30.000000000000004
1602.7974221009256 30.000000000000004
1602.320403900913 30.000000000000004
1601.6048766008948 30.000000000000004
1601.6048766008948 30.000000000000004
1601.1278584008828 30.000000000000004
1601.1278584008828 30.000000000000004
1599.696803800847 30.000000000000004
1599.696803800847 30.000000000000004
1598.7427674008236 30.000000000000004
1598.504258300818 30.000000000000004
1596.119167300762 30.000000000000004
1596.119167300762 30.000000000000004
1594.4496036007245 30.000000000000004
1593.7340763007087 30.000000000000004
1591.8260035006679 30.000000000000004
1591.110476200653 30.000000000000004
1589.6794216006242 30.000000000000004
1588.0098579005914 30.000000000000004
1585.863276000551 30.000000000000004
1585.1477487005382 30.000000000000004
1583.7166941005125 30.000000000000004
1583.4781850005086 30.000000000000004
1583.0011668005002 30.000000000000004
1582.5241486004923 30.000000000000004
1582.5241486004923 30.000000000000004
1584.4322214005253 30.000000000000004
1584.4322214005253 30.000000000000004
1583.9552032005167 30.000000000000004
1583.4781850005086 30.000000000000004
1582.047130400484 30.000000000000004
1581.5701122004762 30.000000000000004
1581.5701122004762 30.000000000000004
1581.0930940004682 30.000000000000004
1579.1850212004376 30.000000000000004
1579.1850212004376 30.000000000000004
1579.1850212004376 30.000000000000004
1579.1850212004376 30.000000000000004
1578.230984800423 30.000000000000004
1577.2769484004084 30.000000000000004
1576.3229120003944 30.000000000000004
1576.3229120003944 30.000000000000004
1575.8458938003876 30.000000000000004
1575.3688756003808 30.000000000000004
1575.3688756003808 30.000000000000004
1574.4148392003672 30.000000000000004
1573.9378210003606 30.000000000000004
1573.4608028003543 30.000000000000004
1571.5527300003291 30.000000000000004
1570.121675400311 30.000000000000004
1568.6906208002936 30.000000000000004
1567.7365844002825 30.000000000000004
1568.213602600288 30.000000000000004
1567.7365844002825 30.000000000000004
1566.7825480002716 30.000000000000004
1565.828511600261 30.000000000000004
1565.3514934002558 30.000000000000004
1564.8744752002506 30.000000000000004
1564.8744752002506 30.000000000000004
1564.8744752002506 30.000000000000004
1564.8744752002506 30.000000000000004
1564.3974570002456 30.000000000000004
1564.8744752002506 30.000000000000004
1565.828511600261 30.000000000000004
1565.828511600261 30.000000000000004
1565.828511600261 30.000000000000004
1566.3055298002662 30.000000000000004
1565.3514934002558 30.000000000000004
1564.8744752002506 30.000000000000004
1563.9204388002406 30.000000000000004
1563.4434206002356 30.000000000000004
1563.4434206002356 30.000000000000004
1563.9204388002406 30.000000000000004
1562.966402400231 30.000000000000004
1561.5353478002166 30.000000000000004
1561.0583296002121 30.000000000000004
1560.5813114002076 30.000000000000004
1559.627275000199 30.000000000000004
1559.627275000199 30.000000000000004
1560.1042932002033 30.000000000000004
1559.627275000199 30.000000000000004
1559.627275000199 30.000000000000004
1558.6732386001904 30.000000000000004
1558.1962204001861 30.000000000000004
1557.719202200182 30.000000000000004
1557.242184000178 30.000000000000004
1556.2881476001703 30.000000000000004
1556.7651658001741 30.000000000000004
1556.7651658001741 30.000000000000004
1555.3341112001626 30.000000000000004
1554.3800748001552 30.000000000000004
1554.3800748001552 30.000000000000004
1553.9030566001516 30.000000000000004
1553.426038400148 30.000000000000004
1552.9490202001446 30.000000000000004
1554.3800748001552 30.000000000000004
1554.3800748001552 30.000000000000004
1553.9030566001516 30.000000000000004
1553.9030566001516 30.000000000000004
1553.9030566001516 30.000000000000004
1553.426038400148 30.000000000000004
1552.9490202001446 30.000000000000004
1551.9949838001378 30.000000000000004
1550.8024383001296 30.000000000000004
1550.8024383001296 30.000000000000004
1550.3254201001264 30.000000000000004
1549.8484019001232 30.000000000000004
1548.6558564001157 30.000000000000004
1548.1788382001128 30.000000000000004
1547.7018200001098 30.000000000000004
1547.2248018001071 30.000000000000004
1546.7477836001044 30.000000000000004
1547.7018200001098 30.000000000000004
1546.7477836001044 30.000000000000004
1545.078219900095 30.000000000000004
1544.6012017000926 30.000000000000004
1545.078219900095 30.000000000000004
1544.3626926000911 30.000000000000004
1544.1241835000899 30.000000000000004
1542.931638000084 30.000000000000004
1541.7390925000782 30.000000000000004
1540.5465470000727 30.000000000000004
1540.0695288000707 30.000000000000004
1539.1154924000666 30.000000000000004
1538.8769833000656 30.000000000000004
1537.6844378000608 30.000000000000004
1535.5378559000528 30.000000000000004
1534.106801300048 30.000000000000004
1533.1527649000448 30.000000000000004
1532.6757467000434 30.000000000000004
1531.7217103000405 30.000000000000004
1531.4832012000397 30.000000000000004
1530.529164800037 30.000000000000004
1529.336619300034 30.000000000000004
1527.9055647000305 30.000000000000004
1527.9055647000305 30.000000000000004
1527.1900374000288 30.000000000000004
1525.2819646000248 30.000000000000004
1524.8049464000237 30.000000000000004
1522.6583645000198 30.000000000000004
1521.7043281000183 30.000000000000004
1520.988800800017 30.000000000000004
1518.1266916000131 30.000000000000004
1517.172655200012 30.000000000000004
1516.218618800011 30.000000000000004
1516.4571279000113 30.000000000000004
1515.9801097000106 30.000000000000004
1515.5030915000102 30.000000000000004
1514.5490551000091 30.000000000000004
1514.5490551000091 30.000000000000004
1514.0720369000087 30.000000000000004
1514.0720369000087 30.000000000000004
1513.8335278000086 30.000000000000004
1513.8335278000086 30.000000000000004
1513.1180005000078 30.000000000000004
1513.1180005000078 30.000000000000004
1513.1180005000078 30.000000000000004
1512.8794914000077 30.000000000000004
1512.8794914000077 30.000000000000004
1511.9254550000069 30.000000000000004
1512.4024732000073 30.000000000000004
1511.4484368000064 30.000000000000004
1512.4024732000073 30.000000000000004
1512.4024732000073 30.000000000000004
1512.4024732000073 30.000000000000004
1511.4484368000064 30.000000000000004
1510.9714186000062 30.000000000000004
1510.0173822000054 30.000000000000004
1508.8248367000047 30.000000000000004
1509.3018549000049 30.000000000000004
1508.3478185000042 30.000000000000004
1508.1093094000041 30.000000000000004
1507.632291200004 30.000000000000004
1506.6782548000033 30.000000000000004
1505.962727500003 30.000000000000004
1505.962727500003 30.000000000000004
1505.4857093000028 30.000000000000004
1505.4857093000028 30.000000000000004
1504.7701820000023 30.000000000000004
1504.293163800002 30.000000000000004
1504.5316729000021 30.000000000000004
1504.5316729000021 30.000000000000004
1503.8161456000018 30.000000000000004
1502.385091000001 30.000000000000004
1500.9540364000004 30.000000000000004
1500.9540364000004 30.000000000000004
1500.0 30.000000000000004
1499.2844726999997 30.000000000000004
1498.8074544999995 30.000000000000004
1498.3304362999993 30.000000000000004
1497.3763998999987 30.000000000000004
1496.8993816999985 30.000000000000004
1496.4223634999983 30.000000000000004
1496.4223634999983 30.000000000000004
1494.9913088999976 30.000000000000004
1494.037272499997 30.000000000000004
1493.5602542999968 30.000000000000004
1493.0832360999966 30.000000000000004
1493.5602542999968 30.000000000000004
1491.6521814999958 30.000000000000004
1491.1751632999953 30.000000000000004
1491.1751632999953 30.000000000000004
1490.6981450999951 30.000000000000004
1490.6981450999951 30.000000000000004
1490.2211268999947 30.000000000000004
1489.267090499994 30.000000000000004
1488.5515631999936 30.000000000000004
1488.3130540999932 30.000000000000004
1488.3130540999932 30.000000000000004
1488.3130540999932 30.000000000000004
1488.3130540999932 30.000000000000004
1487.3590176999926 30.000000000000004
1486.4049812999917 30.000000000000004
1485.9279630999913 30.000000000000004
1485.9279630999913 30.000000000000004
1486.1664721999914 30.000000000000004
1486.1664721999914 30.000000000000004
1484.7354175999901 30.000000000000004
1483.781381199989 30.000000000000004
1481.3962901999862 30.000000000000004
1480.4422537999849 30.000000000000004
1479.011199199983 30.000000000000004
1477.1031263999798 30.000000000000004
1476.626108199979 30.000000000000004
1476.626108199979 30.000000000000004
1474.2410171999743 30.000000000000004
1473.7639989999732 30.000000000000004
1472.8099625999712 30.000000000000004
1472.0944352999695 30.000000000000004
1470.9018897999665 30.000000000000004
1469.947853399964 30.000000000000004
1468.9938169999616 30.000000000000004
1468.9938169999616 30.000000000000004
1468.5167987999603 30.000000000000004
1467.085744199956 30.000000000000004
1465.1776713999498 30.000000000000004
1464.2236349999464 30.000000000000004
1462.792580399941 30.000000000000004
1461.3615257999354 30.000000000000004
1461.1230166999344 30.000000000000004
1460.1689802999304 30.000000000000004
1459.6919620999283 30.000000000000004
1459.9304711999293 30.000000000000004
1458.976434799925 30.000000000000004
1457.5453801999183 30.000000000000004
1457.3068710999173 30.000000000000004
1457.3068710999173 30.000000000000004
1455.1602891999062 30.000000000000004
1453.7292345998983 30.000000000000004
1453.7292345998983 30.000000000000004
1454.206252799901 30.000000000000004
1454.206252799901 30.000000000000004
1453.9677436998998 30.000000000000004
1453.490725499897 30.000000000000004
1452.5366890998914 30.000000000000004
1450.62861629988 30.000000000000004
1448.7205434998673 30.000000000000004
1447.2894888998571 30.000000000000004
1445.8584342998465 30.000000000000004
1445.6199251998448 30.000000000000004
1444.1888705998338 30.000000000000004
1442.996325099824 30.000000000000004
1441.5652704998117 30.000000000000004
1441.5652704998117 30.000000000000004
1441.5652704998117 30.000000000000004
1441.0882522998074 30.000000000000004
1441.5652704998117 30.000000000000004
1441.0882522998074 30.000000000000004
1440.1342158997988 30.000000000000004
1439.6571976997946 30.000000000000004
1439.18017949979 30.000000000000004
1438.7031612997855 30.000000000000004
1438.226143099781 30.000000000000004
1436.7950884997667 30.000000000000004
1435.364033899752 30.000000000000004
1435.364033899752 30.000000000000004
1434.4099974997416 30.000000000000004
1434.4099974997416 30.000000000000004
1434.4099974997416 30.000000000000004
1433.9329792997364 30.000000000000004
1433.9329792997364 30.000000000000004
1433.4559610997312 30.000000000000004
1432.9789428997258 30.000000000000004
1432.5019246997203 30.000000000000004
1431.786397399712 30.000000000000004
1432.2634155997175 30.000000000000004
1431.786397399712 30.000000000000004
1431.3093791997064 30.000000000000004
1431.0708700997036 30.000000000000004
1430.116833699692 30.000000000000004
1429.6398154996862 30.000000000000004
1428.2087608996678 30.000000000000004
1428.2087608996678 30.000000000000004
1427.7317426996617 30.000000000000004
1427.4932335996587 30.000000000000004
1427.9702517996648 30.000000000000004
1427.7317426996617 30.000000000000004
1427.016215399652 30.000000000000004
1426.5391971996457 30.000000000000004
1426.5391971996457 30.000000000000004
1426.0621789996394 30.000000000000004
1426.5391971996457 30.000000000000004
1425.108142599626 30.000000000000004
1425.108142599626 30.000000000000004
1424.392615299616 30.000000000000004
1424.8696334996228 30.000000000000004
1423.4385788996021 30.000000000000004
1423.4385788996021 30.000000000000004
1422.7230515995916 30.000000000000004
1422.7230515995916 30.000000000000004
1422.7230515995916 30.000000000000004
1422.2460333995843 30.000000000000004
1421.769015199577 30.000000000000004
1421.2919969995696 30.000000000000004
1420.8149787995624 30.000000000000004
1420.337960599555 30.000000000000004
1420.5764696995586 30.000000000000004
1420.5764696995586 30.000000000000004
1420.337960599555 30.000000000000004
1419.8609423995472 30.000000000000004
1418.9069059995318 30.000000000000004
1418.6683968995278 30.000000000000004
1418.1913786995199 30.000000000000004
1417.952869599516 30.000000000000004
1416.9988331994998 30.000000000000004
1417.4758513995077 30.000000000000004
1416.9988331994998 30.000000000000004
1416.9988331994998 30.000000000000004
1416.5218149994914 30.000000000000004
1416.5218149994914 30.000000000000004
1416.2833058994875 30.000000000000004
1415.8062876994788 30.000000000000004
1415.8062876994788 30.000000000000004
1415.8062876994788 30.000000000000004
1415.3292694994705 30.000000000000004
1415.3292694994705 30.000000000000004
1415.3292694994705 30.000000000000004
1415.3292694994705 30.000000000000004
1414.3752330994532 30.000000000000004
1413.8982148994446 30.000000000000004
1414.3752330994532 30.000000000000004
1414.3752330994532 30.000000000000004
1413.4211966994358 30.000000000000004
1412.9441784994267 30.000000000000004
1412.9441784994267 30.000000000000004
1412.4671602994179 30.000000000000004
1412.2286511994132 30.000000000000004
1412.2286511994132 30.000000000000004
1412.2286511994132 30.000000000000004
1411.7516329994041 30.000000000000004
1411.2746147993948 30.000000000000004
1410.3205783993758 30.000000000000004
1409.3665419993567 30.000000000000004
1407.935487399327 30.000000000000004
1407.935487399327 30.000000000000004
1407.935487399327 30.000000000000004
1407.935487399327 30.000000000000004
1407.4584691993168 30.000000000000004
1405.5503963992755 30.000000000000004
1404.5963599992542 30.000000000000004
1403.6423235992324 30.000000000000004
1403.1653053992216 30.000000000000004
1402.6882871992102 30.000000000000004
1402.211268999199 30.000000000000004
1402.211268999199 30.000000000000004
1401.2572325991764 30.000000000000004
1400.303196199153 30.000000000000004
1399.8261779991412 30.000000000000004
1398.8721415991172 30.000000000000004
1398.3951233991052 30.000000000000004
1397.918105199093 30.000000000000004
1397.4410869990807 30.000000000000004
1396.9640687990682 30.000000000000004
1395.53301419903 30.000000000000004
1394.5789777990042 30.000000000000004
1394.101959598991 30.000000000000004
1394.101959598991 30.000000000000004
1392.6709049989508 30.000000000000004
1391.0013412989026 30.000000000000004
1389.8087957988673 30.000000000000004
1389.331777598853 30.000000000000004
1388.377741198824 30.000000000000004
1388.377741198824 30.000000000000004
1386.9466865987795 30.000000000000004
1386.9466865987795 30.000000000000004
1386.9466865987795 30.000000000000004
1386.9466865987795 30.000000000000004
1386.9466865987795 30.000000000000004
1386.4696683987643 30.000000000000004
1385.992650198749 30.000000000000004
1385.5156319987339 30.000000000000004
1385.5156319987339 30.000000000000004
1385.5156319987339 30.000000000000004
1383.6075591986712 30.000000000000004
1383.1305409986553 30.000000000000004
1381.6994863986065 30.000000000000004
1381.6994863986065 30.000000000000004
1381.6994863986065 30.000000000000004
1380.7454499985733 30.000000000000004
1380.2684317985568 30.000000000000004
1379.3143953985227 30.000000000000004
1379.3143953985227 30.000000000000004
1379.3143953985227 30.000000000000004
1379.3143953985227 30.000000000000004
1378.8373771985055 30.000000000000004
1378.3603589984882 30.000000000000004
1377.883340798471 30.000000000000004
1378.3603589984882 30.000000000000004
1377.4063225984532 30.000000000000004
1377.4063225984532 30.000000000000004
1376.9293043984358 30.000000000000004
1376.4522861984178 30.000000000000004
1375.9752679983999 30.000000000000004
1375.9752679983999 30.000000000000004
1375.9752679983999 30.000000000000004
1375.4982497983817 30.000000000000004
1375.0212315983636 30.000000000000004
1374.5442133983452 30.000000000000004
1375.0212315983636 30.000000000000004
1374.5442133983452 30.000000000000004
1373.590176998308 30.000000000000004
1372.6361405982702 30.000000000000004
1372.6361405982702 30.000000000000004
1371.682104198232 30.000000000000004
1371.2050859982126 30.000000000000004
1370.728067798193 30.000000000000004
1370.2510495981735 30.000000000000004
1370.2510495981735 30.000000000000004
1369.7740313981537 30.000000000000004
1369.2970131981338 30.000000000000004
1368.3429767980936 30.000000000000004
1367.8659585980731 30.000000000000004
1367.8659585980731 30.000000000000004
1367.3889403980527 30.000000000000004
1366.9119221980318 30.000000000000004
1365.9578857979902 30.000000000000004
1365.9578857979902 30.000000000000004
1365.0038493979478 30.000000000000004
1364.049812997905 30.000000000000004
1364.049812997905 30.000000000000004
1363.5727947978833 30.000000000000004
1362.1417401978174 30.000000000000004
1360.71068559775 30.000000000000004
1359.7566491977043 30.000000000000004
1359.7566491977043 30.000000000000004
1359.5181400976926 30.000000000000004
1358.5641036976463 30.000000000000004
1358.5641036976463 30.000000000000004
1358.0870854976229 30.000000000000004
1358.0870854976229 30.000000000000004
1358.0870854976229 30.000000000000004
1358.0870854976229 30.000000000000004
1358.0870854976229 30.000000000000004
1357.610067297599 30.000000000000004
1356.6560308975515 30.000000000000004
1355.7019944975032 30.000000000000004
1355.7019944975032 30.000000000000004
1354.747958097454 30.000000000000004
1353.7939216974046 30.000000000000004
1353.3169034973796 30.000000000000004
1352.362867097329 30.000000000000004
1352.362867097329 30.000000000000004
1351.4088306972776 30.000000000000004
1351.4088306972776 30.000000000000004
1349.9777760971997 30.000000000000004
1349.9777760971997 30.000000000000004
1349.0237396971468 30.000000000000004
1349.0237396971468 30.000000000000004
1348.0697032970932 30.000000000000004
1347.5926850970661 30.000000000000004
1347.5926850970661 30.000000000000004
1347.3541759970526 30.000000000000004
1347.3541759970526 30.000000000000004
1347.3541759970526 30.000000000000004
1346.4001395969979 30.000000000000004
1345.9231213969701 30.000000000000004
1345.9231213969701 30.000000000000004
1346.4001395969979 30.000000000000004
1346.4001395969979 30.000000000000004
1345.9231213969701 30.000000000000004
1344.4920667968863 30.000000000000004
1344.4920667968863 30.000000000000004
1343.5380303968295 30.000000000000004
1342.5839939967723 30.000000000000004
1342.5839939967723 30.000000000000004
1341.6299575967141 30.000000000000004
1341.1529393966846 30.000000000000004
1340.675921196655 30.000000000000004
1340.1989029966255 30.000000000000004
1340.1989029966255 30.000000000000004
1340.91443029667 30.000000000000004
1340.4374120966404 30.000000000000004
1340.4374120966404 30.000000000000004
1339.4833756965807 30.000000000000004
1339.0063574965504 30.000000000000004
1338.0523210964895 30.000000000000004
1337.0982846964282 30.000000000000004
1336.621266496397 30.000000000000004
1335.6672300963346 30.000000000000004
1333.282139096175 30.000000000000004
1332.3281026961097 30.000000000000004
1332.3281026961097 30.000000000000004
1330.8970480960106 30.000000000000004
1330.4200298959772 30.000000000000004
1328.988975295876 30.000000000000004
1327.5579206957727 30.000000000000004
1327.080902495738 30.000000000000004
1327.5579206957727 30.000000000000004
1325.6498478956325 30.000000000000004
1325.172829695597 30.000000000000004
1324.2187932955255 30.000000000000004
1322.31072049538 30.000000000000004
1320.8796658952688 30.000000000000004
1319.9256294951938 30.000000000000004
1318.971593095118 30.000000000000004
1318.017556695041 30.000000000000004
1316.5865020949248 30.000000000000004
1316.1094838948854 30.000000000000004
1315.1554474948064 30.000000000000004
1314.6784292947666 30.000000000000004
1314.6784292947666 30.000000000000004
1314.2014110947266 30.000000000000004
1312.7703564946053 30.000000000000004
1311.8163200945232 30.000000000000004
1310.8622836944405 30.000000000000004
1310.385265494399 30.000000000000004
1308.9542108942726 30.000000000000004
1308.0001744941874 30.000000000000004
1306.5691198940578 30.000000000000004
1305.6150834939704 30.000000000000004
1305.1380652939263 30.000000000000004
1305.1380652939263 30.000000000000004
1303.7070106937929 30.000000000000004
1302.2759560936577 30.000000000000004
1302.2759560936577 30.000000000000004
1301.3219196935665 30.000000000000004
1299.890865093428 30.000000000000004
1299.890865093428 30.000000000000004
1297.0287558931448 30.000000000000004
1295.5977012930002 30.000000000000004
1296.0747194930486 30.000000000000004
1295.1206830929516 30.000000000000004
1294.6436648929025 30.000000000000004
1294.1666466928534 30.000000000000004
1292.7355920927048 30.000000000000004
1291.3045374925541 30.000000000000004
1289.8734828924014 30.000000000000004
1289.8734828924014 30.000000000000004
1288.4424282922464 30.000000000000004
1287.0113736920894 30.000000000000004
1286.2958463920102 30.000000000000004
1286.7728645920631 30.000000000000004
1286.2958463920102 30.000000000000004
1285.3418099919036 30.000000000000004
1282.9567189916331 30.000000000000004
1282.0026825915231 30.000000000000004
1281.0486461914124 30.000000000000004
1280.0946097913006 30.000000000000004
1279.1405733911877 30.000000000000004
1278.186536991074 30.000000000000004
1277.7095187910168 30.000000000000004
1277.2325005909593 30.000000000000004
1275.8014459907854 30.000000000000004
1274.3703913906093 30.000000000000004
1274.3703913906093 30.000000000000004
1273.4163549904906 30.000000000000004
1272.9393367904308 30.000000000000004
1271.5082821902502 30.000000000000004
1271.0312639901895 30.000000000000004
1269.6002093900058 30.000000000000004
1269.123191189944 30.000000000000004
1269.123191189944 30.000000000000004
1269.123191189944 30.000000000000004
1268.16915478982 30.000000000000004
1266.7381001896315 30.000000000000004
1265.7840637895047 30.000000000000004
1264.830027389377 30.000000000000004
1263.8759909892478 30.000000000000004
1261.967918188987 30.000000000000004
1261.967918188987 30.000000000000004
1261.0138817888549 30.000000000000004
1260.059845388722 30.000000000000004
1258.6287907885203 30.000000000000004
1258.1517725884526 30.000000000000004
1257.9132634884186 30.000000000000004
1257.4362452883504 30.000000000000004
1255.0511542880058 30.000000000000004
1255.2896633880405 30.000000000000004
1255.7666815881098 30.000000000000004
1254.812645187971 30.000000000000004
1254.335626987901 30.000000000000004
1254.335626987901 30.000000000000004
1253.858608787831 30.000000000000004
1252.9045723876898 30.000000000000004
1252.4275541876189 30.000000000000004
1251.9505359875475 30.000000000000004
1251.473517787476 30.000000000000004
1250.9964995874043 30.000000000000004
1250.5194813873322 30.000000000000004
1250.0424631872597 30.000000000000004
1249.5654449871872 30.000000000000004
1248.1343903869677 30.000000000000004
1246.7033357867456 30.000000000000004
1246.226317586671 30.000000000000004
1245.7492993865962 30.000000000000004
1245.272281186521 30.000000000000004
1245.272281186521 30.000000000000004
1244.31824478637 30.000000000000004
1244.31824478637 30.000000000000004
1243.3642083862178 30.000000000000004
1243.3642083862178 30.000000000000004
1244.31824478637 30.000000000000004
1242.8871901861412 30.000000000000004
1241.9331537859873 30.000000000000004
1241.45613558591 30.000000000000004
1240.979117385832 30.000000000000004
1240.025080985676 30.000000000000004
1240.025080985676 30.000000000000004
1239.5480627855973 30.000000000000004
1239.0710445855186 30.000000000000004
1239.0710445855186 30.000000000000004
1239.0710445855186 30.000000000000004
1239.0710445855186 30.000000000000004
1238.1170081853602 30.000000000000004
1237.1629717852004 30.000000000000004
1237.1629717852004 30.000000000000004
1236.6859535851202 30.000000000000004
1236.6859535851202 30.000000000000004
1235.7319171849588 30.000000000000004
1235.9704262849993 30.000000000000004
1235.016389884837 30.000000000000004
1235.016389884837 30.000000000000004
1235.016389884837 30.000000000000004
1235.016389884837 30.000000000000004
1233.5853352845913 30.000000000000004
1234.0623534846736 30.000000000000004
1233.5853352845913 30.000000000000004
1233.5853352845913 30.000000000000004
1232.631298884426 30.000000000000004
1233.34682618455 30.000000000000004
1233.34682618455 30.000000000000004
1232.8698079844676 30.000000000000004
1232.8698079844676 30.000000000000004
1232.8698079844676 30.000000000000004
1231.9157715843014 30.000000000000004
1231.9157715843014 30.000000000000004
1231.9157715843014 30.000000000000004
1231.438753384218 30.000000000000004
1230.961735184134 30.000000000000004
1230.48471698405 30.000000000000004
1230.48471698405 30.000000000000004
1230.48471698405 30.000000000000004
1230.0076987839657 30.000000000000004
1230.0076987839657 30.000000000000004
1229.0536623837959 30.000000000000004
1228.0996259836252 30.000000000000004
1228.8151532837533 30.000000000000004
1228.8151532837533 30.000000000000004
1228.3381350836678 30.000000000000004
1227.861116883582 30.000000000000004
1227.861116883582 30.000000000000004
1227.3840986834962 30.000000000000004
1227.3840986834962 30.000000000000004
1227.3840986834962 30.000000000000004
1227.3840986834962 30.000000000000004
1227.3840986834962 30.000000000000004
1227.3840986834962 30.000000000000004
1226.9070804834098 30.000000000000004
1226.9070804834098 30.000000000000004
1226.9070804834098 30.000000000000004
1226.9070804834098 30.000000000000004
1226.9070804834098 30.000000000000004
1226.9070804834098 30.000000000000004
1227.6226077835393 30.000000000000004
1227.6226077835393 30.000000000000004
1227.6226077835393 30.000000000000004
1227.1455895834529 30.000000000000004
1227.1455895834529 30.000000000000004
1227.1455895834529 30.000000000000004
1226.6685713833665 30.000000000000004
1226.6685713833665 30.000000000000004
1226.6685713833665 30.000000000000004
1226.6685713833665 30.000000000000004
1226.6685713833665 30.000000000000004
1226.6685713833665 30.000000000000004
1226.6685713833665 30.000000000000004
1226.6685713833665 30.000000000000004
1226.6685713833665 30.000000000000004
1226.6685713833665 30.000000000000004
1226.6685713833665 30.000000000000004
1226.6685713833665 30.000000000000004
1226.6685713833665 30.000000000000004
