jSOa
1670.0569883040564 30.000000000000004
1733.023390710337 30.000000000000004
1478.7726900999826 30.000000000000004
1451.1056344998829 30.000000000000004
1438.226143099781 30.000000000000004
1369.0585040981236 30.000000000000004
1388.6162502988311 30.000000000000004
1418.1913786995199 30.000000000000004
1351.4088306972776 30.000000000000004
1398.1566142990991 30.000000000000004
1414.8522512994618 30.000000000000004
1374.7827224983544 30.000000000000004
1377.6448316984622 30.000000000000004
1397.2025778990744 30.000000000000004
1359.9951582977158 30.000000000000004
1376.6907952984268 30.000000000000004
1394.3404686989975 30.000000000000004
1355.2249762974786 30.000000000000004
1376.6907952984268 30.000000000000004
1348.0697032970932 30.000000000000004
1353.3169034973796 30.000000000000004
1357.1330490975754 30.000000000000004
1334.7131936962712 30.000000000000004
1326.603884295703 30.000000000000004
1332.3281026961097 30.000000000000004
1315.1554474948064 30.000000000000004
1321.8337022953433 30.000000000000004
1325.172829695597 30.000000000000004
1297.98279229324 30.000000000000004
1302.7529742937031 30.000000000000004
1312.2933382945644 30.000000000000004
1290.8275192925034 30.000000000000004
1294.6436648929025 30.000000000000004
1296.0747194930486 30.000000000000004
1284.6262826918232 30.000000000000004
1290.8275192925034 30.000000000000004
1299.413846893381 30.000000000000004
1287.0113736920894 30.000000000000004
1285.5803190919305 30.000000000000004
1289.3964646923498 30.000000000000004
1271.2697730902198 30.000000000000004
1271.7467912902805 30.000000000000004
1271.7467912902805 30.000000000000004
1265.0685364894089 30.000000000000004
1268.884682089913 30.000000000000004
1272.223809490341 30.000000000000004
1267.453627489726 30.000000000000004
1261.729409088954 30.000000000000004
1265.5455546894727 30.000000000000004
1254.097117887866 30.000000000000004
1258.3902816884865 30.000000000000004
1259.8213362886886 30.000000000000004
1265.5455546894727 30.000000000000004
1257.9132634884186 30.000000000000004
1266.4995910895998 30.000000000000004
1271.2697730902198 30.000000000000004
1263.6374818892155 30.000000000000004
1265.5455546894727 30.000000000000004
1267.453627489726 30.000000000000004
1264.5915182893445 30.000000000000004
1264.1145000892802 30.000000000000004
1269.3617002899748 30.000000000000004
1263.6374818892155 30.000000000000004
1262.6834454890852 30.000000000000004
1262.2064272890198 30.000000000000004
1259.3443180886213 30.000000000000004
1258.3902816884865 30.000000000000004
1258.867299888554 30.000000000000004
1254.574136087936 30.000000000000004
1257.4362452883504 30.000000000000004
1255.5281724880751 30.000000000000004
1253.6200996877956 30.000000000000004
1249.8039540872235 30.000000000000004
1247.418863086857 30.000000000000004
1250.280972287296 30.000000000000004
1246.4648266867084 30.000000000000004
1246.4648266867084 30.000000000000004
1249.8039540872235 30.000000000000004
1247.418863086857 30.000000000000004
1247.418863086857 30.000000000000004
1249.3269358871507 30.000000000000004
1248.8499176870778 30.000000000000004
1245.0337720864834 30.000000000000004
1246.4648266867084 30.000000000000004
1252.1890450875833 30.000000000000004
1246.9418448867827 30.000000000000004
1255.5281724880751 30.000000000000004
1259.8213362886886 30.000000000000004
1254.097117887866 30.000000000000004
1257.4362452883504 30.000000000000004
1257.4362452883504 30.000000000000004
1263.6374818892155 30.000000000000004
1259.3443180886213 30.000000000000004
1260.2983544887552 30.000000000000004
1259.8213362886886 30.000000000000004
1256.0051906881445 30.000000000000004
1260.2983544887552 30.000000000000004
1262.6834454890852 30.000000000000004
1261.729409088954 30.000000000000004
1257.9132634884186 30.000000000000004
1259.3443180886213 30.000000000000004
1263.1604636891504 30.000000000000004
1257.9132634884186 30.000000000000004
1258.3902816884865 30.000000000000004
1262.2064272890198 30.000000000000004
1257.9132634884186 30.000000000000004
1256.0051906881445 30.000000000000004
1256.9592270882822 30.000000000000004
1255.5281724880751 30.000000000000004
1253.143081487725 30.000000000000004
1251.23500868744 30.000000000000004
1254.097117887866 30.000000000000004
1252.6660632876542 30.000000000000004
1249.3269358871507 30.000000000000004
1249.8039540872235 30.000000000000004
1249.3269358871507 30.000000000000004
1252.6660632876542 30.000000000000004
1251.23500868744 30.000000000000004
1251.23500868744 30.000000000000004
1252.6660632876542 30.000000000000004
1249.8039540872235 30.000000000000004
1251.712026887512 30.000000000000004
1253.143081487725 30.000000000000004
1254.097117887866 30.000000000000004
1251.712026887512 30.000000000000004
1252.1890450875833 30.000000000000004
1253.143081487725 30.000000000000004
1252.6660632876542 30.000000000000004
1249.3269358871507 30.000000000000004
1245.9878084866336 30.000000000000004
1246.4648266867084 30.000000000000004
1247.418863086857 30.000000000000004
1243.6027174862559 30.000000000000004
1241.217626485871 30.000000000000004
1241.6946446859486 30.000000000000004
1238.832535485479 30.000000000000004
1239.7865718856367 30.000000000000004
1237.8784990853203 30.000000000000004
1235.9704262849993 30.000000000000004
1235.4934080849182 30.000000000000004
1234.0623534846736 30.000000000000004
1235.4934080849182 30.000000000000004
1236.4474444850798 30.000000000000004
1235.016389884837 30.000000000000004
1236.9244626851603 30.000000000000004
1235.4934080849182 30.000000000000004
1234.5393716847552 30.000000000000004
1232.631298884426 30.000000000000004
1232.1542806843431 30.000000000000004
1231.6772624842597 30.000000000000004
1234.5393716847552 30.000000000000004
1231.6772624842597 30.000000000000004
1232.631298884426 30.000000000000004
1233.1083170845088 30.000000000000004
1232.631298884426 30.000000000000004
1232.631298884426 30.000000000000004
1230.2462078840078 30.000000000000004
1228.3381350836678 30.000000000000004
1225.4760258831488 30.000000000000004
1224.9990076830613 30.000000000000004
1223.0909348827083 30.000000000000004
1223.567953082797 30.000000000000004
1223.567953082797 30.000000000000004
1221.65988028244 30.000000000000004
1220.2288256821691 30.000000000000004
1224.0449712828854 30.000000000000004
1225.4760258831488 30.000000000000004
1226.9070804834098 30.000000000000004
1223.567953082797 30.000000000000004
1222.13689848253 30.000000000000004
1223.0909348827083 30.000000000000004
1225.4760258831488 30.000000000000004
1225.9530440832364 30.000000000000004
1224.0449712828854 30.000000000000004
1224.9990076830613 30.000000000000004
1224.9990076830613 30.000000000000004
1226.4300622833232 30.000000000000004
1224.5219894829736 30.000000000000004
1225.9530440832364 30.000000000000004
1227.861116883582 30.000000000000004
1227.3840986834962 30.000000000000004
1228.8151532837533 30.000000000000004
1227.3840986834962 30.000000000000004
1225.9530440832364 30.000000000000004
1227.3840986834962 30.000000000000004
1226.9070804834098 30.000000000000004
1227.3840986834962 30.000000000000004
1225.4760258831488 30.000000000000004
1226.4300622833232 30.000000000000004
1226.4300622833232 30.000000000000004
1225.4760258831488 30.000000000000004
1226.4300622833232 30.000000000000004
1224.9990076830613 30.000000000000004
1223.0909348827083 30.000000000000004
1224.0449712828854 30.000000000000004
1226.4300622833232 30.000000000000004
1223.567953082797 30.000000000000004
1223.567953082797 30.000000000000004
1222.13689848253 30.000000000000004
1222.6139166826192 30.000000000000004
1224.5219894829736 30.000000000000004
1226.9070804834098 30.000000000000004
1225.4760258831488 30.000000000000004
1227.861116883582 30.000000000000004
1226.4300622833232 30.000000000000004
1227.3840986834962 30.000000000000004
1227.3840986834962 30.000000000000004
1225.9530440832364 30.000000000000004
1226.4300622833232 30.000000000000004
1229.2921714838385 30.000000000000004
1229.2921714838385 30.000000000000004
1231.6772624842597 30.000000000000004
1229.2921714838385 30.000000000000004
1229.7691896839233 30.000000000000004
1228.8151532837533 30.000000000000004
1231.6772624842597 30.000000000000004
1233.5853352845913 30.000000000000004
1231.200244284176 30.000000000000004
1232.631298884426 30.000000000000004
1234.5393716847552 30.000000000000004
1235.016389884837 30.000000000000004
1236.9244626851603 30.000000000000004
1240.2635900857151 30.000000000000004
1238.832535485479 30.000000000000004
1240.7406082857933 30.000000000000004
1243.1256992861795 30.000000000000004
1243.1256992861795 30.000000000000004
1244.5567538864077 30.000000000000004
1245.0337720864834 30.000000000000004
1244.079735686332 30.000000000000004
1244.5567538864077 30.000000000000004
1244.5567538864077 30.000000000000004
1244.079735686332 30.000000000000004
1245.5107902865586 30.000000000000004
1245.0337720864834 30.000000000000004
1243.6027174862559 30.000000000000004
1244.079735686332 30.000000000000004
1245.9878084866336 30.000000000000004
1245.0337720864834 30.000000000000004
1245.0337720864834 30.000000000000004
1245.0337720864834 30.000000000000004
1247.895881286931 30.000000000000004
1245.9878084866336 30.000000000000004
1245.9878084866336 30.000000000000004
1247.895881286931 30.000000000000004
1252.1890450875833 30.000000000000004
1253.143081487725 30.000000000000004
1255.5281724880751 30.000000000000004
1254.097117887866 30.000000000000004
1252.6660632876542 30.000000000000004
1253.143081487725 30.000000000000004
1254.097117887866 30.000000000000004
1257.9132634884186 30.000000000000004
1261.729409088954 30.000000000000004
1263.1604636891504 30.000000000000004
1262.6834454890852 30.000000000000004
1262.6834454890852 30.000000000000004
1263.6374818892155 30.000000000000004
1264.1145000892802 30.000000000000004
1265.5455546894727 30.000000000000004
1266.976609289663 30.000000000000004
1268.884682089913 30.000000000000004
1270.315736690098 30.000000000000004
1268.884682089913 30.000000000000004
1270.315736690098 30.000000000000004
1270.792754890159 30.000000000000004
1271.7467912902805 30.000000000000004
1271.2697730902198 30.000000000000004
1272.223809490341 30.000000000000004
1276.0399550908146 30.000000000000004
1277.9480278910455 30.000000000000004
1276.9939914909305 30.000000000000004
1277.9480278910455 30.000000000000004
1276.5169732908726 30.000000000000004
1277.471009690988 30.000000000000004
1279.8561006912726 30.000000000000004
1281.2871552914403 30.000000000000004
1281.2871552914403 30.000000000000004
1281.7641734914957 30.000000000000004
1281.2871552914403 30.000000000000004
1284.1492644917691 30.000000000000004
1283.1952280916605 30.000000000000004
1283.1952280916605 30.000000000000004
1284.1492644917691 30.000000000000004
1284.1492644917691 30.000000000000004
1286.0573372919837 30.000000000000004
1287.9654100921944 30.000000000000004
1287.4883918921419 30.000000000000004
1288.9194464922984 30.000000000000004
1288.4424282922464 30.000000000000004
1289.8734828924014 30.000000000000004
1291.3045374925541 30.000000000000004
1293.2126102927546 30.000000000000004
1292.2585738926548 30.000000000000004
1292.2585738926548 30.000000000000004
1294.1666466928534 30.000000000000004
1293.2126102927546 30.000000000000004
1293.2126102927546 30.000000000000004
1294.1666466928534 30.000000000000004
1291.7815556926046 30.000000000000004
1291.3045374925541 30.000000000000004
1292.2585738926548 30.000000000000004
1292.2585738926548 30.000000000000004
1292.2585738926548 30.000000000000004
1292.2585738926548 30.000000000000004
1293.2126102927546 30.000000000000004
1292.7355920927048 30.000000000000004
1292.2585738926548 30.000000000000004
1293.6896284928043 30.000000000000004
1295.5977012930002 30.000000000000004
1295.1206830929516 30.000000000000004
1297.98279229324 30.000000000000004
1297.5057740931925 30.000000000000004
1296.0747194930486 30.000000000000004
1296.5517376930968 30.000000000000004
1297.5057740931925 30.000000000000004
1296.0747194930486 30.000000000000004
1295.5977012930002 30.000000000000004
1295.5977012930002 30.000000000000004
1294.6436648929025 30.000000000000004
1294.1666466928534 30.000000000000004
1295.1206830929516 30.000000000000004
1295.5977012930002 30.000000000000004
1298.4598104932873 30.000000000000004
1298.9368286933343 30.000000000000004
1300.8449014935204 30.000000000000004
1301.7989378936122 30.000000000000004
1303.7070106937929 30.000000000000004
1302.7529742937031 30.000000000000004
1304.6610470938822 30.000000000000004
1307.5231562941444 30.000000000000004
1309.4312290943149 30.000000000000004
1308.9542108942726 30.000000000000004
1308.0001744941874 30.000000000000004
1307.0461380941013 30.000000000000004
1309.4312290943149 30.000000000000004
1309.908247294357 30.000000000000004
1311.339301894482 30.000000000000004
1311.339301894482 30.000000000000004
1310.385265494399 30.000000000000004
1313.7243928946864 30.000000000000004
1313.7243928946864 30.000000000000004
1319.4486112951558 30.000000000000004
1321.3566840953063 30.000000000000004
1323.7417750954896 30.000000000000004
1325.6498478956325 30.000000000000004
1326.603884295703 30.000000000000004
1327.080902495738 30.000000000000004
1327.080902495738 30.000000000000004
1328.5119570958416 30.000000000000004
1328.5119570958416 30.000000000000004
1328.988975295876 30.000000000000004
1328.0349388958073 30.000000000000004
1328.988975295876 30.000000000000004
1329.9430116959436 30.000000000000004
1331.3740662960438 30.000000000000004
1331.3740662960438 30.000000000000004
1332.8051208961424 30.000000000000004
1332.8051208961424 30.000000000000004
1332.8051208961424 30.000000000000004
1333.282139096175 30.000000000000004
1333.7591572962071 30.000000000000004
1335.190211896303 30.000000000000004
1335.6672300963346 30.000000000000004
1337.575302896459 30.000000000000004
1336.144248296366 30.000000000000004
1336.621266496397 30.000000000000004
1334.7131936962712 30.000000000000004
1334.2361754962392 30.000000000000004
1337.575302896459 30.000000000000004
1337.575302896459 30.000000000000004
1336.621266496397 30.000000000000004
1338.0523210964895 30.000000000000004
1337.575302896459 30.000000000000004
1338.5293392965202 30.000000000000004
1339.4833756965807 30.000000000000004
1339.9603938966106 30.000000000000004
1339.4833756965807 30.000000000000004
1341.8684666967288 30.000000000000004
1342.3454848967576 30.000000000000004
1342.8225030967867 30.000000000000004
1342.8225030967867 30.000000000000004
1342.8225030967867 30.000000000000004
1343.776539496844 30.000000000000004
1344.7305758969005 30.000000000000004
1346.1616304969841 30.000000000000004
1345.6846122969564 30.000000000000004
1345.6846122969564 30.000000000000004
1345.6846122969564 30.000000000000004
1347.1156668970389 30.000000000000004
1347.5926850970661 30.000000000000004
1347.5926850970661 30.000000000000004
1348.54672149712 30.000000000000004
1349.5007578971733 30.000000000000004
1348.54672149712 30.000000000000004
1347.5926850970661 30.000000000000004
1348.0697032970932 30.000000000000004
1348.54672149712 30.000000000000004
1348.54672149712 30.000000000000004
1349.5007578971733 30.000000000000004
1348.54672149712 30.000000000000004
1349.0237396971468 30.000000000000004
1349.9777760971997 30.000000000000004
1349.5007578971733 30.000000000000004
1349.5007578971733 30.000000000000004
1349.9777760971997 30.000000000000004
1349.9777760971997 30.000000000000004
1350.931812497252 30.000000000000004
1350.931812497252 30.000000000000004
1350.4547942972258 30.000000000000004
1352.362867097329 30.000000000000004
1351.4088306972776 30.000000000000004
1350.931812497252 30.000000000000004
1351.8858488973033 30.000000000000004
1352.362867097329 30.000000000000004
1353.7939216974046 30.000000000000004
1356.1790126975275 30.000000000000004
1355.7019944975032 30.000000000000004
1354.747958097454 30.000000000000004
1352.8398852973544 30.000000000000004
1352.8398852973544 30.000000000000004
1356.1790126975275 30.000000000000004
1356.6560308975515 30.000000000000004
1359.5181400976926 30.000000000000004
1360.4721764977385 30.000000000000004
1360.9491946977612 30.000000000000004
1361.9032310978062 30.000000000000004
1362.3802492978284 30.000000000000004
1363.3342856978722 30.000000000000004
1363.811303897894 30.000000000000004
1363.811303897894 30.000000000000004
1364.2883220979156 30.000000000000004
1363.811303897894 30.000000000000004
1362.8572674978504 30.000000000000004
1361.4262128977837 30.000000000000004
1362.3802492978284 30.000000000000004
1361.9032310978062 30.000000000000004
1361.9032310978062 30.000000000000004
1361.4262128977837 30.000000000000004
1361.4262128977837 30.000000000000004
1362.3802492978284 30.000000000000004
1362.8572674978504 30.000000000000004
1363.3342856978722 30.000000000000004
1362.8572674978504 30.000000000000004
1363.3342856978722 30.000000000000004
1363.3342856978722 30.000000000000004
1361.9032310978062 30.000000000000004
1363.3342856978722 30.000000000000004
1363.3342856978722 30.000000000000004
1363.3342856978722 30.000000000000004
1364.7653402979372 30.000000000000004
1363.811303897894 30.000000000000004
1363.3342856978722 30.000000000000004
1363.3342856978722 30.000000000000004
1364.7653402979372 30.000000000000004
1365.7193766979797 30.000000000000004
1367.1504312980423 30.000000000000004
1367.1504312980423 30.000000000000004
1368.5814858981037 30.000000000000004
1370.0125404981636 30.000000000000004
1370.0125404981636 30.000000000000004
1370.4895586981834 30.000000000000004
1369.5355222981439 30.000000000000004
1369.5355222981439 30.000000000000004
1370.4895586981834 30.000000000000004
1370.0125404981636 30.000000000000004
1370.4895586981834 30.000000000000004
1369.5355222981439 30.000000000000004
1368.5814858981037 30.000000000000004
1369.5355222981439 30.000000000000004
1369.5355222981439 30.000000000000004
1370.966576898203 30.000000000000004
1372.8746496982797 30.000000000000004
1373.8286860983173 30.000000000000004
1374.305704298336 30.000000000000004
1375.7367588983907 30.000000000000004
1375.2597406983728 30.000000000000004
1375.2597406983728 30.000000000000004
1375.2597406983728 30.000000000000004
1377.4063225984532 30.000000000000004
1378.3603589984882 30.000000000000004
1377.883340798471 30.000000000000004
1377.6448316984622 30.000000000000004
1378.598868098497 30.000000000000004
1379.5529044985312 30.000000000000004
1378.598868098497 30.000000000000004
1379.0758862985142 30.000000000000004
1384.8001046987106 30.000000000000004
1383.3690500986631 30.000000000000004
1383.1305409986553 30.000000000000004
1384.5615955987028 30.000000000000004
1386.4696683987643 30.000000000000004
1387.4237047987945 30.000000000000004
1387.9007229988092 30.000000000000004
1389.331777598853 30.000000000000004
1391.2398503989095 30.000000000000004
1391.2398503989095 30.000000000000004
1390.7628321988957 30.000000000000004
1390.2858139988816 30.000000000000004
1392.1938867989372 30.000000000000004
1391.7168685989234 30.000000000000004
1392.6709049989508 30.000000000000004
1394.101959598991 30.000000000000004
1393.6249413989776 30.000000000000004
1392.6709049989508 30.000000000000004
1394.101959598991 30.000000000000004
1395.0559959990171 30.000000000000004
1395.0559959990171 30.000000000000004
1396.010032399043 30.000000000000004
1396.010032399043 30.000000000000004
1395.0559959990171 30.000000000000004
1395.0559959990171 30.000000000000004
1396.010032399043 30.000000000000004
1397.918105199093 30.000000000000004
1400.064687099147 30.000000000000004
1399.3491597991294 30.000000000000004
1399.8261779991412 30.000000000000004
1398.3951233991052 30.000000000000004
1398.3951233991052 30.000000000000004
1400.7802143991646 30.000000000000004
1399.8261779991412 30.000000000000004
1399.8261779991412 30.000000000000004
1399.8261779991412 30.000000000000004
1400.064687099147 30.000000000000004
1400.064687099147 30.000000000000004
1400.5417052991588 30.000000000000004
1400.5417052991588 30.000000000000004
1400.5417052991588 30.000000000000004
1401.0187234991704 30.000000000000004
1401.9727598991933 30.000000000000004
1402.4497780992047 30.000000000000004
1403.403814499227 30.000000000000004
1403.403814499227 30.000000000000004
1403.880832699238 30.000000000000004
1404.357850899249 30.000000000000004
1406.2659236992913 30.000000000000004
1407.4584691993168 30.000000000000004
1408.6510146993419 30.000000000000004
1409.1280328993519 30.000000000000004
1410.0820692993711 30.000000000000004
1411.0361056993902 30.000000000000004
1411.0361056993902 30.000000000000004
1412.9441784994267 30.000000000000004
1413.4211966994358 30.000000000000004
1415.3292694994705 30.000000000000004
1416.2833058994875 30.000000000000004
1417.2373422995038 30.000000000000004
1417.2373422995038 30.000000000000004
1418.1913786995199 30.000000000000004
1421.053487899566 30.000000000000004
1421.053487899566 30.000000000000004
1423.4385788996021 30.000000000000004
1423.4385788996021 30.000000000000004
1425.5851607996328 30.000000000000004
1426.0621789996394 30.000000000000004
1427.2547244996554 30.000000000000004
1428.685779099674 30.000000000000004
1428.685779099674 30.000000000000004
1429.16279729968 30.000000000000004
1429.16279729968 30.000000000000004
1429.6398154996862 30.000000000000004
1429.878324599689 30.000000000000004
1431.786397399712 30.000000000000004
1432.5019246997203 30.000000000000004
1434.6485065997442 30.000000000000004
1438.226143099781 30.000000000000004
1438.226143099781 30.000000000000004
1440.8497431998053 30.000000000000004
1440.8497431998053 30.000000000000004
1442.5193068998199 30.000000000000004
1443.7118523998297 30.000000000000004
1443.7118523998297 30.000000000000004
1443.4733432998278 30.000000000000004
1444.4273796998355 30.000000000000004
1442.757815999822 30.000000000000004
1442.757815999822 30.000000000000004
1442.996325099824 30.000000000000004
1443.9503614998318 30.000000000000004
1442.280797799818 30.000000000000004
1442.996325099824 30.000000000000004
1443.9503614998318 30.000000000000004
1445.8584342998465 30.000000000000004
1446.3354524998501 30.000000000000004
1446.8124706998537 30.000000000000004
1446.573961599852 30.000000000000004
1448.4820343998656 30.000000000000004
1448.9590525998688 30.000000000000004
1451.3441435998843 30.000000000000004
1451.8211617998872 30.000000000000004
1452.7751981998929 30.000000000000004
1453.2522163998956 30.000000000000004
1452.5366890998914 30.000000000000004
1453.2522163998956 30.000000000000004
1453.0137072998943 30.000000000000004
1453.0137072998943 30.000000000000004
1452.7751981998929 30.000000000000004
1453.490725499897 30.000000000000004
1452.7751981998929 30.000000000000004
1453.7292345998983 30.000000000000004
1454.921780099905 30.000000000000004
1454.4447618999025 30.000000000000004
1455.8758164999101 30.000000000000004
1454.921780099905 30.000000000000004
1453.2522163998956 30.000000000000004
1453.2522163998956 30.000000000000004
1453.2522163998956 30.000000000000004
1452.2981799998902 30.000000000000004
1453.0137072998943 30.000000000000004
1451.3441435998843 30.000000000000004
1452.2981799998902 30.000000000000004
1453.0137072998943 30.000000000000004
1453.9677436998998 30.000000000000004
1455.3987982999074 30.000000000000004
1455.1602891999062 30.000000000000004
1455.6373073999089 30.000000000000004
1454.6832709999037 30.000000000000004
1454.206252799901 30.000000000000004
1454.6832709999037 30.000000000000004
1455.6373073999089 30.000000000000004
1454.6832709999037 30.000000000000004
1456.1143255999114 30.000000000000004
1456.5913437999136 30.000000000000004
1456.1143255999114 30.000000000000004
1456.1143255999114 30.000000000000004
1456.3528346999124 30.000000000000004
1456.8298528999148 30.000000000000004
1457.5453801999183 30.000000000000004
1458.976434799925 30.000000000000004
1460.4074893999314 30.000000000000004
1461.6000348999364 30.000000000000004
1462.5540712999402 30.000000000000004
1465.6546895999513 30.000000000000004
1465.4161804999505 30.000000000000004
1464.939162299949 30.000000000000004
1468.2782896999595 30.000000000000004
1468.2782896999595 30.000000000000004
1468.9938169999616 30.000000000000004
1468.0397805999587 30.000000000000004
1469.2323260999622 30.000000000000004
1469.2323260999622 30.000000000000004
1468.7553078999608 30.000000000000004
1469.2323260999622 30.000000000000004
1468.9938169999616 30.000000000000004
1469.947853399964 30.000000000000004
1469.470835199963 30.000000000000004
1470.4248715999654 30.000000000000004
1470.4248715999654 30.000000000000004
1471.855926199969 30.000000000000004
1473.7639989999732 30.000000000000004
1474.2410171999743 30.000000000000004
1473.7639989999732 30.000000000000004
1474.2410171999743 30.000000000000004
1473.7639989999732 30.000000000000004
1475.1950535999763 30.000000000000004
1474.2410171999743 30.000000000000004
1473.7639989999732 30.000000000000004
1472.33294439997 30.000000000000004
1471.855926199969 30.000000000000004
1470.9018897999665 30.000000000000004
1472.33294439997 30.000000000000004
1473.7639989999732 30.000000000000004
1473.7639989999732 30.000000000000004
1473.2869807999723 30.000000000000004
1472.33294439997 30.000000000000004
1471.3789079999679 30.000000000000004
1471.3789079999679 30.000000000000004
1471.855926199969 30.000000000000004
1472.33294439997 30.000000000000004
1473.2869807999723 30.000000000000004
1473.2869807999723 30.000000000000004
1474.2410171999743 30.000000000000004
1472.8099625999712 30.000000000000004
1471.855926199969 30.000000000000004
1470.9018897999665 30.000000000000004
1469.947853399964 30.000000000000004
1470.4248715999654 30.000000000000004
1470.1863624999648 30.000000000000004
1470.663380699966 30.000000000000004
1471.1403988999673 30.000000000000004
1470.1863624999648 30.000000000000004
1469.7093442999635 30.000000000000004
1469.2323260999622 30.000000000000004
1469.2323260999622 30.000000000000004
1469.2323260999622 30.000000000000004
1468.2782896999595 30.000000000000004
1469.7093442999635 30.000000000000004
1469.470835199963 30.000000000000004
1469.470835199963 30.000000000000004
1469.470835199963 30.000000000000004
1470.4248715999654 30.000000000000004
1469.470835199963 30.000000000000004
1469.947853399964 30.000000000000004
1470.4248715999654 30.000000000000004
1469.470835199963 30.000000000000004
1469.947853399964 30.000000000000004
1470.4248715999654 30.000000000000004
1470.4248715999654 30.000000000000004
1471.1403988999673 30.000000000000004
1472.8099625999712 30.000000000000004
1473.0484716999717 30.000000000000004
1471.6174170999684 30.000000000000004
1472.8099625999712 30.000000000000004
1473.7639989999732 30.000000000000004
1474.2410171999743 30.000000000000004
1473.5254898999729 30.000000000000004
1474.7180353999752 30.000000000000004
1475.6720717999772 30.000000000000004
1474.0025080999737 30.000000000000004
1475.6720717999772 30.000000000000004
1475.4335626999766 30.000000000000004
1474.0025080999737 30.000000000000004
1474.0025080999737 30.000000000000004
1474.7180353999752 30.000000000000004
1472.8099625999712 30.000000000000004
1472.33294439997 30.000000000000004
1470.663380699966 30.000000000000004
1471.3789079999679 30.000000000000004
1471.3789079999679 30.000000000000004
1471.855926199969 30.000000000000004
1472.8099625999712 30.000000000000004
1473.2869807999723 30.000000000000004
1472.33294439997 30.000000000000004
1471.855926199969 30.000000000000004
1471.855926199969 30.000000000000004
1473.2869807999723 30.000000000000004
1471.3789079999679 30.000000000000004
1468.9938169999616 30.000000000000004
1469.2323260999622 30.000000000000004
1469.470835199963 30.000000000000004
1469.470835199963 30.000000000000004
1469.470835199963 30.000000000000004
1469.2323260999622 30.000000000000004
1467.5627623999574 30.000000000000004
1467.085744199956 30.000000000000004
1466.6087259999545 30.000000000000004
1467.3242532999566 30.000000000000004
1465.6546895999513 30.000000000000004
1465.4161804999505 30.000000000000004
1464.2236349999464 30.000000000000004
1463.9851258999456 30.000000000000004
1463.5081076999438 30.000000000000004
1463.5081076999438 30.000000000000004
1463.9851258999456 30.000000000000004
1463.5081076999438 30.000000000000004
1463.031089499942 30.000000000000004
1464.2236349999464 30.000000000000004
1463.7466167999446 30.000000000000004
1464.2236349999464 30.000000000000004
1464.2236349999464 30.000000000000004
1465.1776713999498 30.000000000000004
1464.4621440999472 30.000000000000004
1464.2236349999464 30.000000000000004
1463.7466167999446 30.000000000000004
1464.2236349999464 30.000000000000004
1464.700653199948 30.000000000000004
1463.7466167999446 30.000000000000004
1463.2695985999428 30.000000000000004
1462.792580399941 30.000000000000004
1462.3155621999392 30.000000000000004
1462.3155621999392 30.000000000000004
1460.4074893999314 30.000000000000004
1459.9304711999293 30.000000000000004
1459.4534529999273 30.000000000000004
1459.4534529999273 30.000000000000004
1459.9304711999293 30.000000000000004
1460.4074893999314 30.000000000000004
1461.3615257999354 30.000000000000004
1461.3615257999354 30.000000000000004
1458.737925699924 30.000000000000004
1459.2149438999263 30.000000000000004
1459.2149438999263 30.000000000000004
1458.2609074999218 30.000000000000004
1457.7838892999196 30.000000000000004
1457.7838892999196 30.000000000000004
1456.8298528999148 30.000000000000004
1457.3068710999173 30.000000000000004
1457.3068710999173 30.000000000000004
1458.2609074999218 30.000000000000004
1456.3528346999124 30.000000000000004
1456.8298528999148 30.000000000000004
1456.8298528999148 30.000000000000004
1455.3987982999074 30.000000000000004
1455.3987982999074 30.000000000000004
1454.921780099905 30.000000000000004
1453.9677436998998 30.000000000000004
1453.0137072998943 30.000000000000004
1452.5366890998914 30.000000000000004
1453.0137072998943 30.000000000000004
1452.0596708998887 30.000000000000004
1453.0137072998943 30.000000000000004
1453.0137072998943 30.000000000000004
1452.5366890998914 30.000000000000004
1453.0137072998943 30.000000000000004
1453.0137072998943 30.000000000000004
1453.0137072998943 30.000000000000004
1452.0596708998887 30.000000000000004
1452.5366890998914 30.000000000000004
1452.0596708998887 30.000000000000004
1452.7751981998929 30.000000000000004
1452.2981799998902 30.000000000000004
1451.3441435998843 30.000000000000004
1450.3901071998782 30.000000000000004
1451.3441435998843 30.000000000000004
1451.8211617998872 30.000000000000004
1451.8211617998872 30.000000000000004
1451.8211617998872 30.000000000000004
1451.8211617998872 30.000000000000004
1454.6832709999037 30.000000000000004
1456.5913437999136 30.000000000000004
1457.5453801999183 30.000000000000004
1458.4994165999228 30.000000000000004
1458.976434799925 30.000000000000004
1458.976434799925 30.000000000000004
1456.5913437999136 30.000000000000004
1457.068361999916 30.000000000000004
1457.5453801999183 30.000000000000004
1458.4994165999228 30.000000000000004
1458.976434799925 30.000000000000004
1458.0223983999206 30.000000000000004
1459.4534529999273 30.000000000000004
1458.0223983999206 30.000000000000004
1458.0223983999206 30.000000000000004
1459.4534529999273 30.000000000000004
1459.9304711999293 30.000000000000004
1459.9304711999293 30.000000000000004
1459.9304711999293 30.000000000000004
1461.8385439999374 30.000000000000004
1461.3615257999354 30.000000000000004
1460.4074893999314 30.000000000000004
1460.4074893999314 30.000000000000004
1461.8385439999374 30.000000000000004
1461.8385439999374 30.000000000000004
1462.3155621999392 30.000000000000004
1463.2695985999428 30.000000000000004
1463.2695985999428 30.000000000000004
1462.3155621999392 30.000000000000004
1463.2695985999428 30.000000000000004
1462.792580399941 30.000000000000004
1464.700653199948 30.000000000000004
1463.7466167999446 30.000000000000004
1463.7466167999446 30.000000000000004
1463.7466167999446 30.000000000000004
1464.700653199948 30.000000000000004
1463.7466167999446 30.000000000000004
1463.7466167999446 30.000000000000004
1464.2236349999464 30.000000000000004
1466.6087259999545 30.000000000000004
1468.5167987999603 30.000000000000004
1468.9938169999616 30.000000000000004
1468.9938169999616 30.000000000000004
1468.5167987999603 30.000000000000004
1468.5167987999603 30.000000000000004
1469.470835199963 30.000000000000004
1469.470835199963 30.000000000000004
1469.470835199963 30.000000000000004
1468.9938169999616 30.000000000000004
1468.5167987999603 30.000000000000004
1468.0397805999587 30.000000000000004
1466.8472350999552 30.000000000000004
1465.4161804999505 30.000000000000004
1463.9851258999456 30.000000000000004
1463.031089499942 30.000000000000004
1463.9851258999456 30.000000000000004
1463.031089499942 30.000000000000004
1462.5540712999402 30.000000000000004
1463.031089499942 30.000000000000004
1460.6459984999324 30.000000000000004
1461.6000348999364 30.000000000000004
1461.6000348999364 30.000000000000004
1461.6000348999364 30.000000000000004
1461.6000348999364 30.000000000000004
1462.0770530999382 30.000000000000004
1463.5081076999438 30.000000000000004
1463.031089499942 30.000000000000004
1463.031089499942 30.000000000000004
1463.031089499942 30.000000000000004
1463.5081076999438 30.000000000000004
1463.9851258999456 30.000000000000004
1463.9851258999456 30.000000000000004
1464.939162299949 30.000000000000004
1464.4621440999472 30.000000000000004
1464.939162299949 30.000000000000004
1464.939162299949 30.000000000000004
1464.939162299949 30.000000000000004
1465.893198699952 30.000000000000004
1464.4621440999472 30.000000000000004
1464.939162299949 30.000000000000004
1465.4161804999505 30.000000000000004
1466.8472350999552 30.000000000000004
1468.2782896999595 30.000000000000004
1468.2782896999595 30.000000000000004
1469.2323260999622 30.000000000000004
1469.7093442999635 30.000000000000004
1470.663380699966 30.000000000000004
1473.5254898999729 30.000000000000004
1472.8099625999712 30.000000000000004
1472.8099625999712 30.000000000000004
1474.2410171999743 30.000000000000004
1474.7180353999752 30.000000000000004
1474.7180353999752 30.000000000000004
1475.1950535999763 30.000000000000004
1476.149089999978 30.000000000000004
1475.6720717999772 30.000000000000004
1477.1031263999798 30.000000000000004
1477.5801445999805 30.000000000000004
1476.149089999978 30.000000000000004
1475.1950535999763 30.000000000000004
1475.1950535999763 30.000000000000004
1476.149089999978 30.000000000000004
1478.0571627999814 30.000000000000004
1479.4882173999836 30.000000000000004
1480.9192719999855 30.000000000000004
1480.4422537999849 30.000000000000004
1481.8733083999869 30.000000000000004
1481.8733083999869 30.000000000000004
1482.827344799988 30.000000000000004
1482.827344799988 30.000000000000004
1484.7354175999901 30.000000000000004
1484.2583993999897 30.000000000000004
1484.7354175999901 30.000000000000004
1485.2124357999905 30.000000000000004
1485.689453999991 30.000000000000004
1485.689453999991 30.000000000000004
1486.6434903999918 30.000000000000004
1486.1664721999914 30.000000000000004
1485.689453999991 30.000000000000004
1485.689453999991 30.000000000000004
1487.1205085999923 30.000000000000004
1487.5975267999927 30.000000000000004
1488.0745449999931 30.000000000000004
1488.0745449999931 30.000000000000004
1488.5515631999936 30.000000000000004
1489.0285813999938 30.000000000000004
1489.5055995999942 30.000000000000004
1489.0285813999938 30.000000000000004
1489.9826177999946 30.000000000000004
1491.4136723999954 30.000000000000004
1491.4136723999954 30.000000000000004
1492.367708799996 30.000000000000004
1492.367708799996 30.000000000000004
1491.4136723999954 30.000000000000004
1491.8906905999959 30.000000000000004
1495.2298179999977 30.000000000000004
1494.2757815999971 30.000000000000004
1494.7527997999975 30.000000000000004
1494.7527997999975 30.000000000000004
1495.2298179999977 30.000000000000004
1494.9913088999976 30.000000000000004
1495.4683270999979 30.000000000000004
1495.4683270999979 30.000000000000004
1494.9913088999976 30.000000000000004
1496.4223634999983 30.000000000000004
1495.945345299998 30.000000000000004
1496.4223634999983 30.000000000000004
1496.4223634999983 30.000000000000004
1496.8993816999985 30.000000000000004
1495.945345299998 30.000000000000004
1494.9913088999976 30.000000000000004
1495.4683270999979 30.000000000000004
1494.5142906999972 30.000000000000004
1495.4683270999979 30.000000000000004
1496.8993816999985 30.000000000000004
1497.3763998999987 30.000000000000004
1499.2844726999997 30.000000000000004
1499.5229817999998 30.000000000000004
1500.0 30.000000000000004
1500.9540364000004 30.000000000000004
1500.9540364000004 30.000000000000004
1501.9080728000008 30.000000000000004
1502.8621092000014 30.000000000000004
1502.385091000001 30.000000000000004
1502.8621092000014 30.000000000000004
1502.8621092000014 30.000000000000004
1502.8621092000014 30.000000000000004
1502.8621092000014 30.000000000000004
1504.7701820000023 30.000000000000004
1504.293163800002 30.000000000000004
1505.2472002000025 30.000000000000004
1505.7242184000029 30.000000000000004
1506.6782548000033 30.000000000000004
1506.6782548000033 30.000000000000004
1506.9167639000034 30.000000000000004
1507.3937821000038 30.000000000000004
1507.3937821000038 30.000000000000004
1507.870800300004 30.000000000000004
1510.2558913000057 30.000000000000004
1512.163964100007 30.000000000000004
1513.5950187000083 30.000000000000004
1513.5950187000083 30.000000000000004
1513.5950187000083 30.000000000000004
1514.0720369000087 30.000000000000004
1514.0720369000087 30.000000000000004
1514.0720369000087 30.000000000000004
1515.0260733000098 30.000000000000004
1515.0260733000098 30.000000000000004
1515.0260733000098 30.000000000000004
1515.5030915000102 30.000000000000004
1515.0260733000098 30.000000000000004
1515.0260733000098 30.000000000000004
1515.0260733000098 30.000000000000004
