L-SRTDE
1501.6695637000007 30.000000000000004
1501.1925455000005 30.000000000000004
1517.4111643000124 30.000000000000004
1431.5478882997093 30.000000000000004
1421.053487899566 30.000000000000004
1431.0708700997036 30.000000000000004
1421.5305060995734 30.000000000000004
1402.4497780992047 30.000000000000004
1408.6510146993419 30.000000000000004
1391.4783594989165 30.000000000000004
1367.6274494980628 30.000000000000004
1377.6448316984622 30.000000000000004
1360.9491946977612 30.000000000000004
1331.8510844960767 30.000000000000004
1343.776539496844 30.000000000000004
1327.5579206957727 30.000000000000004
1313.247374694646 30.000000000000004
1301.3219196935665 30.000000000000004
1295.1206830929516 30.000000000000004
1302.2759560936577 30.000000000000004
1296.5517376930968 30.000000000000004
1285.1033008918769 30.000000000000004
1289.3964646923498 30.000000000000004
1283.1952280916605 30.000000000000004
1274.6089004906387 30.000000000000004
1284.1492644917691 30.000000000000004
1278.9020642911596 30.000000000000004
1278.9020642911596 30.000000000000004
1292.7355920927048 30.000000000000004
1286.5343554920366 30.000000000000004
1282.7182098916057 30.000000000000004
1292.7355920927048 30.000000000000004
1291.7815556926046 30.000000000000004
1291.7815556926046 30.000000000000004
1300.3678832934743 30.000000000000004
1293.2126102927546 30.000000000000004
1288.9194464922984 30.000000000000004
1290.3505010924525 30.000000000000004
1287.0113736920894 30.000000000000004
1290.8275192925034 30.000000000000004
1299.890865093428 30.000000000000004
1304.1840288938376 30.000000000000004
1305.1380652939263 30.000000000000004
1314.2014110947266 30.000000000000004
1311.339301894482 30.000000000000004
1309.4312290943149 30.000000000000004
1312.2933382945644 30.000000000000004
1312.7703564946053 30.000000000000004
1310.385265494399 30.000000000000004
1316.5865020949248 30.000000000000004
1314.2014110947266 30.000000000000004
1314.2014110947266 30.000000000000004
1312.2933382945644 30.000000000000004
1316.1094838948854 30.000000000000004
1309.4312290943149 30.000000000000004
1308.47719269423 30.000000000000004
1313.7243928946864 30.000000000000004
1313.247374694646 30.000000000000004
1319.4486112951558 30.000000000000004
1320.8796658952688 30.000000000000004
1323.264756895453 30.000000000000004
1322.7877386954167 30.000000000000004
1327.080902495738 30.000000000000004
1328.988975295876 30.000000000000004
1330.4200298959772 30.000000000000004
1331.3740662960438 30.000000000000004
1331.3740662960438 30.000000000000004
1336.621266496397 30.000000000000004
1341.3914484966995 30.000000000000004
1342.8225030967867 30.000000000000004
1345.6846122969564 30.000000000000004
1346.1616304969841 30.000000000000004
1348.0697032970932 30.000000000000004
1355.2249762974786 30.000000000000004
1354.2709398974293 30.000000000000004
1357.1330490975754 30.000000000000004
1355.2249762974786 30.000000000000004
1353.3169034973796 30.000000000000004
1358.5641036976463 30.000000000000004
1360.4721764977385 30.000000000000004
1360.9491946977612 30.000000000000004
1362.3802492978284 30.000000000000004
1366.6734130980217 30.000000000000004
1366.1963948980006 30.000000000000004
1364.2883220979156 30.000000000000004
1373.8286860983173 30.000000000000004
1372.8746496982797 30.000000000000004
1370.0125404981636 30.000000000000004
1378.598868098497 30.000000000000004
1380.0299226985483 30.000000000000004
1382.4150136986311 30.000000000000004
1381.9379954986148 30.000000000000004
1384.323086498695 30.000000000000004
1386.2311592987567 30.000000000000004
1384.8001046987106 30.000000000000004
1387.6622138988018 30.000000000000004
1386.7081774987719 30.000000000000004
1391.0013412989026 30.000000000000004
1399.5876688991352 30.000000000000004
1401.495741699182 30.000000000000004
1397.679596099087 30.000000000000004
1397.2025778990744 30.000000000000004
1406.7429418993015 30.000000000000004
1405.3118872992702 30.000000000000004
1402.926796299216 30.000000000000004
1404.357850899249 30.000000000000004
1409.6050510993616 30.000000000000004
1407.696978299322 30.000000000000004
1404.8348690992595 30.000000000000004
1404.8348690992595 30.000000000000004
1406.7429418993015 30.000000000000004
1406.2659236992913 30.000000000000004
1408.1739964993321 30.000000000000004
1411.5131238993995 30.000000000000004
1414.3752330994532 30.000000000000004
1414.8522512994618 30.000000000000004
1413.8982148994446 30.000000000000004
1416.2833058994875 30.000000000000004
1417.2373422995038 30.000000000000004
1419.6224332995434 30.000000000000004
1424.392615299616 30.000000000000004
1425.8236698996361 30.000000000000004
1432.024906499715 30.000000000000004
1436.318070299762 30.000000000000004
1437.2721066997715 30.000000000000004
1437.7491248997762 30.000000000000004
1438.7031612997855 30.000000000000004
1445.8584342998465 30.000000000000004
1448.7205434998673 30.000000000000004
1453.9677436998998 30.000000000000004
1453.9677436998998 30.000000000000004
1451.1056344998829 30.000000000000004
1454.921780099905 30.000000000000004
1459.2149438999263 30.000000000000004
1458.2609074999218 30.000000000000004
1459.2149438999263 30.000000000000004
1458.737925699924 30.000000000000004
1462.0770530999382 30.000000000000004
1459.2149438999263 30.000000000000004
1459.2149438999263 30.000000000000004
1459.6919620999283 30.000000000000004
1460.1689802999304 30.000000000000004
1461.1230166999344 30.000000000000004
1464.939162299949 30.000000000000004
1463.5081076999438 30.000000000000004
1463.031089499942 30.000000000000004
1464.939162299949 30.000000000000004
1467.3242532999566 30.000000000000004
1470.1863624999648 30.000000000000004
1471.6174170999684 30.000000000000004
1470.663380699966 30.000000000000004
1472.5714534999706 30.000000000000004
1472.0944352999695 30.000000000000004
1473.5254898999729 30.000000000000004
1475.4335626999766 30.000000000000004
1476.3875990999784 30.000000000000004
1479.2497082999832 30.000000000000004
1482.1118174999872 30.000000000000004
1486.4049812999917 30.000000000000004
1487.3590176999926 30.000000000000004
1489.267090499994 30.000000000000004
1488.3130540999932 30.000000000000004
1490.2211268999947 30.000000000000004
1493.0832360999966 30.000000000000004
1493.0832360999966 30.000000000000004
1497.3763998999987 30.000000000000004
1496.8993816999985 30.000000000000004
1496.4223634999983 30.000000000000004
1499.2844726999997 30.000000000000004
1500.2385091 30.000000000000004
1502.6236001000013 30.000000000000004
1501.6695637000007 30.000000000000004
1503.5776365000017 30.000000000000004
1507.870800300004 30.000000000000004
1508.3478185000042 30.000000000000004
1507.3937821000038 30.000000000000004
1507.870800300004 30.000000000000004
1510.732909500006 30.000000000000004
1510.732909500006 30.000000000000004
1511.6869459000068 30.000000000000004
1514.5490551000091 30.000000000000004
1511.6869459000068 30.000000000000004
1512.163964100007 30.000000000000004
1513.5950187000083 30.000000000000004
1512.163964100007 30.000000000000004
1514.0720369000087 30.000000000000004
1512.6409823000074 30.000000000000004
1515.5030915000102 30.000000000000004
1517.4111643000124 30.000000000000004
1517.8881825000128 30.000000000000004
1519.7962553000154 30.000000000000004
1518.3652007000135 30.000000000000004
1520.273273500016 30.000000000000004
1525.0434555000243 30.000000000000004
1524.5664373000234 30.000000000000004
1524.0894191000225 30.000000000000004
1525.5204737000251 30.000000000000004
1524.5664373000234 30.000000000000004
1527.9055647000305 30.000000000000004
1530.2906557000365 30.000000000000004
1532.1987285000419 30.000000000000004
1533.6297831000463 30.000000000000004
1534.5838195000495 30.000000000000004
1534.5838195000495 30.000000000000004
1537.9229469000618 30.000000000000004
1537.9229469000618 30.000000000000004
1539.3540015000676 30.000000000000004
1538.8769833000656 30.000000000000004
1539.8310197000696 30.000000000000004
1540.3080379000717 30.000000000000004
1542.6931289000827 30.000000000000004
1543.1701471000852 30.000000000000004
1547.9403291001113 30.000000000000004
1546.509274500103 30.000000000000004
1548.8943655001171 30.000000000000004
1550.086911000125 30.000000000000004
1549.1328746001186 30.000000000000004
1550.5639292001279 30.000000000000004
1550.3254201001264 30.000000000000004
1550.8024383001296 30.000000000000004
1550.8024383001296 30.000000000000004
1548.4173473001142 30.000000000000004
1550.086911000125 30.000000000000004
1554.6185839001569 30.000000000000004
1553.6645475001499 30.000000000000004
1554.6185839001569 30.000000000000004
1553.426038400148 30.000000000000004
1553.426038400148 30.000000000000004
1553.6645475001499 30.000000000000004
1556.0496385001682 30.000000000000004
1556.0496385001682 30.000000000000004
1557.242184000178 30.000000000000004
1557.242184000178 30.000000000000004
1558.6732386001904 30.000000000000004
1561.5353478002166 30.000000000000004
1562.0123660002214 30.000000000000004
1561.0583296002121 30.000000000000004
1561.5353478002166 30.000000000000004
1562.966402400231 30.000000000000004
1562.966402400231 30.000000000000004
1565.3514934002558 30.000000000000004
1566.3055298002662 30.000000000000004
1566.7825480002716 30.000000000000004
1566.7825480002716 30.000000000000004
1569.1676390002992 30.000000000000004
1571.5527300003291 30.000000000000004
1571.5527300003291 30.000000000000004
1570.121675400311 30.000000000000004
1572.5067664003413 30.000000000000004
1572.5067664003413 30.000000000000004
1572.983784600348 30.000000000000004
1574.4148392003672 30.000000000000004
1573.9378210003606 30.000000000000004
1577.2769484004084 30.000000000000004
1578.7080030004304 30.000000000000004
1579.1850212004376 30.000000000000004
1577.7539666004157 30.000000000000004
1578.7080030004304 30.000000000000004
1578.7080030004304 30.000000000000004
1577.2769484004084 30.000000000000004
1577.7539666004157 30.000000000000004
1577.7539666004157 30.000000000000004
1578.230984800423 30.000000000000004
1578.230984800423 30.000000000000004
1578.7080030004304 30.000000000000004
1579.662039400445 30.000000000000004
1582.5241486004923 30.000000000000004
1582.047130400484 30.000000000000004
1583.4781850005086 30.000000000000004
1582.047130400484 30.000000000000004
1583.4781850005086 30.000000000000004
1586.3402942005598 30.000000000000004
1585.863276000551 30.000000000000004
1584.9092396005337 30.000000000000004
1586.8173124005687 30.000000000000004
1587.2943306005777 30.000000000000004
1587.2943306005777 30.000000000000004
1589.2024034006147 30.000000000000004
1589.2024034006147 30.000000000000004
1588.7253852006052 30.000000000000004
1587.7713488005868 30.000000000000004
1589.6794216006242 30.000000000000004
1591.110476200653 30.000000000000004
1590.1564398006337 30.000000000000004
1590.6334580006433 30.000000000000004
1591.110476200653 30.000000000000004
1593.0185490006932 30.000000000000004
1593.4955672007036 30.000000000000004
1594.4496036007245 30.000000000000004
1595.4036400007458 30.000000000000004
1595.1651309007405 30.000000000000004
1594.6881127007298 30.000000000000004
1595.642149100751 30.000000000000004
1597.073203700784 30.000000000000004
1598.504258300818 30.000000000000004
1598.0272401008067 30.000000000000004
1597.5502219007953 30.000000000000004
1598.9812765008296 30.000000000000004
1599.4582947008412 30.000000000000004
1600.4123311008648 30.000000000000004
1599.935312900853 30.000000000000004
1599.935312900853 30.000000000000004
1600.4123311008648 30.000000000000004
1601.3663675008888 30.000000000000004
1602.320403900913 30.000000000000004
1603.7514585009508 30.000000000000004
1605.6595313010025 30.000000000000004
1607.0905859010425 30.000000000000004
1606.6135677010288 30.000000000000004
1606.1365495010157 30.000000000000004
1606.6135677010288 30.000000000000004
1607.8061132010628 30.000000000000004
1607.3290950010492 30.000000000000004
1609.2371678011043 30.000000000000004
1609.7141860011184 30.000000000000004
1610.1912042011327 30.000000000000004
1612.5762952012055 30.000000000000004
1614.4843680012661 30.000000000000004
1616.1539317013207 30.000000000000004
1619.9700773014517 30.000000000000004
1619.493059101435 30.000000000000004
1620.4470955014688 30.000000000000004
1620.9241137014858 30.000000000000004
1619.9700773014517 30.000000000000004
1619.493059101435 30.000000000000004
1619.493059101435 30.000000000000004
1619.493059101435 30.000000000000004
1619.493059101435 30.000000000000004
1620.9241137014858 30.000000000000004
1621.8781501015205 30.000000000000004
1622.8321865015555 30.000000000000004
1622.8321865015555 30.000000000000004
1623.7862229015911 30.000000000000004
1623.7862229015911 30.000000000000004
1622.8321865015555 30.000000000000004
1621.8781501015205 30.000000000000004
1621.8781501015205 30.000000000000004
1621.8781501015205 30.000000000000004
1621.8781501015205 30.000000000000004
1622.8321865015555 30.000000000000004
1620.9241137014858 30.000000000000004
1620.9241137014858 30.000000000000004
1620.4470955014688 30.000000000000004
1620.4470955014688 30.000000000000004
1621.401131901503 30.000000000000004
1620.4470955014688 30.000000000000004
1619.493059101435 30.000000000000004
1619.9700773014517 30.000000000000004
1619.0160409014184 30.000000000000004
1619.493059101435 30.000000000000004
1620.9241137014858 30.000000000000004
1621.1626228014945 30.000000000000004
1621.401131901503 30.000000000000004
1622.3551683015378 30.000000000000004
1622.8321865015555 30.000000000000004
1622.3551683015378 30.000000000000004
1620.9241137014858 30.000000000000004
1621.401131901503 30.000000000000004
1620.9241137014858 30.000000000000004
1621.8781501015205 30.000000000000004
1622.3551683015378 30.000000000000004
1623.3092047015732 30.000000000000004
1623.3092047015732 30.000000000000004
1623.3092047015732 30.000000000000004
1623.3092047015732 30.000000000000004
1624.7402593016272 30.000000000000004
1625.694295701664 30.000000000000004
1626.1713139016827 30.000000000000004
1627.6023685017392 30.000000000000004
1627.1253503017203 30.000000000000004
1627.1253503017203 30.000000000000004
1627.1253503017203 30.000000000000004
1626.6483321017015 30.000000000000004
1626.1713139016827 30.000000000000004
1625.2172775016456 30.000000000000004
1624.7402593016272 30.000000000000004
1623.7862229015911 30.000000000000004
1625.2172775016456 30.000000000000004
1625.2172775016456 30.000000000000004
1624.2632411016093 30.000000000000004
1625.2172775016456 30.000000000000004
1626.1713139016827 30.000000000000004
1627.1253503017203 30.000000000000004
1626.1713139016827 30.000000000000004
1627.1253503017203 30.000000000000004
1627.6023685017392 30.000000000000004
1628.0793867017583 30.000000000000004
1628.5564049017778 30.000000000000004
1629.033423101797 30.000000000000004
1628.5564049017778 30.000000000000004
1627.6023685017392 30.000000000000004
1628.5564049017778 30.000000000000004
1629.033423101797 30.000000000000004
1629.5104413018166 30.000000000000004
1629.9874595018364 30.000000000000004
1629.9874595018364 30.000000000000004
1629.9874595018364 30.000000000000004
1630.9414959018764 30.000000000000004
1629.9874595018364 30.000000000000004
1629.9874595018364 30.000000000000004
1630.4644777018561 30.000000000000004
1630.9414959018764 30.000000000000004
1630.4644777018561 30.000000000000004
1630.4644777018561 30.000000000000004
1630.9414959018764 30.000000000000004
1631.4185141018963 30.000000000000004
1631.4185141018963 30.000000000000004
1630.9414959018764 30.000000000000004
1631.8955323019168 30.000000000000004
1634.2806233020203 30.000000000000004
1635.2346597020628 30.000000000000004
1635.7116779020844 30.000000000000004
1636.188696102106 30.000000000000004
1635.2346597020628 30.000000000000004
1635.2346597020628 30.000000000000004
1634.0421142020098 30.000000000000004
1633.0880778019682 30.000000000000004
1631.6570232019064 30.000000000000004
1633.5650960019889 30.000000000000004
1633.0880778019682 30.000000000000004
1632.6110596019473 30.000000000000004
1630.2259686018463 30.000000000000004
1630.9414959018764 30.000000000000004
1629.033423101797 30.000000000000004
1629.033423101797 30.000000000000004
1629.271932201807 30.000000000000004
1631.1800050018865 30.000000000000004
1633.3265869019783 30.000000000000004
1633.8036051019994 30.000000000000004
1635.2346597020628 30.000000000000004
1635.2346597020628 30.000000000000004
1635.950187002095 30.000000000000004
1636.9042234021385 30.000000000000004
1639.766332602273 30.000000000000004
1643.3439691024485 30.000000000000004
1643.5824782024606 30.000000000000004
1645.967569202583 30.000000000000004
1647.1601147026456 30.000000000000004
1648.5911693027224 30.000000000000004
1647.875642002684 30.000000000000004
1649.7837148027872 30.000000000000004
1649.068187502748 30.000000000000004
1648.8296784027352 30.000000000000004
1649.3066966027611 30.000000000000004
1650.4992421028267 30.000000000000004
1650.4992421028267 30.000000000000004
1650.73775120284 30.000000000000004
1651.6917876028933 30.000000000000004
1652.6458240029474 30.000000000000004
1652.6458240029474 30.000000000000004
1653.5998604030021 30.000000000000004
1654.0768786030299 30.000000000000004
1654.0768786030299 30.000000000000004
1652.8843331029611 30.000000000000004
1652.4073149029339 30.000000000000004
1651.9302967029068 30.000000000000004
1651.9302967029068 30.000000000000004
1653.3613513029884 30.000000000000004
1653.3613513029884 30.000000000000004
1651.9302967029068 30.000000000000004
1652.1688058029204 30.000000000000004
1651.2147694028665 30.000000000000004
1651.9302967029068 30.000000000000004
1652.8843331029611 30.000000000000004
1651.45327850288 30.000000000000004
1651.6917876028933 30.000000000000004
1652.6458240029474 30.000000000000004
1653.5998604030021 30.000000000000004
1653.5998604030021 30.000000000000004
1653.1228422029747 30.000000000000004
1652.1688058029204 30.000000000000004
1651.6917876028933 30.000000000000004
1650.2607330028136 30.000000000000004
1650.2607330028136 30.000000000000004
1649.7837148027872 30.000000000000004
1649.7837148027872 30.000000000000004
1650.0222239028003 30.000000000000004
1650.4992421028267 30.000000000000004
1650.9762603028532 30.000000000000004
1649.068187502748 30.000000000000004
1648.1141511026967 30.000000000000004
1650.2607330028136 30.000000000000004
1650.2607330028136 30.000000000000004
1650.0222239028003 30.000000000000004
1649.7837148027872 30.000000000000004
1652.1688058029204 30.000000000000004
1652.4073149029339 30.000000000000004
1649.068187502748 30.000000000000004
1649.5452057027742 30.000000000000004
1649.7837148027872 30.000000000000004
1650.0222239028003 30.000000000000004
1650.0222239028003 30.000000000000004
1650.4992421028267 30.000000000000004
1649.5452057027742 30.000000000000004
1649.5452057027742 30.000000000000004
1647.875642002684 30.000000000000004
1646.921605602633 30.000000000000004
1646.921605602633 30.000000000000004
1647.3986238026584 30.000000000000004
1647.3986238026584 30.000000000000004
1647.875642002684 30.000000000000004
1647.875642002684 30.000000000000004
1648.8296784027352 30.000000000000004
1649.3066966027611 30.000000000000004
1649.068187502748 30.000000000000004
1648.5911693027224 30.000000000000004
1649.068187502748 30.000000000000004
1650.73775120284 30.000000000000004
1650.4992421028267 30.000000000000004
1650.0222239028003 30.000000000000004
1649.3066966027611 30.000000000000004
1649.3066966027611 30.000000000000004
1650.2607330028136 30.000000000000004
1651.45327850288 30.000000000000004
1651.9302967029068 30.000000000000004
1652.1688058029204 30.000000000000004
1652.4073149029339 30.000000000000004
1653.5998604030021 30.000000000000004
1654.0768786030299 30.000000000000004
1653.8383695030159 30.000000000000004
1655.2694241030995 30.000000000000004
1655.7464423031277 30.000000000000004
1655.2694241030995 30.000000000000004
1655.0309150030855 30.000000000000004
1654.5538968030576 30.000000000000004
1656.938987803199 30.000000000000004
1656.938987803199 30.000000000000004
1659.324078803345 30.000000000000004
1659.324078803345 30.000000000000004
1659.8010970033745 30.000000000000004
1662.1861880035258 30.000000000000004
1662.6632062035565 30.000000000000004
1662.6632062035565 30.000000000000004
1663.6172426036185 30.000000000000004
1666.0023336037768 30.000000000000004
1666.4793518038089 30.000000000000004
1667.433388203874 30.000000000000004
1668.864442803973 30.000000000000004
1669.341461004006 30.000000000000004
1668.3874246039395 30.000000000000004
1668.864442803973 30.000000000000004
1669.341461004006 30.000000000000004
1669.8184792040397 30.000000000000004
1669.341461004006 30.000000000000004
1669.8184792040397 30.000000000000004
1669.8184792040397 30.000000000000004
1671.7265520041756 30.000000000000004
1672.4420793042273 30.000000000000004
1672.919097504262 30.000000000000004
1671.7265520041756 30.000000000000004
1672.2035702042099 30.000000000000004
1671.7265520041756 30.000000000000004
1671.2495338041413 30.000000000000004
1670.5340065040903 30.000000000000004
1670.2954974040733 30.000000000000004
1671.7265520041756 30.000000000000004
1671.4880429041584 30.000000000000004
1672.4420793042273 30.000000000000004
1671.9650611041927 30.000000000000004
1672.2035702042099 30.000000000000004
1672.2035702042099 30.000000000000004
1672.6805884042446 30.000000000000004
1673.6346248043144 30.000000000000004
1674.1116430043496 30.000000000000004
1673.6346248043144 30.000000000000004
1673.6346248043144 30.000000000000004
1673.1576066042794 30.000000000000004
1673.1576066042794 30.000000000000004
1674.1116430043496 30.000000000000004
1674.588661204385 30.000000000000004
1674.827170304403 30.000000000000004
1674.827170304403 30.000000000000004
1675.7812067044745 30.000000000000004
1675.0656794044207 30.000000000000004
1675.0656794044207 30.000000000000004
1675.5426976044564 30.000000000000004
1674.827170304403 30.000000000000004
1676.2582249045104 30.000000000000004
1676.973752204565 30.000000000000004
1678.1662977046567 30.000000000000004
1679.1203341047312 30.000000000000004
1678.8818250047125 30.000000000000004
1679.5973523047685 30.000000000000004
1679.3588432047497 30.000000000000004
1679.5973523047685 30.000000000000004
1679.1203341047312 30.000000000000004
1679.1203341047312 30.000000000000004
1679.5973523047685 30.000000000000004
1679.3588432047497 30.000000000000004
1679.8358614047875 30.000000000000004
1679.8358614047875 30.000000000000004
1678.8818250047125 30.000000000000004
1679.1203341047312 30.000000000000004
1679.3588432047497 30.000000000000004
1681.2669160049013 30.000000000000004
1681.028406904882 30.000000000000004
1681.5054251049203 30.000000000000004
1682.6979706050167 30.000000000000004
1682.6979706050167 30.000000000000004
1682.4594615049975 30.000000000000004
1684.3675343051539 30.000000000000004
1684.3675343051539 30.000000000000004
1684.3675343051539 30.000000000000004
1684.6060434051738 30.000000000000004
1684.6060434051738 30.000000000000004
1684.6060434051738 30.000000000000004
1684.3675343051539 30.000000000000004
1685.5600798052533 30.000000000000004
1686.514116205334 30.000000000000004
1686.752625305354 30.000000000000004
1686.9911344053744 30.000000000000004
1686.9911344053744 30.000000000000004
1686.514116205334 30.000000000000004
1687.2296435053947 30.000000000000004
1688.1836799054768 30.000000000000004
1689.1377163055595 30.000000000000004
1688.660698105518 30.000000000000004
1689.614734505601 30.000000000000004
1690.5687709056851 30.000000000000004
1690.5687709056851 30.000000000000004
1690.5687709056851 30.000000000000004
1690.091752705643 30.000000000000004
1690.091752705643 30.000000000000004
1688.660698105518 30.000000000000004
1687.9451708054562 30.000000000000004
1688.4221890054973 30.000000000000004
1688.1836799054768 30.000000000000004
1689.1377163055595 30.000000000000004
1689.614734505601 30.000000000000004
1689.3762254055803 30.000000000000004
1689.853243605622 30.000000000000004
1688.660698105518 30.000000000000004
1688.4221890054973 30.000000000000004
1688.4221890054973 30.000000000000004
1688.660698105518 30.000000000000004
1690.091752705643 30.000000000000004
1690.8072800057062 30.000000000000004
1692.238334605834 30.000000000000004
1694.3849165060296 30.000000000000004
1694.8619347060737 30.000000000000004
1694.3849165060296 30.000000000000004
1694.3849165060296 30.000000000000004
1694.1464074060077 30.000000000000004
1695.1004438060957 30.000000000000004
1696.0544802061845 30.000000000000004
1697.0085166062743 30.000000000000004
1697.962553006365 30.000000000000004
1698.4395712064106 30.000000000000004
1698.4395712064106 30.000000000000004
1697.7240439063423 30.000000000000004
1700.109134906572 30.000000000000004
1701.0631713066657 30.000000000000004
1701.5401895067127 30.000000000000004
1702.01720770676 30.000000000000004
1703.6867714069272 30.000000000000004
1704.1637896069756 30.000000000000004
1708.4569534074205 30.000000000000004
1709.4109898075221 30.000000000000004
1710.3650262076244 30.000000000000004
1711.3190626077276 30.000000000000004
1711.7960808077796 30.000000000000004
1711.7960808077796 30.000000000000004
1712.7501172078844 30.000000000000004
1714.6581900080964 30.000000000000004
1715.6122264082037 30.000000000000004
1717.0432810083669 30.000000000000004
1719.4283720086435 30.000000000000004
1720.3824084087557 30.000000000000004
1722.2904812089832 30.000000000000004
1723.2445176090985 30.000000000000004
1724.675572209273 30.000000000000004
1725.6296086093907 30.000000000000004
1727.0606632095692 30.000000000000004
1729.9227724099328 30.000000000000004
1733.738918010432 30.000000000000004
1735.6469908106874 30.000000000000004
1735.8854999107198 30.000000000000004
1737.7935727109802 30.000000000000004
1738.7476091111118 30.000000000000004
1739.7016455112448 30.000000000000004
1740.6556819113787 30.000000000000004
1742.5637547116496 30.000000000000004
1743.5177911117867 30.000000000000004
1744.4718275119249 30.000000000000004
1744.4718275119249 30.000000000000004
1744.4718275119249 30.000000000000004
1745.664373012099 30.000000000000004
1747.0954276123102 30.000000000000004
1747.5724458123811 30.000000000000004
1748.0494640124525 30.000000000000004
1748.526482212524 30.000000000000004
1748.526482212524 30.000000000000004
1748.526482212524 30.000000000000004
1748.526482212524 30.000000000000004
1748.0494640124525 30.000000000000004
1748.0494640124525 30.000000000000004
1747.5724458123811 30.000000000000004
1747.5724458123811 30.000000000000004
1748.0494640124525 30.000000000000004
1749.0035004125957 30.000000000000004
1749.4805186126678 30.000000000000004
1749.4805186126678 30.000000000000004
1750.4345550128128 30.000000000000004
1750.4345550128128 30.000000000000004
1750.9115732128857 30.000000000000004
1750.9115732128857 30.000000000000004
1751.388591412959 30.000000000000004
1752.81964601318 30.000000000000004
1753.2966642132544 30.000000000000004
1754.2507006134038 30.000000000000004
1754.2507006134038 30.000000000000004
1754.727718813479 30.000000000000004
1755.2047370135544 30.000000000000004
1755.2047370135544 30.000000000000004
1756.6357916137822 30.000000000000004
1756.1587734137058 30.000000000000004
1755.920264313668 30.000000000000004
1755.920264313668 30.000000000000004
1756.3972825137441 30.000000000000004
1756.3972825137441 30.000000000000004
1756.3972825137441 30.000000000000004
1756.3972825137441 30.000000000000004
1756.3972825137441 30.000000000000004
1756.8743007138205 30.000000000000004
1757.351318913897 30.000000000000004
1758.3053553140514 30.000000000000004
1759.2593917142067 30.000000000000004
1759.020882614168 30.000000000000004
1760.690446314442 30.000000000000004
1762.1215009146797 30.000000000000004
1762.1215009146797 30.000000000000004
1762.1215009146797 30.000000000000004
1762.5985191147595 30.000000000000004
1762.5985191147595 30.000000000000004
1762.5985191147595 30.000000000000004
1763.0755373148397 30.000000000000004
1764.7451010151224 30.000000000000004
1765.222119215204 30.000000000000004
1766.8916829154912 30.000000000000004
1767.1301920155324 30.000000000000004
1767.6072102156154 30.000000000000004
1767.8457193156569 30.000000000000004
1769.038264815866 30.000000000000004
1769.038264815866 30.000000000000004
1769.038264815866 30.000000000000004
1770.469319416119 30.000000000000004
1770.469319416119 30.000000000000004
1771.4233558162894 30.000000000000004
1772.3773922164607 30.000000000000004
1772.8544104165471 30.000000000000004
1773.3314286166335 30.000000000000004
1774.2854650168074 30.000000000000004
1774.7624832168947 30.000000000000004
1775.2395014169824 30.000000000000004
1775.7165196170704 30.000000000000004
1776.1935378171588 30.000000000000004
1776.6705560172472 30.000000000000004
1776.6705560172472 30.000000000000004
1777.1475742173363 30.000000000000004
1778.101610617515 30.000000000000004
1778.101610617515 30.000000000000004
1778.5786288176048 30.000000000000004
1778.5786288176048 30.000000000000004
1778.5786288176048 30.000000000000004
1778.5786288176048 30.000000000000004
1779.055647017695 30.000000000000004
1779.055647017695 30.000000000000004
1779.055647017695 30.000000000000004
1779.2941561177402 30.000000000000004
1779.2941561177402 30.000000000000004
1779.2941561177402 30.000000000000004
1779.2941561177402 30.000000000000004
1779.7711743178309 30.000000000000004
1779.7711743178309 30.000000000000004
1779.2941561177402 30.000000000000004
1779.2941561177402 30.000000000000004
1779.7711743178309 30.000000000000004
1779.7711743178309 30.000000000000004
1779.7711743178309 30.000000000000004
1779.2941561177402 30.000000000000004
1779.2941561177402 30.000000000000004
1779.2941561177402 30.000000000000004
1779.2941561177402 30.000000000000004
1778.81713791765 30.000000000000004
1778.81713791765 30.000000000000004
1778.81713791765 30.000000000000004
1778.81713791765 30.000000000000004
1778.81713791765 30.000000000000004
1779.2941561177402 30.000000000000004
1778.81713791765 30.000000000000004
1778.81713791765 30.000000000000004
1779.2941561177402 30.000000000000004
1779.2941561177402 30.000000000000004
1779.2941561177402 30.000000000000004
1779.2941561177402 30.000000000000004
1779.2941561177402 30.000000000000004
1780.725210718013 30.000000000000004
1780.725210718013 30.000000000000004
1780.4867016179674 30.000000000000004
1780.4867016179674 30.000000000000004
1780.4867016179674 30.000000000000004
1780.4867016179674 30.000000000000004
1780.4867016179674 30.000000000000004
1780.0096834178762 30.000000000000004
1780.0096834178762 30.000000000000004
1780.4867016179674 30.000000000000004
1780.4867016179674 30.000000000000004
1780.4867016179674 30.000000000000004
1780.4867016179674 30.000000000000004
1780.4867016179674 30.000000000000004
1780.4867016179674 30.000000000000004
1780.4867016179674 30.000000000000004
1780.4867016179674 30.000000000000004
1780.4867016179674 30.000000000000004
1780.4867016179674 30.000000000000004
1780.4867016179674 30.000000000000004
1780.4867016179674 30.000000000000004
1780.4867016179674 30.000000000000004
1780.9637198180587 30.000000000000004
1780.4867016179674 30.000000000000004
1780.4867016179674 30.000000000000004
1780.4867016179674 30.000000000000004
1780.4867016179674 30.000000000000004
1780.4867016179674 30.000000000000004
1780.4867016179674 30.000000000000004
1780.4867016179674 30.000000000000004
1780.4867016179674 30.000000000000004
1780.4867016179674 30.000000000000004
1780.4867016179674 30.000000000000004
1780.0096834178762 30.000000000000004
1780.0096834178762 30.000000000000004
1779.5326652177855 30.000000000000004
1779.5326652177855 30.000000000000004
1779.5326652177855 30.000000000000004
1779.5326652177855 30.000000000000004
1780.4867016179674 30.000000000000004
1780.9637198180587 30.000000000000004
1780.4867016179674 30.000000000000004
1780.0096834178762 30.000000000000004
1780.0096834178762 30.000000000000004
1780.0096834178762 30.000000000000004
1779.5326652177855 30.000000000000004
1779.055647017695 30.000000000000004
1779.055647017695 30.000000000000004
1779.055647017695 30.000000000000004
1779.055647017695 30.000000000000004
1778.5786288176048 30.000000000000004
1778.5786288176048 30.000000000000004
1778.5786288176048 30.000000000000004
1778.5786288176048 30.000000000000004
1778.5786288176048 30.000000000000004
1778.5786288176048 30.000000000000004
1778.5786288176048 30.000000000000004
1778.5786288176048 30.000000000000004
1778.101610617515 30.000000000000004
1777.6245924174254 30.000000000000004
1777.1475742173363 30.000000000000004
1776.1935378171588 30.000000000000004
1775.4780105170264 30.000000000000004
1775.0009923169387 30.000000000000004
1775.9550287171146 30.000000000000004
1775.9550287171146 30.000000000000004
1775.4780105170264 30.000000000000004
1775.4780105170264 30.000000000000004
1775.0009923169387 30.000000000000004
1774.5239741168512 30.000000000000004
1774.0469559167636 30.000000000000004
1774.0469559167636 30.000000000000004
1774.0469559167636 30.000000000000004
1774.0469559167636 30.000000000000004
1773.5699377166768 30.000000000000004
1773.5699377166768 30.000000000000004
1773.0929195165902 30.000000000000004
1773.0929195165902 30.000000000000004
1772.138883116418 30.000000000000004
1771.6618649163322 30.000000000000004
1771.6618649163322 30.000000000000004
1771.1848467162467 30.000000000000004
1770.7078285161615 30.000000000000004
1770.7078285161615 30.000000000000004
1770.7078285161615 30.000000000000004
1771.1848467162467 30.000000000000004
1772.6159013165038 30.000000000000004
1772.6159013165038 30.000000000000004
1773.5699377166768 30.000000000000004
1772.6159013165038 30.000000000000004
1773.5699377166768 30.000000000000004
1774.5239741168512 30.000000000000004
1774.5239741168512 30.000000000000004
1774.5239741168512 30.000000000000004
1774.5239741168512 30.000000000000004
1774.5239741168512 30.000000000000004
1774.5239741168512 30.000000000000004
1774.5239741168512 30.000000000000004
1774.5239741168512 30.000000000000004
1774.2854650168074 30.000000000000004
1773.8084468167203 30.000000000000004
1773.5699377166768 30.000000000000004
1773.5699377166768 30.000000000000004
1773.5699377166768 30.000000000000004
1773.5699377166768 30.000000000000004
1774.0469559167636 30.000000000000004
1774.0469559167636 30.000000000000004
1774.0469559167636 30.000000000000004
1774.0469559167636 30.000000000000004
1773.5699377166768 30.000000000000004
1773.3314286166335 30.000000000000004
1772.8544104165471 30.000000000000004
1772.8544104165471 30.000000000000004
1772.3773922164607 30.000000000000004
1772.3773922164607 30.000000000000004
1771.9003740163748 30.000000000000004
1771.9003740163748 30.000000000000004
1771.4233558162894 30.000000000000004
1771.4233558162894 30.000000000000004
1771.4233558162894 30.000000000000004
1771.4233558162894 30.000000000000004
1771.4233558162894 30.000000000000004
1771.4233558162894 30.000000000000004
1771.4233558162894 30.000000000000004
1771.4233558162894 30.000000000000004
1771.4233558162894 30.000000000000004
1770.9463376162041 30.000000000000004
1770.9463376162041 30.000000000000004
1772.3773922164607 30.000000000000004
1772.3773922164607 30.000000000000004
1772.3773922164607 30.000000000000004
1772.3773922164607 30.000000000000004
1772.3773922164607 30.000000000000004
1772.3773922164607 30.000000000000004
1772.3773922164607 30.000000000000004
1772.3773922164607 30.000000000000004
1772.3773922164607 30.000000000000004
1772.3773922164607 30.000000000000004
1771.9003740163748 30.000000000000004
1771.9003740163748 30.000000000000004
1771.9003740163748 30.000000000000004
1771.9003740163748 30.000000000000004
1772.3773922164607 30.000000000000004
1772.8544104165471 30.000000000000004
1773.3314286166335 30.000000000000004
1772.8544104165471 30.000000000000004
1772.8544104165471 30.000000000000004
1772.8544104165471 30.000000000000004
1772.8544104165471 30.000000000000004
1772.8544104165471 30.000000000000004
1772.138883116418 30.000000000000004
1771.9003740163748 30.000000000000004
1771.9003740163748 30.000000000000004
1771.9003740163748 30.000000000000004
1771.9003740163748 30.000000000000004
1771.9003740163748 30.000000000000004
1771.9003740163748 30.000000000000004
1771.9003740163748 30.000000000000004
1771.9003740163748 30.000000000000004
1771.4233558162894 30.000000000000004
1771.4233558162894 30.000000000000004
1770.9463376162041 30.000000000000004
1770.469319416119 30.000000000000004
1770.469319416119 30.000000000000004
1770.469319416119 30.000000000000004
1769.9923012160343 30.000000000000004
1769.9923012160343 30.000000000000004
1769.9923012160343 30.000000000000004
1768.3227375157403 30.000000000000004
1767.368701115574 30.000000000000004
1767.368701115574 30.000000000000004
1767.8457193156569 30.000000000000004
1766.8916829154912 30.000000000000004
1766.8916829154912 30.000000000000004
1766.8916829154912 30.000000000000004
1766.8916829154912 30.000000000000004
1766.8916829154912 30.000000000000004
1766.8916829154912 30.000000000000004
1766.8916829154912 30.000000000000004
1766.8916829154912 30.000000000000004
1766.4146647154087 30.000000000000004
1765.9376465153264 30.000000000000004
1765.4606283152448 30.000000000000004
1765.4606283152448 30.000000000000004
1765.4606283152448 30.000000000000004
1765.222119215204 30.000000000000004
1765.222119215204 30.000000000000004
1764.7451010151224 30.000000000000004
1764.7451010151224 30.000000000000004
1763.7910646149603 30.000000000000004
1762.8370282147996 30.000000000000004
1762.8370282147996 30.000000000000004
1762.3600100147196 30.000000000000004
1762.3600100147196 30.000000000000004
1762.3600100147196 30.000000000000004
1761.8829918146398 30.000000000000004
1761.8829918146398 30.000000000000004
1761.8829918146398 30.000000000000004
1761.4059736145605 30.000000000000004
1761.4059736145605 30.000000000000004
1761.4059736145605 30.000000000000004
1761.4059736145605 30.000000000000004
1760.9289554144814 30.000000000000004
1760.9289554144814 30.000000000000004
