mLSHADE-RL
1517.8881825000128 30.000000000000004
1538.3999651000636 30.000000000000004
1439.6571976997946 30.000000000000004
1439.6571976997946 30.000000000000004
1409.1280328993519 30.000000000000004
1415.3292694994705 30.000000000000004
1387.1851956987869 30.000000000000004
1391.0013412989026 30.000000000000004
1399.1106506991234 30.000000000000004
1376.2137770984089 30.000000000000004
1381.4609772985982 30.000000000000004
1375.2597406983728 30.000000000000004
1380.9839590985816 30.000000000000004
1371.9206132982417 30.000000000000004
1386.2311592987567 30.000000000000004
1372.8746496982797 30.000000000000004
1387.1851956987869 30.000000000000004
1407.219960099312 30.000000000000004
1394.8174868990106 30.000000000000004
1404.8348690992595 30.000000000000004
1391.9553776989303 30.000000000000004
1406.7429418993015 30.000000000000004
1401.9727598991933 30.000000000000004
1412.9441784994267 30.000000000000004
1414.8522512994618 30.000000000000004
1411.9901420994086 30.000000000000004
1415.8062876994788 30.000000000000004
1413.4211966994358 30.000000000000004
1416.7603240994956 30.000000000000004
1411.5131238993995 30.000000000000004
1412.9441784994267 30.000000000000004
1414.8522512994618 30.000000000000004
1409.1280328993519 30.000000000000004
1413.4211966994358 30.000000000000004
1408.6510146993419 30.000000000000004
1410.0820692993711 30.000000000000004
1405.7889054992809 30.000000000000004
1410.5590874993807 30.000000000000004
1409.6050510993616 30.000000000000004
1406.2659236992913 30.000000000000004
1410.5590874993807 30.000000000000004
1406.7429418993015 30.000000000000004
1407.219960099312 30.000000000000004
1403.880832699238 30.000000000000004
1407.696978299322 30.000000000000004
1411.5131238993995 30.000000000000004
1409.1280328993519 30.000000000000004
1423.4385788996021 30.000000000000004
1417.714360499512 30.000000000000004
1433.9329792997364 30.000000000000004
1441.5652704998117 30.000000000000004
1433.9329792997364 30.000000000000004
1439.6571976997946 30.000000000000004
1431.0708700997036 30.000000000000004
1440.1342158997988 30.000000000000004
1432.9789428997258 30.000000000000004
1436.7950884997667 30.000000000000004
1436.318070299762 30.000000000000004
1430.116833699692 30.000000000000004
1434.8870156997468 30.000000000000004
1430.5938518996977 30.000000000000004
1432.024906499715 30.000000000000004
1432.9789428997258 30.000000000000004
1431.0708700997036 30.000000000000004
1430.5938518996977 30.000000000000004
1429.6398154996862 30.000000000000004
1432.9789428997258 30.000000000000004
1433.9329792997364 30.000000000000004
1430.5938518996977 30.000000000000004
1430.116833699692 30.000000000000004
1427.7317426996617 30.000000000000004
1429.16279729968 30.000000000000004
1429.16279729968 30.000000000000004
1425.8236698996361 30.000000000000004
1426.777706299649 30.000000000000004
1425.3466516996293 30.000000000000004
1428.685779099674 30.000000000000004
1428.2087608996678 30.000000000000004
1426.3006880996427 30.000000000000004
1427.7317426996617 30.000000000000004
1421.053487899566 30.000000000000004
1424.392615299616 30.000000000000004
1423.915597099609 30.000000000000004
1421.053487899566 30.000000000000004
1420.5764696995586 30.000000000000004
1419.1454150995355 30.000000000000004
1418.1913786995199 30.000000000000004
1417.2373422995038 30.000000000000004
1415.3292694994705 30.000000000000004
1414.3752330994532 30.000000000000004
1411.9901420994086 30.000000000000004
1411.0361056993902 30.000000000000004
1414.3752330994532 30.000000000000004
1412.4671602994179 30.000000000000004
1413.8982148994446 30.000000000000004
1419.1454150995355 30.000000000000004
1416.7603240994956 30.000000000000004
1418.6683968995278 30.000000000000004
1415.3292694994705 30.000000000000004
1418.1913786995199 30.000000000000004
1419.1454150995355 30.000000000000004
1416.7603240994956 30.000000000000004
1418.6683968995278 30.000000000000004
1417.714360499512 30.000000000000004
1420.099451499551 30.000000000000004
1422.961560699595 30.000000000000004
1422.0075242995806 30.000000000000004
1426.3006880996427 30.000000000000004
1429.6398154996862 30.000000000000004
1428.2087608996678 30.000000000000004
1431.5478882997093 30.000000000000004
1429.6398154996862 30.000000000000004
1430.5938518996977 30.000000000000004
1432.5019246997203 30.000000000000004
1432.024906499715 30.000000000000004
1432.9789428997258 30.000000000000004
1430.5938518996977 30.000000000000004
1429.16279729968 30.000000000000004
1432.9789428997258 30.000000000000004
1432.024906499715 30.000000000000004
1434.4099974997416 30.000000000000004
1436.318070299762 30.000000000000004
1433.9329792997364 30.000000000000004
1433.4559610997312 30.000000000000004
1436.318070299762 30.000000000000004
1435.841052099757 30.000000000000004
1435.364033899752 30.000000000000004
1430.116833699692 30.000000000000004
1432.5019246997203 30.000000000000004
1435.841052099757 30.000000000000004
1434.8870156997468 30.000000000000004
1439.6571976997946 30.000000000000004
1441.0882522998074 30.000000000000004
1440.6112340998034 30.000000000000004
1444.4273796998355 30.000000000000004
1448.7205434998673 30.000000000000004
1447.2894888998571 30.000000000000004
1448.243525299864 30.000000000000004
1448.7205434998673 30.000000000000004
1446.3354524998501 30.000000000000004
1448.7205434998673 30.000000000000004
1447.7665070998605 30.000000000000004
1450.62861629988 30.000000000000004
1450.1515980998768 30.000000000000004
1449.1975616998704 30.000000000000004
1452.5366890998914 30.000000000000004
1455.3987982999074 30.000000000000004
1454.4447618999025 30.000000000000004
1456.3528346999124 30.000000000000004
1460.6459984999324 30.000000000000004
1458.737925699924 30.000000000000004
1463.5081076999438 30.000000000000004
1465.4161804999505 30.000000000000004
1463.9851258999456 30.000000000000004
1467.3242532999566 30.000000000000004
1465.893198699952 30.000000000000004
1464.939162299949 30.000000000000004
1467.8012714999581 30.000000000000004
1471.6174170999684 30.000000000000004
1471.1403988999673 30.000000000000004
1475.9105808999775 30.000000000000004
1476.8646172999793 30.000000000000004
1474.9565444999757 30.000000000000004
1477.818653699981 30.000000000000004
1480.6807628999852 30.000000000000004
1477.818653699981 30.000000000000004
1477.818653699981 30.000000000000004
1475.4335626999766 30.000000000000004
1474.9565444999757 30.000000000000004
1478.7726900999824 30.000000000000004
1478.7726900999826 30.000000000000004
1475.9105808999775 30.000000000000004
1475.9105808999775 30.000000000000004
1476.3875990999784 30.000000000000004
1475.4335626999766 30.000000000000004
1479.2497082999832 30.000000000000004
1480.6807628999852 30.000000000000004
1480.6807628999852 30.000000000000004
1479.2497082999832 30.000000000000004
1481.1577810999859 30.000000000000004
1479.726726499984 30.000000000000004
1480.2037446999846 30.000000000000004
1479.726726499984 30.000000000000004
1478.2956718999817 30.000000000000004
1478.7726900999826 30.000000000000004
1478.2956718999817 30.000000000000004
1477.3416354999802 30.000000000000004
1479.2497082999832 30.000000000000004
1477.3416354999802 30.000000000000004
1476.8646172999793 30.000000000000004
1477.3416354999802 30.000000000000004
1476.3875990999784 30.000000000000004
1475.4335626999766 30.000000000000004
1474.0025080999737 30.000000000000004
1474.4795262999749 30.000000000000004
1473.0484716999717 30.000000000000004
1474.0025080999737 30.000000000000004
1474.4795262999749 30.000000000000004
1473.5254898999729 30.000000000000004
1473.0484716999717 30.000000000000004
1473.0484716999717 30.000000000000004
1471.1403988999673 30.000000000000004
1470.663380699966 30.000000000000004
1469.2323260999622 30.000000000000004
1468.7553078999608 30.000000000000004
1468.7553078999608 30.000000000000004
1469.2323260999622 30.000000000000004
1469.7093442999635 30.000000000000004
1468.7553078999608 30.000000000000004
1468.2782896999595 30.000000000000004
1467.3242532999566 30.000000000000004
1466.8472350999552 30.000000000000004
1466.3702168999537 30.000000000000004
1467.3242532999566 30.000000000000004
1467.3242532999566 30.000000000000004
1466.8472350999552 30.000000000000004
1466.3702168999537 30.000000000000004
1467.3242532999566 30.000000000000004
1466.3702168999537 30.000000000000004
1466.3702168999537 30.000000000000004
1466.3702168999537 30.000000000000004
1465.893198699952 30.000000000000004
1465.4161804999505 30.000000000000004
1464.939162299949 30.000000000000004
1463.5081076999438 30.000000000000004
1463.5081076999438 30.000000000000004
1463.5081076999438 30.000000000000004
1463.5081076999438 30.000000000000004
1463.9851258999456 30.000000000000004
1463.5081076999438 30.000000000000004
1463.5081076999438 30.000000000000004
1463.031089499942 30.000000000000004
1462.5540712999402 30.000000000000004
1460.6459984999324 30.000000000000004
1459.6919620999283 30.000000000000004
1460.6459984999324 30.000000000000004
1460.6459984999324 30.000000000000004
1460.6459984999324 30.000000000000004
1460.1689802999304 30.000000000000004
1460.1689802999304 30.000000000000004
1459.6919620999283 30.000000000000004
1460.1689802999304 30.000000000000004
1459.2149438999263 30.000000000000004
1458.737925699924 30.000000000000004
1458.2609074999218 30.000000000000004
1457.3068710999173 30.000000000000004
1457.7838892999196 30.000000000000004
1457.3068710999173 30.000000000000004
1456.8298528999148 30.000000000000004
1458.737925699924 30.000000000000004
1458.2609074999218 30.000000000000004
1457.7838892999196 30.000000000000004
1456.3528346999124 30.000000000000004
1454.921780099905 30.000000000000004
1453.9677436998998 30.000000000000004
1453.9677436998998 30.000000000000004
1454.206252799901 30.000000000000004
1454.206252799901 30.000000000000004
1452.7751981998929 30.000000000000004
1451.3441435998843 30.000000000000004
1451.8211617998872 30.000000000000004
1450.8671253998814 30.000000000000004
1449.4360707998721 30.000000000000004
1448.9590525998688 30.000000000000004
1448.9590525998688 30.000000000000004
1448.4820343998656 30.000000000000004
1447.5279979998588 30.000000000000004
1447.0509797998554 30.000000000000004
1446.0969433998484 30.000000000000004
1445.6199251998448 30.000000000000004
1445.1429069998412 30.000000000000004
1445.1429069998412 30.000000000000004
1444.6658887998374 30.000000000000004
1445.1429069998412 30.000000000000004
1444.6658887998374 30.000000000000004
1444.6658887998374 30.000000000000004
1444.6658887998374 30.000000000000004
1444.6658887998374 30.000000000000004
1444.6658887998374 30.000000000000004
1445.1429069998412 30.000000000000004
1445.1429069998412 30.000000000000004
1445.1429069998412 30.000000000000004
1445.1429069998412 30.000000000000004
1444.6658887998374 30.000000000000004
1444.1888705998338 30.000000000000004
1444.6658887998374 30.000000000000004
1443.7118523998297 30.000000000000004
1442.996325099824 30.000000000000004
1442.0422886998158 30.000000000000004
1441.5652704998117 30.000000000000004
1442.280797799818 30.000000000000004
1442.280797799818 30.000000000000004
1442.757815999822 30.000000000000004
1442.757815999822 30.000000000000004
1442.757815999822 30.000000000000004
1441.5652704998117 30.000000000000004
1442.5193068998199 30.000000000000004
1442.0422886998158 30.000000000000004
1441.0882522998074 30.000000000000004
1440.1342158997988 30.000000000000004
1440.372724999801 30.000000000000004
1439.8957067997967 30.000000000000004
1439.4186885997924 30.000000000000004
1437.9876339997786 30.000000000000004
1437.5106157997739 30.000000000000004
1436.0795611997594 30.000000000000004
1435.6025429997544 30.000000000000004
1435.6025429997544 30.000000000000004
1435.1255247997494 30.000000000000004
1435.364033899752 30.000000000000004
1435.364033899752 30.000000000000004
1435.364033899752 30.000000000000004
1434.4099974997416 30.000000000000004
1434.4099974997416 30.000000000000004
1433.4559610997312 30.000000000000004
1433.9329792997364 30.000000000000004
1432.9789428997258 30.000000000000004
1432.5019246997203 30.000000000000004
1432.024906499715 30.000000000000004
1431.5478882997093 30.000000000000004
1432.024906499715 30.000000000000004
1432.5019246997203 30.000000000000004
1433.4559610997312 30.000000000000004
1432.9789428997258 30.000000000000004
1431.5478882997093 30.000000000000004
1431.0708700997036 30.000000000000004
1430.116833699692 30.000000000000004
1429.6398154996862 30.000000000000004
1428.685779099674 30.000000000000004
1427.7317426996617 30.000000000000004
1425.8236698996361 30.000000000000004
1424.8696334996228 30.000000000000004
1424.8696334996228 30.000000000000004
1425.8236698996361 30.000000000000004
1425.8236698996361 30.000000000000004
1424.8696334996228 30.000000000000004
1424.8696334996228 30.000000000000004
1423.4385788996021 30.000000000000004
1423.4385788996021 30.000000000000004
1423.915597099609 30.000000000000004
1423.4385788996021 30.000000000000004
1422.961560699595 30.000000000000004
1422.0075242995806 30.000000000000004
1421.5305060995734 30.000000000000004
1422.0075242995806 30.000000000000004
1422.0075242995806 30.000000000000004
1421.053487899566 30.000000000000004
1420.5764696995586 30.000000000000004
1421.5305060995734 30.000000000000004
1420.5764696995586 30.000000000000004
1419.1454150995355 30.000000000000004
1419.1454150995355 30.000000000000004
1421.053487899566 30.000000000000004
1420.5764696995586 30.000000000000004
1419.6224332995434 30.000000000000004
1419.6224332995434 30.000000000000004
1419.6224332995434 30.000000000000004
1421.053487899566 30.000000000000004
1421.5305060995734 30.000000000000004
1420.099451499551 30.000000000000004
1419.6224332995434 30.000000000000004
1419.6224332995434 30.000000000000004
1418.6683968995278 30.000000000000004
1418.1913786995199 30.000000000000004
1418.1913786995199 30.000000000000004
1418.6683968995278 30.000000000000004
1418.1913786995199 30.000000000000004
1418.1913786995199 30.000000000000004
1417.714360499512 30.000000000000004
1417.2373422995038 30.000000000000004
1416.7603240994956 30.000000000000004
1416.7603240994956 30.000000000000004
1416.7603240994956 30.000000000000004
1415.8062876994788 30.000000000000004
1415.3292694994705 30.000000000000004
1416.7603240994956 30.000000000000004
1416.7603240994956 30.000000000000004
1415.3292694994705 30.000000000000004
1414.3752330994532 30.000000000000004
1413.8982148994446 30.000000000000004
1413.4211966994358 30.000000000000004
1413.8982148994446 30.000000000000004
1414.3752330994532 30.000000000000004
1413.4211966994358 30.000000000000004
1413.4211966994358 30.000000000000004
1413.4211966994358 30.000000000000004
1413.4211966994358 30.000000000000004
1412.9441784994267 30.000000000000004
1413.4211966994358 30.000000000000004
1413.4211966994358 30.000000000000004
1413.4211966994358 30.000000000000004
1412.9441784994267 30.000000000000004
1412.9441784994267 30.000000000000004
1412.9441784994267 30.000000000000004
1412.4671602994179 30.000000000000004
1411.9901420994086 30.000000000000004
1411.5131238993995 30.000000000000004
1411.7516329994041 30.000000000000004
1411.7516329994041 30.000000000000004
1411.7516329994041 30.000000000000004
1412.7056693994223 30.000000000000004
1412.9441784994267 30.000000000000004
1413.4211966994358 30.000000000000004
1413.4211966994358 30.000000000000004
1413.4211966994358 30.000000000000004
1413.8982148994446 30.000000000000004
1413.8982148994446 30.000000000000004
1412.9441784994267 30.000000000000004
1413.1826875994313 30.000000000000004
1413.1826875994313 30.000000000000004
1413.8982148994446 30.000000000000004
1413.6597057994402 30.000000000000004
1413.6597057994402 30.000000000000004
1413.6597057994402 30.000000000000004
1413.6597057994402 30.000000000000004
1413.4211966994358 30.000000000000004
1412.9441784994267 30.000000000000004
1414.8522512994618 30.000000000000004
1414.136723999449 30.000000000000004
1414.136723999449 30.000000000000004
1413.6597057994402 30.000000000000004
1414.136723999449 30.000000000000004
1414.136723999449 30.000000000000004
1413.8982148994446 30.000000000000004
1413.6597057994402 30.000000000000004
1412.7056693994223 30.000000000000004
1412.2286511994132 30.000000000000004
1412.2286511994132 30.000000000000004
1412.2286511994132 30.000000000000004
1412.2286511994132 30.000000000000004
1412.7056693994223 30.000000000000004
1412.7056693994223 30.000000000000004
1413.1826875994313 30.000000000000004
1413.1826875994313 30.000000000000004
1413.6597057994402 30.000000000000004
1414.136723999449 30.000000000000004
1414.136723999449 30.000000000000004
1413.6597057994402 30.000000000000004
1413.1826875994313 30.000000000000004
1413.1826875994313 30.000000000000004
1412.7056693994223 30.000000000000004
1411.7516329994041 30.000000000000004
1411.2746147993948 30.000000000000004
1411.2746147993948 30.000000000000004
1411.7516329994041 30.000000000000004
1412.7056693994223 30.000000000000004
1415.5677785994747 30.000000000000004
1415.5677785994747 30.000000000000004
1416.2833058994875 30.000000000000004
1415.8062876994788 30.000000000000004
1415.8062876994788 30.000000000000004
1415.8062876994788 30.000000000000004
1415.8062876994788 30.000000000000004
1415.8062876994788 30.000000000000004
1415.8062876994788 30.000000000000004
1416.2833058994875 30.000000000000004
1416.2833058994875 30.000000000000004
1415.0907603994663 30.000000000000004
1414.6137421994576 30.000000000000004
1414.136723999449 30.000000000000004
1414.136723999449 30.000000000000004
1414.136723999449 30.000000000000004
1414.6137421994576 30.000000000000004
1414.6137421994576 30.000000000000004
1414.6137421994576 30.000000000000004
1414.6137421994576 30.000000000000004
1414.136723999449 30.000000000000004
1414.6137421994576 30.000000000000004
1414.6137421994576 30.000000000000004
1414.6137421994576 30.000000000000004
1414.136723999449 30.000000000000004
1414.136723999449 30.000000000000004
1413.1826875994313 30.000000000000004
1413.1826875994313 30.000000000000004
1413.1826875994313 30.000000000000004
1413.1826875994313 30.000000000000004
1413.1826875994313 30.000000000000004
1413.1826875994313 30.000000000000004
1413.1826875994313 30.000000000000004
1413.1826875994313 30.000000000000004
1413.6597057994402 30.000000000000004
1413.6597057994402 30.000000000000004
1414.136723999449 30.000000000000004
1412.7056693994223 30.000000000000004
1412.2286511994132 30.000000000000004
1411.2746147993948 30.000000000000004
1411.7516329994041 30.000000000000004
1411.7516329994041 30.000000000000004
1411.7516329994041 30.000000000000004
1412.2286511994132 30.000000000000004
1411.7516329994041 30.000000000000004
1411.7516329994041 30.000000000000004
1412.2286511994132 30.000000000000004
1412.2286511994132 30.000000000000004
1413.1826875994313 30.000000000000004
1413.1826875994313 30.000000000000004
1414.136723999449 30.000000000000004
1414.6137421994576 30.000000000000004
1415.0907603994663 30.000000000000004
1414.6137421994576 30.000000000000004
1415.0907603994663 30.000000000000004
1414.6137421994576 30.000000000000004
1413.6597057994402 30.000000000000004
1413.6597057994402 30.000000000000004
1415.0907603994663 30.000000000000004
1414.6137421994576 30.000000000000004
1414.6137421994576 30.000000000000004
1414.136723999449 30.000000000000004
1414.136723999449 30.000000000000004
1413.6597057994402 30.000000000000004
1414.136723999449 30.000000000000004
1413.1826875994313 30.000000000000004
1412.7056693994223 30.000000000000004
1412.7056693994223 30.000000000000004
1412.2286511994132 30.000000000000004
1413.1826875994313 30.000000000000004
1414.136723999449 30.000000000000004
1413.1826875994313 30.000000000000004
1414.136723999449 30.000000000000004
1414.136723999449 30.000000000000004
1414.6137421994576 30.000000000000004
1414.6137421994576 30.000000000000004
1415.5677785994747 30.000000000000004
1416.0447967994833 30.000000000000004
1416.5218149994914 30.000000000000004
1416.9988331994998 30.000000000000004
1418.9069059995318 30.000000000000004
1418.9069059995318 30.000000000000004
1419.3839241995395 30.000000000000004
1419.8609423995472 30.000000000000004
1419.8609423995472 30.000000000000004
1419.8609423995472 30.000000000000004
1419.8609423995472 30.000000000000004
1421.2919969995696 30.000000000000004
1421.769015199577 30.000000000000004
1421.2919969995696 30.000000000000004
1420.8149787995624 30.000000000000004
1421.2919969995696 30.000000000000004
1421.2919969995696 30.000000000000004
1422.2460333995843 30.000000000000004
1423.2000697995986 30.000000000000004
1423.2000697995986 30.000000000000004
1422.2460333995843 30.000000000000004
1423.2000697995986 30.000000000000004
1423.2000697995986 30.000000000000004
1422.7230515995916 30.000000000000004
1423.4385788996021 30.000000000000004
1423.4385788996021 30.000000000000004
1423.4385788996021 30.000000000000004
1423.4385788996021 30.000000000000004
1423.2000697995986 30.000000000000004
1423.6770879996056 30.000000000000004
1424.6311243996192 30.000000000000004
1424.392615299616 30.000000000000004
1424.392615299616 30.000000000000004
1426.5391971996457 30.000000000000004
1427.9702517996648 30.000000000000004
1427.9702517996648 30.000000000000004
1427.4932335996587 30.000000000000004
1427.7317426996617 30.000000000000004
1428.2087608996678 30.000000000000004
1427.9702517996648 30.000000000000004
1427.9702517996648 30.000000000000004
1427.7317426996617 30.000000000000004
1428.924288199677 30.000000000000004
1429.16279729968 30.000000000000004
1431.0708700997036 30.000000000000004
1430.8323609997008 30.000000000000004
1432.9789428997258 30.000000000000004
1433.9329792997364 30.000000000000004
1433.9329792997364 30.000000000000004
1435.6025429997544 30.000000000000004
1435.841052099757 30.000000000000004
1436.318070299762 30.000000000000004
1436.5565793997644 30.000000000000004
1436.7950884997667 30.000000000000004
1437.2721066997715 30.000000000000004
1437.9876339997786 30.000000000000004
1439.4186885997924 30.000000000000004
1439.4186885997924 30.000000000000004
1440.6112340998034 30.000000000000004
1440.8497431998053 30.000000000000004
1440.8497431998053 30.000000000000004
1441.3267613998096 30.000000000000004
1441.8037795998139 30.000000000000004
1442.5193068998199 30.000000000000004
1442.757815999822 30.000000000000004
1443.2348341998259 30.000000000000004
1443.7118523998297 30.000000000000004
1441.8037795998139 30.000000000000004
1442.280797799818 30.000000000000004
1443.9503614998318 30.000000000000004
1443.9503614998318 30.000000000000004
1444.1888705998338 30.000000000000004
1444.1888705998338 30.000000000000004
1444.4273796998355 30.000000000000004
1444.9043978998393 30.000000000000004
1446.573961599852 30.000000000000004
1446.573961599852 30.000000000000004
1448.243525299864 30.000000000000004
1447.2894888998571 30.000000000000004
1447.2894888998571 30.000000000000004
1448.0050161998622 30.000000000000004
1448.7205434998673 30.000000000000004
1450.8671253998814 30.000000000000004
1451.5826526998858 30.000000000000004
1451.8211617998872 30.000000000000004
1452.5366890998914 30.000000000000004
1452.7751981998929 30.000000000000004
1453.7292345998983 30.000000000000004
1455.3987982999074 30.000000000000004
1454.921780099905 30.000000000000004
1455.6373073999089 30.000000000000004
1456.3528346999124 30.000000000000004
1456.3528346999124 30.000000000000004
1456.3528346999124 30.000000000000004
1458.4994165999228 30.000000000000004
1458.4994165999228 30.000000000000004
1458.0223983999206 30.000000000000004
1458.4994165999228 30.000000000000004
1458.976434799925 30.000000000000004
1458.4994165999228 30.000000000000004
1458.0223983999206 30.000000000000004
1459.4534529999273 30.000000000000004
1458.976434799925 30.000000000000004
1458.4994165999228 30.000000000000004
1458.4994165999228 30.000000000000004
1458.0223983999206 30.000000000000004
1458.0223983999206 30.000000000000004
1457.5453801999183 30.000000000000004
1458.4994165999228 30.000000000000004
1458.0223983999206 30.000000000000004
1459.9304711999293 30.000000000000004
1460.8845075999334 30.000000000000004
1459.9304711999293 30.000000000000004
1459.4534529999273 30.000000000000004
1459.6919620999283 30.000000000000004
1459.6919620999283 30.000000000000004
1459.2149438999263 30.000000000000004
1459.2149438999263 30.000000000000004
1458.737925699924 30.000000000000004
1458.737925699924 30.000000000000004
1459.4534529999273 30.000000000000004
1458.4994165999228 30.000000000000004
1458.4994165999228 30.000000000000004
1458.0223983999206 30.000000000000004
1458.4994165999228 30.000000000000004
1458.4994165999228 30.000000000000004
1458.4994165999228 30.000000000000004
1458.4994165999228 30.000000000000004
1458.0223983999206 30.000000000000004
1457.5453801999183 30.000000000000004
1457.5453801999183 30.000000000000004
1457.068361999916 30.000000000000004
1456.5913437999136 30.000000000000004
1456.5913437999136 30.000000000000004
1456.1143255999114 30.000000000000004
1455.6373073999089 30.000000000000004
1455.1602891999062 30.000000000000004
1455.1602891999062 30.000000000000004
1454.6832709999037 30.000000000000004
1454.6832709999037 30.000000000000004
1455.1602891999062 30.000000000000004
1455.1602891999062 30.000000000000004
1455.1602891999062 30.000000000000004
1454.206252799901 30.000000000000004
1453.2522163998956 30.000000000000004
1453.2522163998956 30.000000000000004
1453.2522163998956 30.000000000000004
1452.7751981998929 30.000000000000004
1453.2522163998956 30.000000000000004
1453.2522163998956 30.000000000000004
1453.2522163998956 30.000000000000004
1453.7292345998983 30.000000000000004
1453.7292345998983 30.000000000000004
1453.2522163998956 30.000000000000004
1453.9677436998998 30.000000000000004
1453.9677436998998 30.000000000000004
1453.9677436998998 30.000000000000004
1453.490725499897 30.000000000000004
1453.490725499897 30.000000000000004
1453.490725499897 30.000000000000004
1454.921780099905 30.000000000000004
1454.4447618999025 30.000000000000004
1453.9677436998998 30.000000000000004
1454.4447618999025 30.000000000000004
1455.8758164999101 30.000000000000004
1457.068361999916 30.000000000000004
1457.068361999916 30.000000000000004
1455.6373073999089 30.000000000000004
1455.6373073999089 30.000000000000004
1455.6373073999089 30.000000000000004
1456.1143255999114 30.000000000000004
1456.1143255999114 30.000000000000004
1455.6373073999089 30.000000000000004
1456.5913437999136 30.000000000000004
1456.5913437999136 30.000000000000004
1456.5913437999136 30.000000000000004
1455.6373073999089 30.000000000000004
1455.1602891999062 30.000000000000004
1455.1602891999062 30.000000000000004
1455.1602891999062 30.000000000000004
1455.1602891999062 30.000000000000004
1455.1602891999062 30.000000000000004
1455.1602891999062 30.000000000000004
1455.1602891999062 30.000000000000004
1455.1602891999062 30.000000000000004
1455.1602891999062 30.000000000000004
1454.6832709999037 30.000000000000004
1454.6832709999037 30.000000000000004
1455.1602891999062 30.000000000000004
1455.1602891999062 30.000000000000004
1454.6832709999037 30.000000000000004
1455.1602891999062 30.000000000000004
1455.1602891999062 30.000000000000004
1454.6832709999037 30.000000000000004
1455.8758164999101 30.000000000000004
1455.8758164999101 30.000000000000004
1455.8758164999101 30.000000000000004
1455.8758164999101 30.000000000000004
1456.3528346999124 30.000000000000004
1456.3528346999124 30.000000000000004
1456.8298528999148 30.000000000000004
1456.8298528999148 30.000000000000004
1456.8298528999148 30.000000000000004
1456.3528346999124 30.000000000000004
1456.3528346999124 30.000000000000004
1457.5453801999183 30.000000000000004
1457.5453801999183 30.000000000000004
1457.5453801999183 30.000000000000004
1457.5453801999183 30.000000000000004
1458.0223983999206 30.000000000000004
1458.0223983999206 30.000000000000004
1458.0223983999206 30.000000000000004
1457.5453801999183 30.000000000000004
1457.5453801999183 30.000000000000004
1458.2609074999218 30.000000000000004
1458.2609074999218 30.000000000000004
1458.737925699924 30.000000000000004
1459.9304711999293 30.000000000000004
1460.4074893999314 30.000000000000004
1460.4074893999314 30.000000000000004
1460.4074893999314 30.000000000000004
1459.4534529999273 30.000000000000004
1458.976434799925 30.000000000000004
1458.976434799925 30.000000000000004
1459.4534529999273 30.000000000000004
1459.4534529999273 30.000000000000004
1460.4074893999314 30.000000000000004
1459.9304711999293 30.000000000000004
1461.1230166999344 30.000000000000004
1462.5540712999402 30.000000000000004
1462.5540712999402 30.000000000000004
1462.0770530999382 30.000000000000004
1462.0770530999382 30.000000000000004
1462.0770530999382 30.000000000000004
1462.0770530999382 30.000000000000004
1462.0770530999382 30.000000000000004
1463.031089499942 30.000000000000004
1463.031089499942 30.000000000000004
1463.031089499942 30.000000000000004
1462.5540712999402 30.000000000000004
1462.5540712999402 30.000000000000004
1463.031089499942 30.000000000000004
1463.031089499942 30.000000000000004
1463.031089499942 30.000000000000004
1463.5081076999438 30.000000000000004
1463.031089499942 30.000000000000004
1464.2236349999464 30.000000000000004
1464.2236349999464 30.000000000000004
1464.2236349999464 30.000000000000004
1464.700653199948 30.000000000000004
1465.1776713999498 30.000000000000004
1465.1776713999498 30.000000000000004
1466.131707799953 30.000000000000004
1466.131707799953 30.000000000000004
1466.131707799953 30.000000000000004
1466.131707799953 30.000000000000004
1465.6546895999513 30.000000000000004
1466.131707799953 30.000000000000004
1466.131707799953 30.000000000000004
1466.131707799953 30.000000000000004
1466.131707799953 30.000000000000004
1466.131707799953 30.000000000000004
1466.131707799953 30.000000000000004
1466.131707799953 30.000000000000004
1466.6087259999545 30.000000000000004
1467.085744199956 30.000000000000004
1467.5627623999574 30.000000000000004
1468.0397805999587 30.000000000000004
1468.0397805999587 30.000000000000004
1468.0397805999587 30.000000000000004
1468.5167987999603 30.000000000000004
1470.4248715999654 30.000000000000004
1471.3789079999679 30.000000000000004
1471.3789079999679 30.000000000000004
1471.3789079999679 30.000000000000004
1470.9018897999665 30.000000000000004
1471.3789079999679 30.000000000000004
1471.3789079999679 30.000000000000004
1471.3789079999679 30.000000000000004
1472.33294439997 30.000000000000004
1472.33294439997 30.000000000000004
1472.33294439997 30.000000000000004
1472.33294439997 30.000000000000004
1472.33294439997 30.000000000000004
1472.33294439997 30.000000000000004
1472.33294439997 30.000000000000004
1472.33294439997 30.000000000000004
1472.33294439997 30.000000000000004
1472.33294439997 30.000000000000004
1472.33294439997 30.000000000000004
1472.8099625999712 30.000000000000004
1472.8099625999712 30.000000000000004
1472.8099625999712 30.000000000000004
1472.8099625999712 30.000000000000004
1473.7639989999732 30.000000000000004
1474.2410171999743 30.000000000000004
1474.7180353999752 30.000000000000004
1476.149089999978 30.000000000000004
1477.5801445999805 30.000000000000004
1477.5801445999805 30.000000000000004
1477.5801445999805 30.000000000000004
1477.5801445999805 30.000000000000004
1477.5801445999805 30.000000000000004
1477.5801445999805 30.000000000000004
1478.0571627999814 30.000000000000004
1478.534180999982 30.000000000000004
1479.4882173999836 30.000000000000004
1480.4422537999849 30.000000000000004
1480.9192719999855 30.000000000000004
1481.3962901999862 30.000000000000004
1481.3962901999862 30.000000000000004
1481.3962901999862 30.000000000000004
1482.827344799988 30.000000000000004
1482.827344799988 30.000000000000004
1482.827344799988 30.000000000000004
1482.827344799988 30.000000000000004
1483.3043629999886 30.000000000000004
1482.827344799988 30.000000000000004
1482.827344799988 30.000000000000004
1482.827344799988 30.000000000000004
1482.827344799988 30.000000000000004
1482.827344799988 30.000000000000004
1482.827344799988 30.000000000000004
1482.827344799988 30.000000000000004
1483.3043629999886 30.000000000000004
1483.3043629999886 30.000000000000004
1483.781381199989 30.000000000000004
1483.781381199989 30.000000000000004
1484.7354175999901 30.000000000000004
1487.5975267999927 30.000000000000004
1488.0745449999931 30.000000000000004
1489.5055995999942 30.000000000000004
1491.8906905999959 30.000000000000004
1492.8447269999963 30.000000000000004
1495.2298179999977 30.000000000000004
1499.5229817999998 30.000000000000004
1502.8621092000014 30.000000000000004
1504.293163800002 30.000000000000004
1504.7701820000023 30.000000000000004
1507.632291200004 30.000000000000004
1510.0173822000054 30.000000000000004
1512.4024732000073 30.000000000000004
1515.2645824000099 30.000000000000004
1518.1266916000131 30.000000000000004
1519.0807280000145 30.000000000000004
1520.0347644000158 30.000000000000004
1520.0347644000158 30.000000000000004
1519.5577462000151 30.000000000000004
1520.0347644000158 30.000000000000004
1520.988800800017 30.000000000000004
1520.988800800017 30.000000000000004
1521.465819000018 30.000000000000004
1522.4198554000195 30.000000000000004
1525.2819646000248 30.000000000000004
1525.2819646000248 30.000000000000004
1525.2819646000248 30.000000000000004
1526.7130192000277 30.000000000000004
1527.66705560003 30.000000000000004
1527.66705560003 30.000000000000004
1528.144073800031 30.000000000000004
1530.052146600036 30.000000000000004
1530.052146600036 30.000000000000004
1529.5751284000346 30.000000000000004
1531.4832012000397 30.000000000000004
1532.4372376000426 30.000000000000004
1533.3912740000455 30.000000000000004
1533.3912740000455 30.000000000000004
1533.3912740000455 30.000000000000004
1533.868292200047 30.000000000000004
1534.3453104000487 30.000000000000004
1534.3453104000487 30.000000000000004
1534.8223286000502 30.000000000000004
1534.8223286000502 30.000000000000004
1534.8223286000502 30.000000000000004
1534.8223286000502 30.000000000000004
1535.299346800052 30.000000000000004
1535.299346800052 30.000000000000004
1535.7763650000536 30.000000000000004
1535.7763650000536 30.000000000000004
1535.7763650000536 30.000000000000004
1536.2533832000554 30.000000000000004
1536.7304014000572 30.000000000000004
1537.207419600059 30.000000000000004
1539.5925106000686 30.000000000000004
1539.5925106000686 30.000000000000004
1541.9776016000794 30.000000000000004
1541.262074300076 30.000000000000004
1541.262074300076 30.000000000000004
1541.262074300076 30.000000000000004
1541.7390925000782 30.000000000000004
1541.7390925000782 30.000000000000004
1541.7390925000782 30.000000000000004
1541.7390925000782 30.000000000000004
1541.7390925000782 30.000000000000004
1541.7390925000782 30.000000000000004
1541.7390925000782 30.000000000000004
1542.2161107000804 30.000000000000004
1542.2161107000804 30.000000000000004
1542.6931289000827 30.000000000000004
1542.6931289000827 30.000000000000004
1545.078219900095 30.000000000000004
1544.6012017000926 30.000000000000004
1545.078219900095 30.000000000000004
1544.1241835000899 30.000000000000004
1544.1241835000899 30.000000000000004
1544.1241835000899 30.000000000000004
1544.1241835000899 30.000000000000004
1544.1241835000899 30.000000000000004
1544.6012017000926 30.000000000000004
1544.6012017000926 30.000000000000004
1544.6012017000926 30.000000000000004
1544.6012017000926 30.000000000000004
1544.6012017000926 30.000000000000004
1544.6012017000926 30.000000000000004
1544.6012017000926 30.000000000000004
1545.078219900095 30.000000000000004
1544.6012017000926 30.000000000000004
1545.078219900095 30.000000000000004
1545.5552381000975 30.000000000000004
1545.5552381000975 30.000000000000004
1545.5552381000975 30.000000000000004
1546.0322563001002 30.000000000000004
1545.5552381000975 30.000000000000004
1545.5552381000975 30.000000000000004
1546.509274500103 30.000000000000004
1546.509274500103 30.000000000000004
1546.509274500103 30.000000000000004
1546.509274500103 30.000000000000004
1546.509274500103 30.000000000000004
1546.509274500103 30.000000000000004
1546.0322563001002 30.000000000000004
1546.509274500103 30.000000000000004
1546.509274500103 30.000000000000004
1546.509274500103 30.000000000000004
1546.509274500103 30.000000000000004
1546.0322563001002 30.000000000000004
1546.0322563001002 30.000000000000004
1546.509274500103 30.000000000000004
1546.9862927001057 30.000000000000004
1546.9862927001057 30.000000000000004
1547.4633109001086 30.000000000000004
1547.7018200001098 30.000000000000004
1547.2248018001071 30.000000000000004
1547.2248018001071 30.000000000000004
1547.2248018001071 30.000000000000004
1546.9862927001057 30.000000000000004
1547.4633109001086 30.000000000000004
1547.4633109001086 30.000000000000004
1547.4633109001086 30.000000000000004
1547.4633109001086 30.000000000000004
1547.4633109001086 30.000000000000004
1547.4633109001086 30.000000000000004
1547.4633109001086 30.000000000000004
1547.4633109001086 30.000000000000004
1547.4633109001086 30.000000000000004
1547.2248018001071 30.000000000000004
1547.2248018001071 30.000000000000004
1547.2248018001071 30.000000000000004
1547.2248018001071 30.000000000000004
1547.2248018001071 30.000000000000004
1547.2248018001071 30.000000000000004
1547.7018200001098 30.000000000000004
1547.7018200001098 30.000000000000004
1548.1788382001128 30.000000000000004
1548.1788382001128 30.000000000000004
1548.1788382001128 30.000000000000004
1548.1788382001128 30.000000000000004
1548.1788382001128 30.000000000000004
1547.7018200001098 30.000000000000004
1548.6558564001157 30.000000000000004
1548.6558564001157 30.000000000000004
1548.6558564001157 30.000000000000004
1550.086911000125 30.000000000000004
1550.086911000125 30.000000000000004
1550.086911000125 30.000000000000004
1550.086911000125 30.000000000000004
1550.5639292001279 30.000000000000004
1550.5639292001279 30.000000000000004
