RDE
1113.3767488531043 30.000000000000004
1109.5606032517055 30.000000000000004
1209.7344252800967 30.000000000000004
1268.407663889851 30.000000000000004
1271.7467912902805 30.000000000000004
1307.5231562941444 30.000000000000004
1304.1840288938376 30.000000000000004
1282.2411916915507 30.000000000000004
1320.8796658952688 30.000000000000004
1304.6610470938822 30.000000000000004
1305.1380652939263 30.000000000000004
1334.2361754962392 30.000000000000004
1340.4374120966404 30.000000000000004
1356.1790126975275 30.000000000000004
1373.3516678982985 30.000000000000004
1387.6622138988018 30.000000000000004
1375.2597406983728 30.000000000000004
1404.357850899249 30.000000000000004
1397.2025778990744 30.000000000000004
1415.8062876994788 30.000000000000004
1427.2547244996554 30.000000000000004
1426.777706299649 30.000000000000004
1443.9503614998318 30.000000000000004
1453.490725499897 30.000000000000004
1453.9677436998998 30.000000000000004
1463.9851258999456 30.000000000000004
1461.1230166999344 30.000000000000004
1459.6919620999283 30.000000000000004
1469.7093442999635 30.000000000000004
1474.4795262999749 30.000000000000004
1467.8012714999581 30.000000000000004
1479.2497082999832 30.000000000000004
1484.0198902999894 30.000000000000004
1483.0658538999883 30.000000000000004
1491.6521814999958 30.000000000000004
1498.8074544999995 30.000000000000004
1497.3763998999987 30.000000000000004
1508.8248367000047 30.000000000000004
1513.1180005000078 30.000000000000004
1510.2558913000057 30.000000000000004
1519.7962553000154 30.000000000000004
1518.8422189000141 30.000000000000004
1517.4111643000124 30.000000000000004
1521.7043281000183 30.000000000000004
1520.7502917000168 30.000000000000004
1522.6583645000198 30.000000000000004
1526.9515283000283 30.000000000000004
1526.4745101000271 30.000000000000004
1533.1527649000448 30.000000000000004
1530.7676739000378 30.000000000000004
1531.7217103000405 30.000000000000004
1536.968910500058 30.000000000000004
1537.9229469000618 30.000000000000004
1550.3254201001264 30.000000000000004
1546.9862927001057 30.000000000000004
1554.1415657001535 30.000000000000004
1552.7105111001429 30.000000000000004
1554.1415657001535 30.000000000000004
1557.003674900176 30.000000000000004
1557.4806931001801 30.000000000000004
1558.4347295001883 30.000000000000004
1555.5726203001645 30.000000000000004
1560.81982050021 30.000000000000004
1561.773856900219 30.000000000000004
1562.7278933002285 30.000000000000004
1566.0670207002636 30.000000000000004
1565.1129843002532 30.000000000000004
1565.1129843002532 30.000000000000004
1567.0210571002742 30.000000000000004
1568.9291299002964 30.000000000000004
1572.2682573003383 30.000000000000004
1576.5614211003979 30.000000000000004
1578.4694939004266 30.000000000000004
1575.607384700384 30.000000000000004
1577.5154575004121 30.000000000000004
1580.8545849004645 30.000000000000004
1579.900548500449 30.000000000000004
1580.3775667004566 30.000000000000004
1580.3775667004566 30.000000000000004
1578.946512100434 30.000000000000004
1583.2396759005044 30.000000000000004
1584.6707305005295 30.000000000000004
1586.1017851005554 30.000000000000004
1591.3489853006581 30.000000000000004
1592.303021700678 30.000000000000004
1591.8260035006679 30.000000000000004
1590.3949489006384 30.000000000000004
1593.2570581006985 30.000000000000004
1593.7340763007087 30.000000000000004
1592.780039900688 30.000000000000004
1593.7340763007087 30.000000000000004
1595.1651309007405 30.000000000000004
1596.119167300762 30.000000000000004
1596.596185500773 30.000000000000004
1599.4582947008412 30.000000000000004
1598.0272401008067 30.000000000000004
1599.935312900853 30.000000000000004
1599.4582947008412 30.000000000000004
1595.642149100751 30.000000000000004
1595.1651309007405 30.000000000000004
1592.780039900688 30.000000000000004
1592.780039900688 30.000000000000004
1589.9179307006289 30.000000000000004
1590.3949489006384 30.000000000000004
1588.9638943006098 30.000000000000004
1592.303021700678 30.000000000000004
1591.3489853006581 30.000000000000004
1589.9179307006289 30.000000000000004
1591.8260035006679 30.000000000000004
1595.642149100751 30.000000000000004
1591.3489853006581 30.000000000000004
1590.3949489006384 30.000000000000004
1589.4409125006193 30.000000000000004
1590.8719671006481 30.000000000000004
1590.8719671006481 30.000000000000004
1590.8719671006481 30.000000000000004
1591.3489853006581 30.000000000000004
1590.3949489006384 30.000000000000004
1588.9638943006098 30.000000000000004
1587.0558215005733 30.000000000000004
1585.6247669005468 30.000000000000004
1585.1477487005382 30.000000000000004
1579.4235303004414 30.000000000000004
1576.5614211003979 30.000000000000004
1578.4694939004266 30.000000000000004
1579.900548500449 30.000000000000004
1581.3316031004722 30.000000000000004
1584.1937123005212 30.000000000000004
1585.6247669005468 30.000000000000004
1584.6707305005295 30.000000000000004
1587.5328397005821 30.000000000000004
1588.0098579005914 30.000000000000004
1588.9638943006098 30.000000000000004
1586.1017851005554 30.000000000000004
1586.5788033005642 30.000000000000004
1588.9638943006098 30.000000000000004
1587.5328397005821 30.000000000000004
1588.9638943006098 30.000000000000004
1591.3489853006581 30.000000000000004
1595.1651309007405 30.000000000000004
1597.5502219007953 30.000000000000004
1596.596185500773 30.000000000000004
1597.5502219007953 30.000000000000004
1599.4582947008412 30.000000000000004
1600.4123311008648 30.000000000000004
1601.3663675008888 30.000000000000004
1600.4123311008648 30.000000000000004
1603.274440300938 30.000000000000004
1601.3663675008888 30.000000000000004
1600.4123311008648 30.000000000000004
1601.8433857009009 30.000000000000004
1601.3663675008888 30.000000000000004
1601.3663675008888 30.000000000000004
1600.4123311008648 30.000000000000004
1597.073203700784 30.000000000000004
1598.9812765008296 30.000000000000004
1599.4582947008412 30.000000000000004
1598.504258300818 30.000000000000004
1597.5502219007953 30.000000000000004
1599.4582947008412 30.000000000000004
1600.8893493008766 30.000000000000004
1602.320403900913 30.000000000000004
1604.7054949009764 30.000000000000004
1605.6595313010025 30.000000000000004
1605.1825131009894 30.000000000000004
1603.7514585009508 30.000000000000004
1606.1365495010157 30.000000000000004
1608.0446223010697 30.000000000000004
1608.5216405010835 30.000000000000004
1607.567604101056 30.000000000000004
1607.0905859010425 30.000000000000004
1608.5216405010835 30.000000000000004
1607.0905859010425 30.000000000000004
1605.6595313010025 30.000000000000004
1605.1825131009894 30.000000000000004
1607.0905859010425 30.000000000000004
1607.567604101056 30.000000000000004
1607.567604101056 30.000000000000004
1608.9986587010974 30.000000000000004
1607.567604101056 30.000000000000004
1604.2284767009635 30.000000000000004
1606.1365495010157 30.000000000000004
1607.567604101056 30.000000000000004
1608.9986587010974 30.000000000000004
1609.4756769011115 30.000000000000004
1608.0446223010697 30.000000000000004
1606.6135677010288 30.000000000000004
1605.6595313010025 30.000000000000004
1604.2284767009635 30.000000000000004
1604.2284767009635 30.000000000000004
1603.274440300938 30.000000000000004
1605.1825131009894 30.000000000000004
1606.6135677010288 30.000000000000004
1604.7054949009764 30.000000000000004
1603.274440300938 30.000000000000004
1603.274440300938 30.000000000000004
1603.7514585009508 30.000000000000004
1604.2284767009635 30.000000000000004
1603.7514585009508 30.000000000000004
1603.274440300938 30.000000000000004
1602.7974221009256 30.000000000000004
1601.3663675008888 30.000000000000004
1602.7974221009256 30.000000000000004
1601.3663675008888 30.000000000000004
1601.3663675008888 30.000000000000004
1601.3663675008888 30.000000000000004
1601.3663675008888 30.000000000000004
1604.2284767009635 30.000000000000004
1606.1365495010157 30.000000000000004
1605.1825131009894 30.000000000000004
1605.1825131009894 30.000000000000004
1606.6135677010288 30.000000000000004
1606.6135677010288 30.000000000000004
1608.0446223010697 30.000000000000004
1607.567604101056 30.000000000000004
1607.8061132010628 30.000000000000004
1607.3290950010492 30.000000000000004
1606.8520768010355 30.000000000000004
1608.0446223010697 30.000000000000004
1606.1365495010157 30.000000000000004
1609.9526951011255 30.000000000000004
1611.3837497011689 30.000000000000004
1609.2371678011043 30.000000000000004
1607.567604101056 30.000000000000004
1608.5216405010835 30.000000000000004
1607.0905859010425 30.000000000000004
1607.3290950010492 30.000000000000004
1607.8061132010628 30.000000000000004
1608.5216405010835 30.000000000000004
1608.5216405010835 30.000000000000004
1609.4756769011115 30.000000000000004
1610.1912042011327 30.000000000000004
1612.0992770011908 30.000000000000004
1611.622258801176 30.000000000000004
1611.1452406011615 30.000000000000004
1611.622258801176 30.000000000000004
1611.1452406011615 30.000000000000004
1610.1912042011327 30.000000000000004
1610.1912042011327 30.000000000000004
1608.2831314010766 30.000000000000004
1606.8520768010355 30.000000000000004
1606.3750586010224 30.000000000000004
1607.8061132010628 30.000000000000004
1607.8061132010628 30.000000000000004
1607.3290950010492 30.000000000000004
1605.898040401009 30.000000000000004
1605.898040401009 30.000000000000004
1606.8520768010355 30.000000000000004
1604.9440040009829 30.000000000000004
1605.898040401009 30.000000000000004
1606.8520768010355 30.000000000000004
1605.898040401009 30.000000000000004
1605.4210222009958 30.000000000000004
1603.5129494009443 30.000000000000004
1604.46698580097 30.000000000000004
1603.5129494009443 30.000000000000004
1605.4210222009958 30.000000000000004
1604.9440040009829 30.000000000000004
1605.898040401009 30.000000000000004
1605.4210222009958 30.000000000000004
1604.9440040009829 30.000000000000004
1603.989967600957 30.000000000000004
1603.989967600957 30.000000000000004
1603.989967600957 30.000000000000004
1604.46698580097 30.000000000000004
1604.46698580097 30.000000000000004
1603.5129494009443 30.000000000000004
1603.989967600957 30.000000000000004
1606.3750586010224 30.000000000000004
1607.8061132010628 30.000000000000004
1605.898040401009 30.000000000000004
1603.989967600957 30.000000000000004
1603.989967600957 30.000000000000004
1607.8061132010628 30.000000000000004
1605.4210222009958 30.000000000000004
1604.46698580097 30.000000000000004
1604.46698580097 30.000000000000004
1604.46698580097 30.000000000000004
1605.4210222009958 30.000000000000004
1606.3750586010224 30.000000000000004
1606.3750586010224 30.000000000000004
1606.3750586010224 30.000000000000004
1605.898040401009 30.000000000000004
1606.8520768010355 30.000000000000004
1607.3290950010492 30.000000000000004
1607.3290950010492 30.000000000000004
1604.9440040009829 30.000000000000004
1604.9440040009829 30.000000000000004
1604.46698580097 30.000000000000004
1603.989967600957 30.000000000000004
1603.7514585009508 30.000000000000004
1603.7514585009508 30.000000000000004
1603.7514585009508 30.000000000000004
1602.7974221009256 30.000000000000004
1602.320403900913 30.000000000000004
1603.274440300938 30.000000000000004
1605.1825131009894 30.000000000000004
1604.2284767009635 30.000000000000004
1603.7514585009508 30.000000000000004
1605.1825131009894 30.000000000000004
1606.6135677010288 30.000000000000004
1606.1365495010157 30.000000000000004
1607.0905859010425 30.000000000000004
1608.0446223010697 30.000000000000004
1608.0446223010697 30.000000000000004
1608.0446223010697 30.000000000000004
1607.567604101056 30.000000000000004
1608.0446223010697 30.000000000000004
1608.5216405010835 30.000000000000004
1608.5216405010835 30.000000000000004
1608.0446223010697 30.000000000000004
1605.1825131009894 30.000000000000004
1606.1365495010157 30.000000000000004
1606.1365495010157 30.000000000000004
1606.6135677010288 30.000000000000004
1607.567604101056 30.000000000000004
1607.567604101056 30.000000000000004
1608.0446223010697 30.000000000000004
1607.567604101056 30.000000000000004
1607.0905859010425 30.000000000000004
1607.567604101056 30.000000000000004
1605.898040401009 30.000000000000004
1603.274440300938 30.000000000000004
1604.2284767009635 30.000000000000004
1605.898040401009 30.000000000000004
1605.4210222009958 30.000000000000004
1606.6135677010288 30.000000000000004
1607.3290950010492 30.000000000000004
1607.567604101056 30.000000000000004
1608.5216405010835 30.000000000000004
1607.8061132010628 30.000000000000004
1607.8061132010628 30.000000000000004
1607.3290950010492 30.000000000000004
1607.8061132010628 30.000000000000004
1608.2831314010766 30.000000000000004
1607.8061132010628 30.000000000000004
1607.8061132010628 30.000000000000004
1608.7601496010905 30.000000000000004
1608.7601496010905 30.000000000000004
1608.7601496010905 30.000000000000004
1608.2831314010766 30.000000000000004
1609.7141860011184 30.000000000000004
1608.7601496010905 30.000000000000004
1607.3290950010492 30.000000000000004
1604.9440040009829 30.000000000000004
1604.46698580097 30.000000000000004
1605.898040401009 30.000000000000004
1606.3750586010224 30.000000000000004
1607.3290950010492 30.000000000000004
1606.3750586010224 30.000000000000004
1606.8520768010355 30.000000000000004
1607.0905859010425 30.000000000000004
1606.8520768010355 30.000000000000004
1606.8520768010355 30.000000000000004
1607.8061132010628 30.000000000000004
1606.8520768010355 30.000000000000004
1609.7141860011184 30.000000000000004
1608.2831314010766 30.000000000000004
1609.7141860011184 30.000000000000004
1609.2371678011043 30.000000000000004
1608.7601496010905 30.000000000000004
1606.8520768010355 30.000000000000004
1607.3290950010492 30.000000000000004
1607.8061132010628 30.000000000000004
1606.3750586010224 30.000000000000004
1606.8520768010355 30.000000000000004
1605.4210222009958 30.000000000000004
1605.4210222009958 30.000000000000004
1605.4210222009958 30.000000000000004
1603.989967600957 30.000000000000004
1603.0359312009318 30.000000000000004
1603.0359312009318 30.000000000000004
1602.081894800907 30.000000000000004
1601.1278584008828 30.000000000000004
1601.6048766008948 30.000000000000004
1602.081894800907 30.000000000000004
1602.5589130009193 30.000000000000004
1602.5589130009193 30.000000000000004
1601.6048766008948 30.000000000000004
1602.081894800907 30.000000000000004
1601.6048766008948 30.000000000000004
1600.6508402008706 30.000000000000004
1600.1738220008588 30.000000000000004
1600.1738220008588 30.000000000000004
1598.2657492008123 30.000000000000004
1597.788731000801 30.000000000000004
1597.788731000801 30.000000000000004
1596.8346946007784 30.000000000000004
1596.3576764007676 30.000000000000004
1596.8346946007784 30.000000000000004
1597.3117128007898 30.000000000000004
1596.3576764007676 30.000000000000004
1595.4036400007458 30.000000000000004
1594.4496036007245 30.000000000000004
1596.3576764007676 30.000000000000004
1597.788731000801 30.000000000000004
1597.788731000801 30.000000000000004
1597.788731000801 30.000000000000004
1599.696803800847 30.000000000000004
1599.696803800847 30.000000000000004
1600.1738220008588 30.000000000000004
1600.1738220008588 30.000000000000004
1600.1738220008588 30.000000000000004
1600.6508402008706 30.000000000000004
1600.1738220008588 30.000000000000004
1599.2197856008354 30.000000000000004
1599.2197856008354 30.000000000000004
1599.696803800847 30.000000000000004
1599.2197856008354 30.000000000000004
1597.788731000801 30.000000000000004
1596.3576764007676 30.000000000000004
1598.504258300818 30.000000000000004
1598.504258300818 30.000000000000004
1598.9812765008296 30.000000000000004
1599.4582947008412 30.000000000000004
1600.4123311008648 30.000000000000004
1599.935312900853 30.000000000000004
1598.504258300818 30.000000000000004
1598.9812765008296 30.000000000000004
1601.8433857009009 30.000000000000004
1602.320403900913 30.000000000000004
1602.320403900913 30.000000000000004
1603.274440300938 30.000000000000004
1601.3663675008888 30.000000000000004
1600.8893493008766 30.000000000000004
1601.8433857009009 30.000000000000004
1599.696803800847 30.000000000000004
1597.788731000801 30.000000000000004
1597.5502219007953 30.000000000000004
1597.3117128007898 30.000000000000004
1597.3117128007898 30.000000000000004
1597.073203700784 30.000000000000004
1596.8346946007784 30.000000000000004
1594.6881127007298 30.000000000000004
1594.2110945007191 30.000000000000004
1593.972585400714 30.000000000000004
1593.0185490006932 30.000000000000004
1592.303021700678 30.000000000000004
1592.303021700678 30.000000000000004
1593.2570581006985 30.000000000000004
1591.8260035006679 30.000000000000004
1593.7340763007087 30.000000000000004
1594.9266218007351 30.000000000000004
1596.3576764007676 30.000000000000004
1595.8806582007567 30.000000000000004
1596.3576764007676 30.000000000000004
1595.1651309007405 30.000000000000004
1594.9266218007351 30.000000000000004
1594.4496036007245 30.000000000000004
1595.1651309007405 30.000000000000004
1595.642149100751 30.000000000000004
1597.073203700784 30.000000000000004
1598.504258300818 30.000000000000004
1599.4582947008412 30.000000000000004
1598.9812765008296 30.000000000000004
1598.504258300818 30.000000000000004
1597.5502219007953 30.000000000000004
1597.073203700784 30.000000000000004
1596.596185500773 30.000000000000004
1597.073203700784 30.000000000000004
1597.073203700784 30.000000000000004
1598.0272401008067 30.000000000000004
1598.9812765008296 30.000000000000004
1598.504258300818 30.000000000000004
1598.9812765008296 30.000000000000004
1598.9812765008296 30.000000000000004
1598.9812765008296 30.000000000000004
1599.935312900853 30.000000000000004
1600.8893493008766 30.000000000000004
1600.8893493008766 30.000000000000004
1602.320403900913 30.000000000000004
1601.3663675008888 30.000000000000004
1602.320403900913 30.000000000000004
1602.320403900913 30.000000000000004
1602.7974221009256 30.000000000000004
1602.7974221009256 30.000000000000004
1604.2284767009635 30.000000000000004
1603.7514585009508 30.000000000000004
1603.7514585009508 30.000000000000004
1603.274440300938 30.000000000000004
1603.274440300938 30.000000000000004
1603.0359312009318 30.000000000000004
1603.5129494009443 30.000000000000004
1603.7514585009508 30.000000000000004
1603.989967600957 30.000000000000004
1603.989967600957 30.000000000000004
1603.989967600957 30.000000000000004
1601.6048766008948 30.000000000000004
1602.7974221009256 30.000000000000004
1603.0359312009318 30.000000000000004
1603.5129494009443 30.000000000000004
1602.5589130009193 30.000000000000004
1602.5589130009193 30.000000000000004
1603.5129494009443 30.000000000000004
1602.081894800907 30.000000000000004
1602.5589130009193 30.000000000000004
1602.5589130009193 30.000000000000004
1602.5589130009193 30.000000000000004
1603.0359312009318 30.000000000000004
1602.081894800907 30.000000000000004
1602.081894800907 30.000000000000004
1600.6508402008706 30.000000000000004
1600.6508402008706 30.000000000000004
1601.1278584008828 30.000000000000004
1601.3663675008888 30.000000000000004
1601.3663675008888 30.000000000000004
1599.4582947008412 30.000000000000004
1599.696803800847 30.000000000000004
1599.935312900853 30.000000000000004
1600.8893493008766 30.000000000000004
1603.0359312009318 30.000000000000004
1603.989967600957 30.000000000000004
1603.0359312009318 30.000000000000004
1601.3663675008888 30.000000000000004
1599.935312900853 30.000000000000004
1600.1738220008588 30.000000000000004
1598.9812765008296 30.000000000000004
1600.1738220008588 30.000000000000004
1599.696803800847 30.000000000000004
1598.504258300818 30.000000000000004
1598.504258300818 30.000000000000004
1598.504258300818 30.000000000000004
1598.9812765008296 30.000000000000004
1598.2657492008123 30.000000000000004
1598.7427674008236 30.000000000000004
1597.3117128007898 30.000000000000004
1595.8806582007567 30.000000000000004
1596.3576764007676 30.000000000000004
1596.3576764007676 30.000000000000004
1596.3576764007676 30.000000000000004
1595.8806582007567 30.000000000000004
1595.4036400007458 30.000000000000004
1595.4036400007458 30.000000000000004
1596.3576764007676 30.000000000000004
1594.9266218007351 30.000000000000004
1594.9266218007351 30.000000000000004
1593.972585400714 30.000000000000004
1592.5415308006832 30.000000000000004
1593.4955672007036 30.000000000000004
1593.4955672007036 30.000000000000004
1592.064512600673 30.000000000000004
1592.5415308006832 30.000000000000004
1592.064512600673 30.000000000000004
1593.0185490006932 30.000000000000004
1591.587494400663 30.000000000000004
1593.0185490006932 30.000000000000004
1591.8260035006679 30.000000000000004
1591.3489853006581 30.000000000000004
1590.3949489006384 30.000000000000004
1589.6794216006242 30.000000000000004
1590.1564398006337 30.000000000000004
1588.7253852006052 30.000000000000004
1591.110476200653 30.000000000000004
1589.2024034006147 30.000000000000004
1588.4868761006005 30.000000000000004
1586.8173124005687 30.000000000000004
1586.1017851005554 30.000000000000004
1585.1477487005382 30.000000000000004
1584.6707305005295 30.000000000000004
1584.6707305005295 30.000000000000004
1584.4322214005253 30.000000000000004
1584.4322214005253 30.000000000000004
1581.5701122004762 30.000000000000004
1581.5701122004762 30.000000000000004
1581.0930940004682 30.000000000000004
1578.7080030004304 30.000000000000004
1579.1850212004376 30.000000000000004
1577.038439300405 30.000000000000004
1576.3229120003944 30.000000000000004
1574.891857400374 30.000000000000004
1575.3688756003808 30.000000000000004
1574.1763301003639 30.000000000000004
1574.1763301003639 30.000000000000004
1573.9378210003606 30.000000000000004
1574.4148392003672 30.000000000000004
1574.6533483003707 30.000000000000004
1575.607384700384 30.000000000000004
1573.4608028003543 30.000000000000004
1573.4608028003543 30.000000000000004
1571.5527300003291 30.000000000000004
1570.3601845003138 30.000000000000004
1569.883166300308 30.000000000000004
1570.121675400311 30.000000000000004
1569.883166300308 30.000000000000004
1569.883166300308 30.000000000000004
1568.213602600288 30.000000000000004
1567.4980753002797 30.000000000000004
1564.158947900243 30.000000000000004
1562.0123660002214 30.000000000000004
1562.4893842002261 30.000000000000004
1562.0123660002214 30.000000000000004
1561.5353478002166 30.000000000000004
1561.773856900219 30.000000000000004
1560.5813114002076 30.000000000000004
1561.0583296002121 30.000000000000004
1561.2968387002145 30.000000000000004
1559.8657841002012 30.000000000000004
1559.627275000199 30.000000000000004
1559.1502568001947 30.000000000000004
1558.4347295001883 30.000000000000004
1558.4347295001883 30.000000000000004
1557.4806931001801 30.000000000000004
1558.1962204001861 30.000000000000004
1558.9117477001926 30.000000000000004
1557.9577113001842 30.000000000000004
1558.1962204001861 30.000000000000004
1559.627275000199 30.000000000000004
1557.9577113001842 30.000000000000004
1558.9117477001926 30.000000000000004
1556.2881476001703 30.000000000000004
1555.5726203001645 30.000000000000004
1555.0956021001607 30.000000000000004
1554.1415657001535 30.000000000000004
1552.4720020001412 30.000000000000004
1552.9490202001446 30.000000000000004
1552.9490202001446 30.000000000000004
1551.9949838001378 30.000000000000004
1551.0409474001312 30.000000000000004
1550.5639292001279 30.000000000000004
1551.0409474001312 30.000000000000004
1550.5639292001279 30.000000000000004
1550.5639292001279 30.000000000000004
1551.9949838001378 30.000000000000004
1552.9490202001446 30.000000000000004
1553.6645475001499 30.000000000000004
1553.6645475001499 30.000000000000004
1553.426038400148 30.000000000000004
1552.4720020001412 30.000000000000004
1551.9949838001378 30.000000000000004
1551.756474700136 30.000000000000004
1551.2794565001327 30.000000000000004
1550.5639292001279 30.000000000000004
1550.8024383001296 30.000000000000004
1549.8484019001232 30.000000000000004
1548.1788382001128 30.000000000000004
1547.7018200001098 30.000000000000004
1546.509274500103 30.000000000000004
1546.509274500103 30.000000000000004
1544.8397108000938 30.000000000000004
1544.8397108000938 30.000000000000004
1546.2707654001017 30.000000000000004
1545.793747200099 30.000000000000004
1546.0322563001002 30.000000000000004
1545.5552381000975 30.000000000000004
1545.078219900095 30.000000000000004
1543.6471653000876 30.000000000000004
1543.1701471000852 30.000000000000004
1541.7390925000782 30.000000000000004
1540.7850561000737 30.000000000000004
1541.023565200075 30.000000000000004
1541.023565200075 30.000000000000004
1541.023565200075 30.000000000000004
1541.023565200075 30.000000000000004
1540.5465470000727 30.000000000000004
1540.5465470000727 30.000000000000004
1540.5465470000727 30.000000000000004
1538.1614560000626 30.000000000000004
1537.6844378000608 30.000000000000004
1539.1154924000666 30.000000000000004
1537.6844378000608 30.000000000000004
1537.207419600059 30.000000000000004
1538.6384742000646 30.000000000000004
1538.6384742000646 30.000000000000004
1538.1614560000626 30.000000000000004
1539.1154924000666 30.000000000000004
1538.6384742000646 30.000000000000004
1537.6844378000608 30.000000000000004
1538.1614560000626 30.000000000000004
1536.7304014000572 30.000000000000004
1537.6844378000608 30.000000000000004
1534.3453104000487 30.000000000000004
1535.299346800052 30.000000000000004
1534.3453104000487 30.000000000000004
1533.3912740000455 30.000000000000004
1532.914255800044 30.000000000000004
1531.9602194000413 30.000000000000004
1531.7217103000405 30.000000000000004
1530.7676739000378 30.000000000000004
1530.2906557000365 30.000000000000004
1531.2446921000392 30.000000000000004
1531.7217103000405 30.000000000000004
1532.6757467000434 30.000000000000004
1532.1987285000419 30.000000000000004
1533.1527649000448 30.000000000000004
1535.060837700051 30.000000000000004
1534.5838195000495 30.000000000000004
1534.8223286000502 30.000000000000004
1533.868292200047 30.000000000000004
1534.3453104000487 30.000000000000004
1535.299346800052 30.000000000000004
1536.2533832000554 30.000000000000004
1537.207419600059 30.000000000000004
1536.2533832000554 30.000000000000004
1537.207419600059 30.000000000000004
1538.1614560000626 30.000000000000004
1536.7304014000572 30.000000000000004
1537.6844378000608 30.000000000000004
1537.4459287000598 30.000000000000004
1536.7304014000572 30.000000000000004
1536.4918923000562 30.000000000000004
1537.6844378000608 30.000000000000004
1538.3999651000636 30.000000000000004
1537.4459287000598 30.000000000000004
1538.3999651000636 30.000000000000004
1538.1614560000626 30.000000000000004
1537.4459287000598 30.000000000000004
1536.968910500058 30.000000000000004
1537.6844378000608 30.000000000000004
1536.968910500058 30.000000000000004
1536.2533832000554 30.000000000000004
1536.7304014000572 30.000000000000004
1536.968910500058 30.000000000000004
1537.207419600059 30.000000000000004
1539.1154924000666 30.000000000000004
1539.1154924000666 30.000000000000004
1541.262074300076 30.000000000000004
1541.023565200075 30.000000000000004
1541.023565200075 30.000000000000004
1540.5465470000727 30.000000000000004
1540.5465470000727 30.000000000000004
1540.0695288000707 30.000000000000004
1541.5005834000772 30.000000000000004
1541.9776016000794 30.000000000000004
1542.4546198000817 30.000000000000004
1542.931638000084 30.000000000000004
1544.8397108000938 30.000000000000004
1545.793747200099 30.000000000000004
1545.078219900095 30.000000000000004
1544.3626926000911 30.000000000000004
1543.8856744000886 30.000000000000004
1543.8856744000886 30.000000000000004
1544.6012017000926 30.000000000000004
1546.7477836001044 30.000000000000004
1547.7018200001098 30.000000000000004
1549.1328746001186 30.000000000000004
1547.9403291001113 30.000000000000004
1547.7018200001098 30.000000000000004
1547.9403291001113 30.000000000000004
1549.1328746001186 30.000000000000004
1548.8943655001171 30.000000000000004
1548.8943655001171 30.000000000000004
1549.1328746001186 30.000000000000004
1547.9403291001113 30.000000000000004
1550.3254201001264 30.000000000000004
1551.2794565001327 30.000000000000004
1550.086911000125 30.000000000000004
1551.0409474001312 30.000000000000004
1550.086911000125 30.000000000000004
1548.6558564001157 30.000000000000004
1549.1328746001186 30.000000000000004
1549.6098928001218 30.000000000000004
1548.8943655001171 30.000000000000004
1548.8943655001171 30.000000000000004
1548.8943655001171 30.000000000000004
1548.8943655001171 30.000000000000004
1549.8484019001232 30.000000000000004
1550.3254201001264 30.000000000000004
1550.8024383001296 30.000000000000004
1549.8484019001232 30.000000000000004
1549.37138370012 30.000000000000004
1551.2794565001327 30.000000000000004
1552.2334929001395 30.000000000000004
1553.6645475001499 30.000000000000004
1554.1415657001535 30.000000000000004
1554.1415657001535 30.000000000000004
1554.6185839001569 30.000000000000004
1554.6185839001569 30.000000000000004
1555.5726203001645 30.000000000000004
1557.719202200182 30.000000000000004
1557.242184000178 30.000000000000004
1558.1962204001861 30.000000000000004
1558.6732386001904 30.000000000000004
1559.627275000199 30.000000000000004
1559.627275000199 30.000000000000004
1561.5353478002166 30.000000000000004
1561.0583296002121 30.000000000000004
1561.5353478002166 30.000000000000004
1561.5353478002166 30.000000000000004
1563.9204388002406 30.000000000000004
1564.8744752002506 30.000000000000004
1564.8744752002506 30.000000000000004
1566.3055298002662 30.000000000000004
1567.2595662002768 30.000000000000004
1568.6906208002936 30.000000000000004
1569.6446572003051 30.000000000000004
1570.121675400311 30.000000000000004
1570.121675400311 30.000000000000004
1569.6446572003051 30.000000000000004
1572.0297482003352 30.000000000000004
1571.075711800323 30.000000000000004
1572.0297482003352 30.000000000000004
1572.983784600348 30.000000000000004
1572.983784600348 30.000000000000004
1573.4608028003543 30.000000000000004
1572.983784600348 30.000000000000004
1574.4148392003672 30.000000000000004
1572.983784600348 30.000000000000004
1573.9378210003606 30.000000000000004
1572.7452755003446 30.000000000000004
1573.6993119003573 30.000000000000004
1574.6533483003707 30.000000000000004
1575.607384700384 30.000000000000004
1574.6533483003707 30.000000000000004
1575.607384700384 30.000000000000004
1576.5614211003979 30.000000000000004
1576.5614211003979 30.000000000000004
1577.5154575004121 30.000000000000004
1577.038439300405 30.000000000000004
1576.084402900391 30.000000000000004
1575.1303665003772 30.000000000000004
1574.6533483003707 30.000000000000004
1574.6533483003707 30.000000000000004
1575.607384700384 30.000000000000004
1579.4235303004414 30.000000000000004
1579.4235303004414 30.000000000000004
1578.4694939004266 30.000000000000004
1578.946512100434 30.000000000000004
1578.946512100434 30.000000000000004
1579.900548500449 30.000000000000004
1579.4235303004414 30.000000000000004
1580.8545849004645 30.000000000000004
1581.8086213004801 30.000000000000004
1581.8086213004801 30.000000000000004
1582.285639500488 30.000000000000004
1583.7166941005125 30.000000000000004
1584.1937123005212 30.000000000000004
1582.7626577004962 30.000000000000004
1584.1937123005212 30.000000000000004
1584.6707305005295 30.000000000000004
1585.1477487005382 30.000000000000004
1585.1477487005382 30.000000000000004
1586.1017851005554 30.000000000000004
1586.5788033005642 30.000000000000004
1586.1017851005554 30.000000000000004
1587.0558215005733 30.000000000000004
1588.0098579005914 30.000000000000004
1588.0098579005914 30.000000000000004
1589.9179307006289 30.000000000000004
1588.9638943006098 30.000000000000004
1590.3949489006384 30.000000000000004
1591.8260035006679 30.000000000000004
1593.7340763007087 30.000000000000004
1593.7340763007087 30.000000000000004
1595.642149100751 30.000000000000004
1597.073203700784 30.000000000000004
1597.073203700784 30.000000000000004
1597.5502219007953 30.000000000000004
1597.073203700784 30.000000000000004
1597.073203700784 30.000000000000004
1598.0272401008067 30.000000000000004
1598.0272401008067 30.000000000000004
1596.596185500773 30.000000000000004
1597.073203700784 30.000000000000004
1598.504258300818 30.000000000000004
1598.9812765008296 30.000000000000004
1599.4582947008412 30.000000000000004
1600.4123311008648 30.000000000000004
1599.935312900853 30.000000000000004
1600.1738220008588 30.000000000000004
1600.1738220008588 30.000000000000004
1600.6508402008706 30.000000000000004
1600.6508402008706 30.000000000000004
1600.6508402008706 30.000000000000004
1600.6508402008706 30.000000000000004
1601.1278584008828 30.000000000000004
1600.1738220008588 30.000000000000004
1603.0359312009318 30.000000000000004
1603.0359312009318 30.000000000000004
1603.989967600957 30.000000000000004
1604.9440040009829 30.000000000000004
1607.3290950010492 30.000000000000004
1607.8061132010628 30.000000000000004
1607.8061132010628 30.000000000000004
1608.7601496010905 30.000000000000004
1609.2371678011043 30.000000000000004
1609.2371678011043 30.000000000000004
1609.2371678011043 30.000000000000004
1610.668222401147 30.000000000000004
1611.1452406011615 30.000000000000004
1610.1912042011327 30.000000000000004
1610.668222401147 30.000000000000004
1610.668222401147 30.000000000000004
1609.7141860011184 30.000000000000004
1610.668222401147 30.000000000000004
1610.668222401147 30.000000000000004
1613.0533134012205 30.000000000000004
1614.007349801251 30.000000000000004
1613.5303316012357 30.000000000000004
1614.007349801251 30.000000000000004
1614.007349801251 30.000000000000004
1615.4384044012972 30.000000000000004
1614.9613862012816 30.000000000000004
1615.4384044012972 30.000000000000004
1615.4384044012972 30.000000000000004
1615.4384044012972 30.000000000000004
1616.1539317013207 30.000000000000004
1616.1539317013207 30.000000000000004
1615.915422601313 30.000000000000004
1616.8694590013447 30.000000000000004
1616.8694590013447 30.000000000000004
1616.8694590013447 30.000000000000004
1616.3924408013288 30.000000000000004
1617.8234954013772 30.000000000000004
1617.8234954013772 30.000000000000004
1617.3464772013608 30.000000000000004
1617.8234954013772 30.000000000000004
1619.493059101435 30.000000000000004
1619.0160409014184 30.000000000000004
1619.493059101435 30.000000000000004
1620.4470955014688 30.000000000000004
1620.9241137014858 30.000000000000004
1621.8781501015205 30.000000000000004
1622.8321865015555 30.000000000000004
1622.3551683015378 30.000000000000004
1622.8321865015555 30.000000000000004
1623.7862229015911 30.000000000000004
1623.7862229015911 30.000000000000004
1622.8321865015555 30.000000000000004
1623.7862229015911 30.000000000000004
1622.3551683015378 30.000000000000004
1623.3092047015732 30.000000000000004
1624.7402593016272 30.000000000000004
1623.7862229015911 30.000000000000004
1624.7402593016272 30.000000000000004
1624.7402593016272 30.000000000000004
1625.694295701664 30.000000000000004
1627.1253503017203 30.000000000000004
1626.1713139016827 30.000000000000004
1625.694295701664 30.000000000000004
1625.694295701664 30.000000000000004
1626.1713139016827 30.000000000000004
1627.1253503017203 30.000000000000004
1628.0793867017583 30.000000000000004
1627.6023685017392 30.000000000000004
1629.033423101797 30.000000000000004
1628.5564049017778 30.000000000000004
1628.5564049017778 30.000000000000004
1629.033423101797 30.000000000000004
1629.5104413018166 30.000000000000004
1629.033423101797 30.000000000000004
1629.5104413018166 30.000000000000004
1629.5104413018166 30.000000000000004
1628.0793867017583 30.000000000000004
1629.5104413018166 30.000000000000004
1629.5104413018166 30.000000000000004
1630.9414959018764 30.000000000000004
1632.1340414019269 30.000000000000004
1632.3725505019372 30.000000000000004
1632.3725505019372 30.000000000000004
1632.8495687019577 30.000000000000004
1634.2806233020203 30.000000000000004
1632.8495687019577 30.000000000000004
1634.2806233020203 30.000000000000004
1633.8036051019994 30.000000000000004
1634.2806233020203 30.000000000000004
1635.2346597020628 30.000000000000004
1637.1427325021496 30.000000000000004
1640.0048417022842 30.000000000000004
1640.0048417022842 30.000000000000004
1641.4358963023537 30.000000000000004
1640.9588781023306 30.000000000000004
1640.4818599023074 30.000000000000004
1640.9588781023306 30.000000000000004
1640.0048417022842 30.000000000000004
1641.197387202342 30.000000000000004
1641.6744054023654 30.000000000000004
1641.6744054023654 30.000000000000004
1641.6744054023654 30.000000000000004
1642.151423602389 30.000000000000004
1641.6744054023654 30.000000000000004
1642.151423602389 30.000000000000004
1642.6284418024127 30.000000000000004
1642.6284418024127 30.000000000000004
1642.6284418024127 30.000000000000004
1643.1054600024365 30.000000000000004
1642.151423602389 30.000000000000004
1643.1054600024365 30.000000000000004
1642.6284418024127 30.000000000000004
1643.1054600024365 30.000000000000004
1642.151423602389 30.000000000000004
1642.6284418024127 30.000000000000004
1641.9129145023771 30.000000000000004
1641.4358963023537 30.000000000000004
1641.9129145023771 30.000000000000004
1641.9129145023771 30.000000000000004
1640.0048417022842 30.000000000000004
1639.5278235022615 30.000000000000004
1638.5737871022163 30.000000000000004
1639.0508053022388 30.000000000000004
1639.0508053022388 30.000000000000004
1639.0508053022388 30.000000000000004
1639.0508053022388 30.000000000000004
1639.0508053022388 30.000000000000004
1638.0967689021938 30.000000000000004
1637.1427325021496 30.000000000000004
1637.1427325021496 30.000000000000004
1636.6657143021278 30.000000000000004
1637.1427325021496 30.000000000000004
1637.1427325021496 30.000000000000004
1637.1427325021496 30.000000000000004
