APO
1673.5811240478713 30.000000000000004
1756.1961951199237 30.000000000000004
1811.3723256221574 30.000000000000004
1849.2499935901892 30.000000000000004
1879.6714277073393 30.000000000000004
1892.197900579412 30.000000000000004
1899.9523837860263 30.000000000000004
1913.6718540748313 30.000000000000004
1916.3560982617987 30.000000000000004
1921.1280879275412 30.000000000000004
1919.6368411569936 30.000000000000004
1921.724586635761 30.000000000000004
1923.2158334063126 30.000000000000004
1922.917584052202 30.000000000000004
1921.724586635761 30.000000000000004
1922.917584052202 30.000000000000004
1923.812332114534 30.000000000000004
1925.3035788850896 30.000000000000004
1926.4965763015362 30.000000000000004
1924.110581468645 30.000000000000004
1925.9000775933127 30.000000000000004
1925.3035788850896 30.000000000000004
1925.9000775933127 30.000000000000004
1926.794825655648 30.000000000000004
1925.601828239201 30.000000000000004
1925.3035788850896 30.000000000000004
1924.707080176867 30.000000000000004
1924.707080176867 30.000000000000004
1923.2158334063126 30.000000000000004
1922.022835989871 30.000000000000004
1922.022835989871 30.000000000000004
1922.6193346980915 30.000000000000004
1922.917584052202 30.000000000000004
1922.6193346980915 30.000000000000004
1922.3210853439814 30.000000000000004
1922.6193346980915 30.000000000000004
1921.426337281651 30.000000000000004
1922.917584052202 30.000000000000004
1919.0403424487752 30.000000000000004
1919.0403424487752 30.000000000000004
1919.0403424487752 30.000000000000004
1917.84734503234 30.000000000000004
1916.3560982617987 30.000000000000004
1916.0578489076906 30.000000000000004
1915.4613501994752 30.000000000000004
1914.86485149126 30.000000000000004
1913.9701034289383 30.000000000000004
1914.2683527830454 30.000000000000004
1915.1631008453676 30.000000000000004
1911.8823579501914 30.000000000000004
1912.7771060125108 30.000000000000004
1910.9876098878728 30.000000000000004
1908.6016150550283 30.000000000000004
1907.4086176386088 30.000000000000004
1904.7243734516712 30.000000000000004
1904.127874743464 30.000000000000004
1902.0401292647425 30.000000000000004
1900.5488824942304 30.000000000000004
1899.057635723721 30.000000000000004
1897.864638307315 30.000000000000004
1895.7768928286096 30.000000000000004
1895.7768928286096 30.000000000000004
1893.3908979958094 30.000000000000004
1891.6014018712137 30.000000000000004
1890.408404454819 30.000000000000004
1888.6189083302297 30.000000000000004
1888.3206589761317 30.000000000000004
1885.6364147892557 30.000000000000004
1884.4434173728691 30.000000000000004
1883.8469186646764 30.000000000000004
1882.9521706023884 30.000000000000004
1881.7591731860055 30.000000000000004
1879.3731783532444 30.000000000000004
1878.7766796450553 30.000000000000004
1877.8819315827725 30.000000000000004
1877.5836822286783 30.000000000000004
1877.5836822286783 30.000000000000004
1877.5836822286783 30.000000000000004
1874.8994380418358 30.000000000000004
1872.8116925631862 30.000000000000004
1872.2151938550014 30.000000000000004
1872.2151938550014 30.000000000000004
1871.9169445009093 30.000000000000004
1870.7239470845414 30.000000000000004
1869.530949668175 30.000000000000004
1867.1449548354474 30.000000000000004
1867.443204189538 30.000000000000004
1866.5484561272665 30.000000000000004
1865.9519574190858 30.000000000000004
1865.3554587109059 30.000000000000004
1863.565962586368 30.000000000000004
1861.179967753656 30.000000000000004
1860.2852196913905 30.000000000000004
1859.0922222750382 30.000000000000004
1859.390471629126 30.000000000000004
1857.6009755045998 30.000000000000004
1856.407978088251 30.000000000000004
1855.2149806719035 30.000000000000004
1854.3202326096439 30.000000000000004
1854.6184819637301 30.000000000000004
1853.1272351932992 30.000000000000004
1852.2324871310416 30.000000000000004
1851.6359884228705 30.000000000000004
1851.337739068785 30.000000000000004
1850.7412403606143 30.000000000000004
1850.144741652444 30.000000000000004
1848.65349488202 30.000000000000004
1847.7587468197667 30.000000000000004
1845.671001341179 30.000000000000004
1845.074502633012 30.000000000000004
1843.583255862596 30.000000000000004
1842.98675715443 30.000000000000004
1840.0042636136066 30.000000000000004
1838.5130168431983 30.000000000000004
1835.8287726564693 30.000000000000004
1834.3375258860674 30.000000000000004
1831.6532816993497 30.000000000000004
1830.9076583141516 30.000000000000004
1829.4164115437572 30.000000000000004
1828.3725388044822 30.000000000000004
1828.0742894504042 30.000000000000004
1826.583042680014 30.000000000000004
1824.4952972014712 30.000000000000004
1824.197047847394 30.000000000000004
1824.3461725244326 30.000000000000004
1823.7496738162786 30.000000000000004
1823.1531751081247 30.000000000000004
1821.960177691818 30.000000000000004
1821.3636789836653 30.000000000000004
1819.8724322132848 30.000000000000004
1819.2759335051333 30.000000000000004
1818.082936088831 30.000000000000004
1817.4864373806806 30.000000000000004
1815.9951906103058 30.000000000000004
1815.100442548082 30.000000000000004
1813.6091957777105 30.000000000000004
1812.416198361415 30.000000000000004
1808.837206112536 30.000000000000004
1808.5389567584634 30.000000000000004
1807.3459593421735 30.000000000000004
1806.749460634029 30.000000000000004
1807.0477099881011 30.000000000000004
1806.898585311065 30.000000000000004
1805.705587894777 30.000000000000004
1804.810839832562 30.000000000000004
1804.2143411244188 30.000000000000004
1803.617842416276 30.000000000000004
1803.0213437081336 30.000000000000004
1800.933598229638 30.000000000000004
1798.2493540430062 30.000000000000004
1797.6528553348667 30.000000000000004
1796.758107272658 30.000000000000004
1795.86335921045 30.000000000000004
1795.565109856381 30.000000000000004
1794.3721124401052 30.000000000000004
1792.2843669616257 30.000000000000004
1791.0913695453535 30.000000000000004
1789.8983721290824 30.000000000000004
1787.214127942477 30.000000000000004
1785.7228811721434 30.000000000000004
1783.6351356936798 30.000000000000004
1782.5912629544493 30.000000000000004
1781.3982655381872 30.000000000000004
1780.205268121926 30.000000000000004
1778.7140213516018 30.000000000000004
1776.3280265190863 30.000000000000004
1773.9420316865758 30.000000000000004
1772.450784916259 30.000000000000004
1770.3630394378185 30.000000000000004
1769.1700420215686 30.000000000000004
1768.2752939593818 30.000000000000004
1767.9770446053199 30.000000000000004
1767.6787952512577 30.000000000000004
1766.784047189072 30.000000000000004
1766.48579783501 30.000000000000004
1764.6963017106414 30.000000000000004
1762.0120575240928 30.000000000000004
1760.8190601078509 30.000000000000004
1759.3278133375497 30.000000000000004
1759.6260626916098 30.000000000000004
1758.4330652753702 30.000000000000004
1758.1348159213103 30.000000000000004
1756.3453197969534 30.000000000000004
1756.047070442894 30.000000000000004
1756.047070442894 30.000000000000004
1753.9593249644809 30.000000000000004
1753.064576902305 30.000000000000004
1750.9768314238968 30.000000000000004
1750.6785820698387 30.000000000000004
1750.0820833617229 30.000000000000004
1749.1873352995494 30.000000000000004
1748.292587237377 30.000000000000004
1747.696088529262 30.000000000000004
1747.3978391752048 30.000000000000004
1746.5030911130332 30.000000000000004
1745.6083430508622 30.000000000000004
1745.3100936968053 30.000000000000004
1745.0118443427486 30.000000000000004
1744.4153456346353 30.000000000000004
1743.2223482184095 30.000000000000004
1743.2223482184095 30.000000000000004
1742.924098864353 30.000000000000004
1742.0293508021846 30.000000000000004
1739.643355969738 30.000000000000004
1738.7486079075716 30.000000000000004
1737.8538598454056 30.000000000000004
1737.2573611372954 30.000000000000004
1735.7661143670211 30.000000000000004
1733.9766182426938 30.000000000000004
1733.3801195345854 30.000000000000004
1733.3801195345854 30.000000000000004
1732.783620826477 30.000000000000004
1732.783620826477 30.000000000000004
1732.187122118369 30.000000000000004
1730.6958753481 30.000000000000004
1729.8011272859392 30.000000000000004
1729.5028779318857 30.000000000000004
1728.0116311616193 30.000000000000004
1727.4151324535133 30.000000000000004
1726.222135037302 30.000000000000004
1725.327386975144 30.000000000000004
1724.4326389129867 30.000000000000004
1723.2396414967775 30.000000000000004
1722.9413921427256 30.000000000000004
1722.0466440805696 30.000000000000004
1721.4501453724658 30.000000000000004
1720.8536466643625 30.000000000000004
1720.8536466643625 30.000000000000004
1719.9588986022077 30.000000000000004
1719.362399894105 30.000000000000004
1718.4676518319511 30.000000000000004
1717.8711531238491 30.000000000000004
1717.274654415747 30.000000000000004
1716.3799063535944 30.000000000000004
1716.0816569995436 30.000000000000004
1715.4851582914425 30.000000000000004
1714.2921608752404 30.000000000000004
1713.0991634590396 30.000000000000004
1712.8009141049895 30.000000000000004
1711.9061660428395 30.000000000000004
1711.9061660428395 30.000000000000004
1711.3096673347397 30.000000000000004
1711.01141798069 30.000000000000004
1710.4149192725906 30.000000000000004
1708.7745478253187 30.000000000000004
1707.581550409122 30.000000000000004
1706.3885529929262 30.000000000000004
1704.8973062226826 30.000000000000004
1705.195555576731 30.000000000000004
1705.195555576731 30.000000000000004
1704.8973062226826 30.000000000000004
1703.8534334835128 30.000000000000004
1703.8534334835128 30.000000000000004
1703.8534334835128 30.000000000000004
1703.5551841294646 30.000000000000004
1703.8534334835128 30.000000000000004
1703.5551841294646 30.000000000000004
1702.0639373592235 30.000000000000004
1701.4674386511274 30.000000000000004
1700.8709399430318 30.000000000000004
1699.6779425268408 30.000000000000004
1699.0814438187456 30.000000000000004
1697.888446402556 30.000000000000004
1697.5901970485088 30.000000000000004
1696.9936983404145 30.000000000000004
1695.5024515701793 30.000000000000004
1693.712955445899 30.000000000000004
1693.4147060918526 30.000000000000004
1692.5199580297133 30.000000000000004
1691.9234593216206 30.000000000000004
1692.221708675667 30.000000000000004
1692.221708675667 30.000000000000004
1691.3269606135282 30.000000000000004
1691.0287112594822 30.000000000000004
1690.43221255139 30.000000000000004
1688.3444670730694 30.000000000000004
1687.4497190109328 30.000000000000004
1687.747968364978 30.000000000000004
1687.4497190109328 30.000000000000004
1685.958472240706 30.000000000000004
1685.0637241785705 30.000000000000004
1684.4672254704803 30.000000000000004
1684.4672254704803 30.000000000000004
1684.1689761164355 30.000000000000004
1684.7654748245254 30.000000000000004
1684.1689761164355 30.000000000000004
1684.4672254704803 30.000000000000004
1683.274228054301 30.000000000000004
1683.274228054301 30.000000000000004
1683.274228054301 30.000000000000004
1683.274228054301 30.000000000000004
1682.6777293462114 30.000000000000004
1682.3794799921668 30.000000000000004
1681.1864825759885 30.000000000000004
1680.8882332219443 30.000000000000004
1680.8882332219443 30.000000000000004
1680.8882332219443 30.000000000000004
1679.0987370976788 30.000000000000004
1679.396986451723 30.000000000000004
1679.396986451723 30.000000000000004
1679.396986451723 30.000000000000004
1678.5022383895907 30.000000000000004
1677.9057396815028 30.000000000000004
1677.9057396815028 30.000000000000004
1677.9057396815028 30.000000000000004
1677.607490327459 30.000000000000004
1677.607490327459 30.000000000000004
1676.414492911284 30.000000000000004
1675.519744849153 30.000000000000004
1675.8179942031966 30.000000000000004
1675.519744849153 30.000000000000004
1675.519744849153 30.000000000000004
1675.519744849153 30.000000000000004
1675.2214954951096 30.000000000000004
1675.2214954951096 30.000000000000004
1674.6249967870228 30.000000000000004
1674.028498078936 30.000000000000004
1673.4319993708496 30.000000000000004
1673.4319993708496 30.000000000000004
1673.4319993708496 30.000000000000004
1673.4319993708496 30.000000000000004
1672.5372513087202 30.000000000000004
1672.2390019546774 30.000000000000004
1670.747755184463 30.000000000000004
1670.002131799356 30.000000000000004
1668.8091343831857 30.000000000000004
1668.8091343831857 30.000000000000004
1668.8091343831857 30.000000000000004
1667.467012289995 30.000000000000004
1666.8705135819105 30.000000000000004
1665.2301421346792 30.000000000000004
1664.6336434265954 30.000000000000004
1664.0371447185119 30.000000000000004
1663.7388953644702 30.000000000000004
1662.6950226253246 30.000000000000004
1662.6950226253246 30.000000000000004
1661.6511498861792 30.000000000000004
1661.352900532138 30.000000000000004
1659.5634044078904 30.000000000000004
1658.6686563457674 30.000000000000004
1658.3704069917264 30.000000000000004
1658.0721576376855 30.000000000000004
1658.0721576376855 30.000000000000004
1657.7739082836447 30.000000000000004
1657.3265342525833 30.000000000000004
1656.730035544502 30.000000000000004
1656.730035544502 30.000000000000004
1656.4317861904613 30.000000000000004
1655.83528748238 30.000000000000004
1655.5370381283394 30.000000000000004
1656.1335368364207 30.000000000000004
1655.83528748238 30.000000000000004
1655.83528748238 30.000000000000004
1655.83528748238 30.000000000000004
1655.83528748238 30.000000000000004
1655.0896640972787 30.000000000000004
1655.3879134513193 30.000000000000004
1655.0896640972787 30.000000000000004
1654.7914147432384 30.000000000000004
1654.4931653891979 30.000000000000004
1653.8966666811173 30.000000000000004
1653.598417327077 30.000000000000004
1652.7036692649563 30.000000000000004
1652.4054199109162 30.000000000000004
1651.808921202836 30.000000000000004
1651.5106718487962 30.000000000000004
1651.5106718487962 30.000000000000004
1651.5106718487962 30.000000000000004
1651.212422494756 30.000000000000004
1650.3176744326365 30.000000000000004
1649.721175724557 30.000000000000004
1649.4229263705174 30.000000000000004
1648.8264276624382 30.000000000000004
1648.8264276624382 30.000000000000004
1648.8264276624382 30.000000000000004
1648.229928954359 30.000000000000004
1648.5281783083985 30.000000000000004
1648.5281783083985 30.000000000000004
1647.9316796003195 30.000000000000004
1647.6334302462799 30.000000000000004
1646.738682184162 30.000000000000004
1646.1421834760831 30.000000000000004
1645.843934122044 30.000000000000004
1645.5456847680048 30.000000000000004
1644.9491860599267 30.000000000000004
1644.9491860599267 30.000000000000004
1644.0544379978094 30.000000000000004
1644.0544379978094 30.000000000000004
1644.0544379978094 30.000000000000004
1643.4579392897315 30.000000000000004
1643.4579392897315 30.000000000000004
1643.4579392897315 30.000000000000004
1642.8614405816538 30.000000000000004
1642.8614405816538 30.000000000000004
1642.563191227615 30.000000000000004
1641.9666925195377 30.000000000000004
1641.3701938114602 30.000000000000004
1641.0719444574215 30.000000000000004
1641.0719444574215 30.000000000000004
1641.0719444574215 30.000000000000004
1641.0719444574215 30.000000000000004
1641.0719444574215 30.000000000000004
1641.0719444574215 30.000000000000004
1640.773695103383 30.000000000000004
1640.773695103383 30.000000000000004
1640.773695103383 30.000000000000004
1640.773695103383 30.000000000000004
1640.773695103383 30.000000000000004
1640.4754457493445 30.000000000000004
1640.177196395306 30.000000000000004
1639.8789470412676 30.000000000000004
1639.8789470412676 30.000000000000004
1639.8789470412676 30.000000000000004
1639.2824483331908 30.000000000000004
1638.9841989791526 30.000000000000004
1638.685949625114 30.000000000000004
1638.3877002710758 30.000000000000004
1638.0894509170378 30.000000000000004
1638.0894509170378 30.000000000000004
1637.7912015629995 30.000000000000004
1637.7912015629995 30.000000000000004
1637.7912015629995 30.000000000000004
1637.4929522089612 30.000000000000004
1637.4929522089612 30.000000000000004
1637.1947028549232 30.000000000000004
1636.8964535008852 30.000000000000004
1636.4490794698281 30.000000000000004
1635.5543314077142 30.000000000000004
1635.7034560847333 30.000000000000004
1635.4052067306952 30.000000000000004
1635.1069573766574 30.000000000000004
1634.5104586685818 30.000000000000004
1634.3613339915628 30.000000000000004
1633.7648352834876 30.000000000000004
1633.1683365754122 30.000000000000004
1632.8700872213747 30.000000000000004
1632.7209625443559 30.000000000000004
1632.7209625443559 30.000000000000004
1632.7209625443559 30.000000000000004
1632.4227131903183 30.000000000000004
1632.1244638362807 30.000000000000004
1632.1244638362807 30.000000000000004
1632.1244638362807 30.000000000000004
1631.8262144822434 30.000000000000004
1631.2297157741684 30.000000000000004
1631.2297157741684 30.000000000000004
1630.931466420131 30.000000000000004
1630.633217066094 30.000000000000004
1630.3349677120564 30.000000000000004
1630.0367183580192 30.000000000000004
1630.0367183580192 30.000000000000004
1629.7384690039821 30.000000000000004
1629.4402196499448 30.000000000000004
1629.4402196499448 30.000000000000004
1629.4402196499448 30.000000000000004
1629.4402196499448 30.000000000000004
1627.9489728797594 30.000000000000004
1627.6507235257225 30.000000000000004
1627.6507235257225 30.000000000000004
1626.7559754636118 30.000000000000004
1626.4577261095749 30.000000000000004
1625.8612274015013 30.000000000000004
1625.8612274015013 30.000000000000004
1625.5629780474646 30.000000000000004
1625.5629780474646 30.000000000000004
1625.5629780474646 30.000000000000004
1625.264728693428 30.000000000000004
1624.6682299853546 30.000000000000004
1624.0717312772815 30.000000000000004
1623.7734819232448 30.000000000000004
1623.4752325692084 30.000000000000004
1623.176983215172 30.000000000000004
1623.176983215172 30.000000000000004
1622.580484507099 30.000000000000004
1622.2822351530629 30.000000000000004
1621.6857364449902 30.000000000000004
1620.9401130598994 30.000000000000004
1621.2383624139356 30.000000000000004
1620.6418637058634 30.000000000000004
1620.3436143518272 30.000000000000004
1618.5541182276108 30.000000000000004
1618.5541182276108 30.000000000000004
1618.5541182276108 30.000000000000004
1618.255868873575 30.000000000000004
1617.2119961344495 30.000000000000004
1616.9137467804137 30.000000000000004
1616.615497426378 30.000000000000004
1616.615497426378 30.000000000000004
1615.720749364271 30.000000000000004
1615.4225000102354 30.000000000000004
1615.1242506561996 30.000000000000004
1614.826001302164 30.000000000000004
1614.5277519481285 30.000000000000004
1614.229502594093 30.000000000000004
1613.9312532400577 30.000000000000004
1613.9312532400577 30.000000000000004
1613.0365051779513 30.000000000000004
1612.7382558239158 30.000000000000004
1612.1417571158452 30.000000000000004
1611.5452584077748 30.000000000000004
1611.5452584077748 30.000000000000004
1611.5452584077748 30.000000000000004
1611.5452584077748 30.000000000000004
1611.5452584077748 30.000000000000004
1611.2470090537395 30.000000000000004
1610.650510345669 30.000000000000004
1610.650510345669 30.000000000000004
1610.054011637599 30.000000000000004
1610.054011637599 30.000000000000004
1609.7557622835639 30.000000000000004
1609.7557622835639 30.000000000000004
1609.4575129295288 30.000000000000004
1609.4575129295288 30.000000000000004
1609.1592635754937 30.000000000000004
1608.264515513389 30.000000000000004
1607.9662661593538 30.000000000000004
1607.9662661593538 30.000000000000004
1607.9662661593538 30.000000000000004
1608.5627648674238 30.000000000000004
1608.264515513389 30.000000000000004
1607.3697674512844 30.000000000000004
1607.3697674512844 30.000000000000004
1607.668016805319 30.000000000000004
1607.3697674512844 30.000000000000004
1607.3697674512844 30.000000000000004
1607.0715180972495 30.000000000000004
1605.8785206811106 30.000000000000004
1605.8785206811106 30.000000000000004
1605.282021973041 30.000000000000004
1605.282021973041 30.000000000000004
1604.9837726190065 30.000000000000004
1604.3872739109374 30.000000000000004
1603.7907752028684 30.000000000000004
1603.7907752028684 30.000000000000004
1604.0890245569028 30.000000000000004
1604.0890245569028 30.000000000000004
1603.7907752028684 30.000000000000004
1603.7907752028684 30.000000000000004
1603.1942764947994 30.000000000000004
1603.492525848834 30.000000000000004
1603.1942764947994 30.000000000000004
1602.5977777867306 30.000000000000004
1602.5977777867306 30.000000000000004
1602.5977777867306 30.000000000000004
1602.2995284326962 30.000000000000004
1602.001279078662 30.000000000000004
1601.4047803705935 30.000000000000004
1600.2117829544566 30.000000000000004
1599.9135336004224 30.000000000000004
1599.6152842463882 30.000000000000004
1599.3170348923543 30.000000000000004
1599.3170348923543 30.000000000000004
1598.7205361842862 30.000000000000004
1598.422286830252 30.000000000000004
1597.8257881221841 30.000000000000004
1597.5275387681502 30.000000000000004
1596.3345413520149 30.000000000000004
1596.036291997981 30.000000000000004
1595.7380426439472 30.000000000000004
1595.7380426439472 30.000000000000004
1595.7380426439472 30.000000000000004
1595.7380426439472 30.000000000000004
1595.1415439358798 30.000000000000004
1594.2467958737789 30.000000000000004
1594.097671196762 30.000000000000004
1593.5011724886947 30.000000000000004
1593.0537984576445 30.000000000000004
1593.0537984576445 30.000000000000004
1592.755549103611 30.000000000000004
1592.159050395544 30.000000000000004
1592.159050395544 30.000000000000004
1591.562551687477 30.000000000000004
1591.562551687477 30.000000000000004
1591.2643023334438 30.000000000000004
1591.2643023334438 30.000000000000004
1591.2643023334438 30.000000000000004
1590.9660529794103 30.000000000000004
1589.474806209244 30.000000000000004
1588.8783075011775 30.000000000000004
1588.5800581471442 30.000000000000004
1588.5800581471442 30.000000000000004
1587.9835594390781 30.000000000000004
1587.3870607310118 30.000000000000004
1587.3870607310118 30.000000000000004
1586.1940633148797 30.000000000000004
1585.895813960847 30.000000000000004
1585.5975646068139 30.000000000000004
1585.299315252781 30.000000000000004
1585.001065898748 30.000000000000004
1585.299315252781 30.000000000000004
1585.299315252781 30.000000000000004
1585.001065898748 30.000000000000004
1584.4045671906824 30.000000000000004
1584.4045671906824 30.000000000000004
1584.4045671906824 30.000000000000004
1584.1063178366496 30.000000000000004
1583.8080684826168 30.000000000000004
1583.8080684826168 30.000000000000004
1583.509819128584 30.000000000000004
1583.8080684826168 30.000000000000004
1583.2115697745512 30.000000000000004
1583.2115697745512 30.000000000000004
1582.9133204205184 30.000000000000004
1582.9133204205184 30.000000000000004
1581.7203230043879 30.000000000000004
1581.7203230043879 30.000000000000004
1581.7203230043879 30.000000000000004
1581.422073650355 30.000000000000004
1581.1238242963225 30.000000000000004
1580.229076234225 30.000000000000004
1579.6325775261598 30.000000000000004
1579.3343281721275 30.000000000000004
1579.3343281721275 30.000000000000004
1578.7378294640625 30.000000000000004
1578.43958011003 30.000000000000004
1578.43958011003 30.000000000000004
1578.1413307559978 30.000000000000004
1577.8430814019653 30.000000000000004
1577.544832047933 30.000000000000004
1577.2465826939008 30.000000000000004
1576.9483333398684 30.000000000000004
1576.9483333398684 30.000000000000004
1576.9483333398684 30.000000000000004
1576.9483333398684 30.000000000000004
1576.9483333398684 30.000000000000004
1576.650083985836 30.000000000000004
1576.3518346318037 30.000000000000004
1576.3518346318037 30.000000000000004
1576.3518346318037 30.000000000000004
1576.0535852777716 30.000000000000004
1576.0535852777716 30.000000000000004
1576.650083985836 30.000000000000004
1576.650083985836 30.000000000000004
1575.7553359237395 30.000000000000004
1575.7553359237395 30.000000000000004
1575.4570865697071 30.000000000000004
1575.158837215675 30.000000000000004
1574.5623385076108 30.000000000000004
1574.5623385076108 30.000000000000004
1573.9658397995465 30.000000000000004
1573.6675904455144 30.000000000000004
1573.6675904455144 30.000000000000004
1573.3693410914823 30.000000000000004
1573.3693410914823 30.000000000000004
1573.0710917374504 30.000000000000004
1572.4745930293864 30.000000000000004
1571.8780943213224 30.000000000000004
1570.9833462592267 30.000000000000004
1570.9833462592267 30.000000000000004
1570.6850969051948 30.000000000000004
1570.6850969051948 30.000000000000004
1570.6850969051948 30.000000000000004
1570.6850969051948 30.000000000000004
1570.3868475511629 30.000000000000004
1570.088598197131 30.000000000000004
1569.7903488430993 30.000000000000004
1569.4920994890674 30.000000000000004
1569.4920994890674 30.000000000000004
1568.2991020729403 30.000000000000004
1568.2991020729403 30.000000000000004
1568.2991020729403 30.000000000000004
1568.0008527189086 30.000000000000004
1568.0008527189086 30.000000000000004
1567.702603364877 30.000000000000004
1567.4043540108453 30.000000000000004
1566.5096059487503 30.000000000000004
1566.2113565947188 30.000000000000004
1566.2113565947188 30.000000000000004
1565.9131072406872 30.000000000000004
1565.316608532624 30.000000000000004
1565.0183591785926 30.000000000000004
1564.4218604705295 30.000000000000004
1563.5271124084352 30.000000000000004
1562.6323643463409 30.000000000000004
1561.7376162842468 30.000000000000004
1561.1411175761841 30.000000000000004
1560.5446188681215 30.000000000000004
1559.3516214519966 30.000000000000004
1559.3516214519966 30.000000000000004
1559.0533720979654 30.000000000000004
1558.4568733899032 30.000000000000004
1557.8603746818408 30.000000000000004
1557.8603746818408 30.000000000000004
1557.8603746818408 30.000000000000004
1557.2638759737786 30.000000000000004
1556.0708785576544 30.000000000000004
1555.7726292036234 30.000000000000004
1555.7726292036234 30.000000000000004
1555.1761304955614 30.000000000000004
1555.1761304955614 30.000000000000004
1554.5796317874995 30.000000000000004
1554.2813824334685 30.000000000000004
1553.6848837254067 30.000000000000004
1553.3866343713757 30.000000000000004
1553.3866343713757 30.000000000000004
1553.3866343713757 30.000000000000004
1552.1936369552523 30.000000000000004
1552.1936369552523 30.000000000000004
1552.1936369552523 30.000000000000004
1552.1936369552523 30.000000000000004
1552.4918863092832 30.000000000000004
1551.8953876012215 30.000000000000004
1551.5971382471907 30.000000000000004
1551.29888889316 30.000000000000004
1550.7023901850982 30.000000000000004
1550.105891477037 30.000000000000004
1550.105891477037 30.000000000000004
1548.6146447068834 30.000000000000004
1548.6146447068834 30.000000000000004
1548.6146447068834 30.000000000000004
1548.6146447068834 30.000000000000004
1548.6146447068834 30.000000000000004
1548.6146447068834 30.000000000000004
1548.018145998822 30.000000000000004
1548.018145998822 30.000000000000004
1547.7198966447913 30.000000000000004
1547.4216472907608 30.000000000000004
1546.8251485826995 30.000000000000004
1546.8251485826995 30.000000000000004
1546.526899228669 30.000000000000004
1546.526899228669 30.000000000000004
1545.6321511665774 30.000000000000004
1545.3339018125469 30.000000000000004
1544.7374031044858 30.000000000000004
1543.8426550423942 30.000000000000004
1543.8426550423942 30.000000000000004
1542.9479069803028 30.000000000000004
1542.9479069803028 30.000000000000004
1542.6496576262725 30.000000000000004
1541.7549095641812 30.000000000000004
1541.4566602101509 30.000000000000004
1540.8601615020902 30.000000000000004
1540.2636627940294 30.000000000000004
1539.965413439999 30.000000000000004
1539.965413439999 30.000000000000004
1538.772416023878 30.000000000000004
1538.772416023878 30.000000000000004
1538.4741666698476 30.000000000000004
1538.1759173158173 30.000000000000004
1537.8776679617872 30.000000000000004
1537.579418607757 30.000000000000004
1536.9829198996965 30.000000000000004
1536.9829198996965 30.000000000000004
1535.7899224835755 30.000000000000004
1535.1934237755154 30.000000000000004
1534.298675713425 30.000000000000004
1534.0004263593946 30.000000000000004
1533.4039276513345 30.000000000000004
1533.4039276513345 30.000000000000004
1533.1056782973044 30.000000000000004
1533.1056782973044 30.000000000000004
1533.1056782973044 30.000000000000004
1532.5091795892442 30.000000000000004
1532.2109302352142 30.000000000000004
1532.2109302352142 30.000000000000004
1531.912680881184 30.000000000000004
1531.614431527154 30.000000000000004
1531.0179328190939 30.000000000000004
1529.8249354029738 30.000000000000004
1529.526686048944 30.000000000000004
1528.333688632824 30.000000000000004
1528.035439278794 30.000000000000004
1527.7371899247642 30.000000000000004
1527.1406912167042 30.000000000000004
1525.9476938005844 30.000000000000004
1525.3511950925247 30.000000000000004
1525.3511950925247 30.000000000000004
1525.0529457384948 30.000000000000004
1524.456447030435 30.000000000000004
1524.158197676405 30.000000000000004
1524.158197676405 30.000000000000004
1523.2634496143155 30.000000000000004
1522.9652002602857 30.000000000000004
1522.9652002602857 30.000000000000004
1522.6669509062558 30.000000000000004
1522.070452198196 30.000000000000004
1521.1757041361068 30.000000000000004
1521.1757041361068 30.000000000000004
1520.877454782077 30.000000000000004
1520.2809560740172 30.000000000000004
1519.9827067199876 30.000000000000004
1519.9827067199876 30.000000000000004
1519.6844573659578 30.000000000000004
1519.386208011928 30.000000000000004
1519.386208011928 30.000000000000004
1518.4914599498386 30.000000000000004
1517.8949612417791 30.000000000000004
1517.8949612417791 30.000000000000004
1517.8949612417791 30.000000000000004
1517.2984625337197 30.000000000000004
1517.0002131796898 30.000000000000004
1517.0002131796898 30.000000000000004
1517.0002131796898 30.000000000000004
1516.7019638256602 30.000000000000004
1516.1054651176007 30.000000000000004
1515.5089664095412 30.000000000000004
1515.2107170555116 30.000000000000004
1514.9124677014818 30.000000000000004
1514.3159689934225 30.000000000000004
1514.0177196393927 30.000000000000004
1513.719470285363 30.000000000000004
1513.4212209313334 30.000000000000004
1513.1229715773038 30.000000000000004
1512.5264728692443 30.000000000000004
1512.2282235152147 30.000000000000004
1511.035226099096 30.000000000000004
1510.1404780370071 30.000000000000004
1509.8422286829773 30.000000000000004
1509.5439793289477 30.000000000000004
1509.245729974918 30.000000000000004
1508.9474806208884 30.000000000000004
1508.0527325587996 30.000000000000004
1507.4562338507403 30.000000000000004
1507.1579844967107 30.000000000000004
1506.5614857886515 30.000000000000004
1505.368488372533 30.000000000000004
1505.0702390185033 30.000000000000004
1504.7719896644737 30.000000000000004
1504.1754909564145 30.000000000000004
1503.5789922483552 30.000000000000004
1502.0877454782071 30.000000000000004
1501.7894961241777 30.000000000000004
1501.7894961241777 30.000000000000004
1501.491246770148 30.000000000000004
1501.491246770148 30.000000000000004
1500.0 30.000000000000004
1499.4035012919408 30.000000000000004
1498.508753229852 30.000000000000004
1497.6140051677633 30.000000000000004
1497.3157558137336 30.000000000000004
1497.017506459704 30.000000000000004
1495.8245090435855 30.000000000000004
1495.8245090435855 30.000000000000004
1495.2280103355263 30.000000000000004
1494.631511627467 30.000000000000004
1494.631511627467 30.000000000000004
1494.0350129194078 30.000000000000004
1493.4385142113485 30.000000000000004
1493.4385142113485 30.000000000000004
1493.140264857319 30.000000000000004
1492.5437661492597 30.000000000000004
1492.24551679523 30.000000000000004
1491.9472674412004 30.000000000000004
1491.6490180871708 30.000000000000004
1491.6490180871708 30.000000000000004
1491.6490180871708 30.000000000000004
1490.754270025082 30.000000000000004
1489.8595219629929 30.000000000000004
1489.8595219629929 30.000000000000004
1489.8595219629929 30.000000000000004
1489.8595219629929 30.000000000000004
1489.2630232549336 30.000000000000004
1488.6665245468744 30.000000000000004
1488.3682751928447 30.000000000000004
1488.3682751928447 30.000000000000004
1488.3682751928447 30.000000000000004
1488.070025838815 30.000000000000004
1487.4735271307557 30.000000000000004
1487.175277776726 30.000000000000004
1486.8770284226962 30.000000000000004
1486.280529714637 30.000000000000004
1485.6840310065775 30.000000000000004
1485.0875322985182 30.000000000000004
1484.4910335904588 30.000000000000004
1483.2980361743398 30.000000000000004
1481.5085400501614 30.000000000000004
1481.2102906961316 30.000000000000004
1480.912041342102 30.000000000000004
1480.3155426340422 30.000000000000004
1479.7190439259828 30.000000000000004
1479.420794571953 30.000000000000004
1479.420794571953 30.000000000000004
1479.122545217923 30.000000000000004
1478.8242958638932 30.000000000000004
1478.8242958638932 30.000000000000004
1478.5260465098634 30.000000000000004
1477.929547801804 30.000000000000004
1477.929547801804 30.000000000000004
1477.631298447774 30.000000000000004
1477.0347997397143 30.000000000000004
1477.0347997397143 30.000000000000004
1476.4383010316546 30.000000000000004
1476.1400516776248 30.000000000000004
1475.841802323595 30.000000000000004
1475.543552969565 30.000000000000004
1475.2453036155352 30.000000000000004
1474.9470542615052 30.000000000000004
1474.0523061994156 30.000000000000004
1474.0523061994156 30.000000000000004
1474.0523061994156 30.000000000000004
1473.7540568453855 30.000000000000004
1473.4558074913557 30.000000000000004
1473.4558074913557 30.000000000000004
1473.4558074913557 30.000000000000004
1472.8593087832958 30.000000000000004
1472.8593087832958 30.000000000000004
1472.561059429266 30.000000000000004
1472.2628100752358 30.000000000000004
1472.2628100752358 30.000000000000004
1471.368062013146 30.000000000000004
1471.368062013146 30.000000000000004
1471.368062013146 30.000000000000004
1470.473313951056 30.000000000000004
1470.473313951056 30.000000000000004
1470.473313951056 30.000000000000004
1470.1750645970262 30.000000000000004
1470.1750645970262 30.000000000000004
1469.8768152429961 30.000000000000004
1469.578565888966 30.000000000000004
1469.280316534936 30.000000000000004
1468.9820671809061 30.000000000000004
1468.683817826876 30.000000000000004
1468.683817826876 30.000000000000004
1468.683817826876 30.000000000000004
1468.683817826876 30.000000000000004
1468.683817826876 30.000000000000004
1468.385568472846 30.000000000000004
1467.7890697647858 30.000000000000004
1467.4908204107558 30.000000000000004
1467.1925710567257 30.000000000000004
1467.1925710567257 30.000000000000004
1466.8943217026956 30.000000000000004
1466.2978229946355 30.000000000000004
1465.9995736406054 30.000000000000004
1465.403074932545 30.000000000000004
1465.104825578515 30.000000000000004
1464.8065762244846 30.000000000000004
1464.8065762244846 30.000000000000004
1464.8065762244846 30.000000000000004
1464.5083268704545 30.000000000000004
1464.2100775164245 30.000000000000004
1464.2100775164245 30.000000000000004
1463.9118281623942 30.000000000000004
1463.613578808364 30.000000000000004
1463.613578808364 30.000000000000004
1463.613578808364 30.000000000000004
1463.613578808364 30.000000000000004
1463.613578808364 30.000000000000004
1463.613578808364 30.000000000000004
1463.0170801003035 30.000000000000004
1462.7188307462734 30.000000000000004
1462.7188307462734 30.000000000000004
1463.0170801003035 30.000000000000004
1462.7188307462734 30.000000000000004
1462.420581392243 30.000000000000004
1462.420581392243 30.000000000000004
1462.1223320382128 30.000000000000004
1461.8240826841827 30.000000000000004
1461.227583976122 30.000000000000004
1460.9293346220918 30.000000000000004
1460.9293346220918 30.000000000000004
1460.3328359140312 30.000000000000004
1460.3328359140312 30.000000000000004
1460.3328359140312 30.000000000000004
1460.3328359140312 30.000000000000004
1460.3328359140312 30.000000000000004
1459.7363372059706 30.000000000000004
1460.034586560001 30.000000000000004
1459.7363372059706 30.000000000000004
1459.7363372059706 30.000000000000004
1459.1398384979098 30.000000000000004
1459.1398384979098 30.000000000000004
1458.5433397898491 30.000000000000004
1458.5433397898491 30.000000000000004
1458.2450904358188 30.000000000000004
1457.9468410817883 30.000000000000004
1457.9468410817883 30.000000000000004
1457.9468410817883 30.000000000000004
1457.9468410817883 30.000000000000004
1457.9468410817883 30.000000000000004
1457.9468410817883 30.000000000000004
1457.9468410817883 30.000000000000004
1457.9468410817883 30.000000000000004
1457.9468410817883 30.000000000000004
1457.648591727758 30.000000000000004
1457.3503423737275 30.000000000000004
1457.3503423737275 30.000000000000004
1457.648591727758 30.000000000000004
1457.648591727758 30.000000000000004
1457.3503423737275 30.000000000000004
1457.3503423737275 30.000000000000004
1457.3503423737275 30.000000000000004
1457.3503423737275 30.000000000000004
1457.0520930196972 30.000000000000004
1457.0520930196972 30.000000000000004
1456.7538436656666 30.000000000000004
1456.7538436656666 30.000000000000004
1456.7538436656666 30.000000000000004
1456.7538436656666 30.000000000000004
1456.7538436656666 30.000000000000004
1456.7538436656666 30.000000000000004
1456.7538436656666 30.000000000000004
1456.7538436656666 30.000000000000004
1456.7538436656666 30.000000000000004
1456.7538436656666 30.000000000000004
1456.7538436656666 30.000000000000004
1456.7538436656666 30.000000000000004
1456.7538436656666 30.000000000000004
1456.7538436656666 30.000000000000004
1456.7538436656666 30.000000000000004
