BlockEA
1477.631298447774 30.000000000000004
1481.806789404191 30.000000000000004
1536.9829198996965 30.000000000000004
1522.6669509062558 30.000000000000004
1548.3163953528526 30.000000000000004
1548.3163953528526 30.000000000000004
1571.2815956132586 30.000000000000004
1576.650083985836 30.000000000000004
1594.2467958737789 30.000000000000004
1598.422286830252 30.000000000000004
1609.7557622835639 30.000000000000004
1615.1242506561996 30.000000000000004
1621.0892377369175 30.000000000000004
1619.001492258665 30.000000000000004
1621.9839857990264 30.000000000000004
1621.9839857990264 30.000000000000004
1622.8787338611355 30.000000000000004
1620.7909883828813 30.000000000000004
1627.0542248176487 30.000000000000004
1627.0542248176487 30.000000000000004
1626.7559754636118 30.000000000000004
1624.9664793393913 30.000000000000004
1624.6682299853546 30.000000000000004
1621.6857364449902 30.000000000000004
1624.6682299853546 30.000000000000004
1625.5629780474646 30.000000000000004
1628.8437209418705 30.000000000000004
1630.0367183580192 30.000000000000004
1632.4227131903183 30.000000000000004
1632.1244638362807 30.000000000000004
1634.5104586685818 30.000000000000004
1631.8262144822434 30.000000000000004
1636.299954792809 30.000000000000004
1630.931466420131 30.000000000000004
1633.6157106064686 30.000000000000004
1633.317461252431 30.000000000000004
1634.8087080226196 30.000000000000004
1635.4052067306952 30.000000000000004
1637.1947028549232 30.000000000000004
1638.0894509170378 30.000000000000004
1638.3877002710758 30.000000000000004
1637.4929522089612 30.000000000000004
1638.9841989791526 30.000000000000004
1638.0894509170378 30.000000000000004
1636.8964535008852 30.000000000000004
1638.0894509170378 30.000000000000004
1640.177196395306 30.000000000000004
1640.4754457493445 30.000000000000004
1640.773695103383 30.000000000000004
1638.685949625114 30.000000000000004
1636.598204146847 30.000000000000004
1635.4052067306952 30.000000000000004
1635.4052067306952 30.000000000000004
1635.7034560847333 30.000000000000004
1632.1244638362807 30.000000000000004
1632.1244638362807 30.000000000000004
1633.0192118983935 30.000000000000004
1631.8262144822434 30.000000000000004
1631.5279651282058 30.000000000000004
1627.3524741716856 30.000000000000004
1627.6507235257225 30.000000000000004
1626.7559754636118 30.000000000000004
1626.7559754636118 30.000000000000004
1625.264728693428 30.000000000000004
1624.6682299853546 30.000000000000004
1624.369980631318 30.000000000000004
1624.369980631318 30.000000000000004
1621.9839857990264 30.000000000000004
1623.7734819232448 30.000000000000004
1623.7734819232448 30.000000000000004
1624.369980631318 30.000000000000004
1622.580484507099 30.000000000000004
1625.264728693428 30.000000000000004
1625.5629780474646 30.000000000000004
1625.264728693428 30.000000000000004
1624.6682299853546 30.000000000000004
1624.6682299853546 30.000000000000004
1624.6682299853546 30.000000000000004
1625.5629780474646 30.000000000000004
1625.5629780474646 30.000000000000004
1626.4577261095749 30.000000000000004
1624.9664793393913 30.000000000000004
1625.264728693428 30.000000000000004
1624.6682299853546 30.000000000000004
1623.4752325692084 30.000000000000004
1623.176983215172 30.000000000000004
1621.9839857990264 30.000000000000004
1621.6857364449902 30.000000000000004
1621.3874870909538 30.000000000000004
1619.597990966737 30.000000000000004
1619.299741612701 30.000000000000004
1617.8084948425212 30.000000000000004
1616.0189987183066 30.000000000000004
1615.4225000102354 30.000000000000004
1614.826001302164 30.000000000000004
1613.6330038860222 30.000000000000004
1613.6330038860222 30.000000000000004
1611.5452584077748 30.000000000000004
1611.2470090537395 30.000000000000004
1609.7557622835639 30.000000000000004
1610.650510345669 30.000000000000004
1609.7557622835639 30.000000000000004
1608.264515513389 30.000000000000004
1608.5627648674238 30.000000000000004
1607.3697674512844 30.000000000000004
1605.5802713270757 30.000000000000004
1605.282021973041 30.000000000000004
1605.5802713270757 30.000000000000004
1604.3872739109374 30.000000000000004
1604.0890245569028 30.000000000000004
1602.001279078662 30.000000000000004
1600.5100323084907 30.000000000000004
1599.3170348923543 30.000000000000004
1598.124037476218 30.000000000000004
1599.3170348923543 30.000000000000004
1598.7205361842862 30.000000000000004
1599.6152842463882 30.000000000000004
1599.6152842463882 30.000000000000004
1598.422286830252 30.000000000000004
1598.422286830252 30.000000000000004
1597.2292894141165 30.000000000000004
1595.7380426439472 30.000000000000004
1595.4397932899135 30.000000000000004
1594.2467958737789 30.000000000000004
1593.6502971657114 30.000000000000004
1593.0537984576445 30.000000000000004
1592.4572997495775 30.000000000000004
1591.8608010415105 30.000000000000004
1589.7730555632772 30.000000000000004
1587.9835594390781 30.000000000000004
1587.6853100850449 30.000000000000004
1586.7905620229458 30.000000000000004
1586.7905620229458 30.000000000000004
1586.7905620229458 30.000000000000004
1587.0888113769788 30.000000000000004
1584.7028165447152 30.000000000000004
1585.895813960847 30.000000000000004
1585.299315252781 30.000000000000004
1585.299315252781 30.000000000000004
1585.001065898748 30.000000000000004
1584.4045671906824 30.000000000000004
1584.4045671906824 30.000000000000004
1583.509819128584 30.000000000000004
1582.0185723584204 30.000000000000004
1582.9133204205184 30.000000000000004
1580.5273255882573 30.000000000000004
1580.5273255882573 30.000000000000004
1579.3343281721275 30.000000000000004
1577.8430814019653 30.000000000000004
1576.650083985836 30.000000000000004
1576.3518346318037 30.000000000000004
1575.158837215675 30.000000000000004
1574.860587861643 30.000000000000004
1574.860587861643 30.000000000000004
1576.650083985836 30.000000000000004
1576.650083985836 30.000000000000004
1577.544832047933 30.000000000000004
1576.3518346318037 30.000000000000004
1575.7553359237395 30.000000000000004
1574.5623385076108 30.000000000000004
1573.3693410914823 30.000000000000004
1572.1763436753542 30.000000000000004
1573.0710917374504 30.000000000000004
1570.9833462592267 30.000000000000004
1571.5798449672905 30.000000000000004
1571.2815956132586 30.000000000000004
1571.8780943213224 30.000000000000004
1571.8780943213224 30.000000000000004
1571.8780943213224 30.000000000000004
1570.9833462592267 30.000000000000004
1571.2815956132586 30.000000000000004
1571.8780943213224 30.000000000000004
1571.5798449672905 30.000000000000004
1571.8780943213224 30.000000000000004
1571.5798449672905 30.000000000000004
1571.2815956132586 30.000000000000004
1570.6850969051948 30.000000000000004
1570.088598197131 30.000000000000004
1569.1938501350355 30.000000000000004
1568.5973514269722 30.000000000000004
1569.1938501350355 30.000000000000004
1569.4920994890674 30.000000000000004
1570.088598197131 30.000000000000004
1569.7903488430993 30.000000000000004
1569.4920994890674 30.000000000000004
1570.3868475511629 30.000000000000004
1573.3693410914823 30.000000000000004
1573.0710917374504 30.000000000000004
1573.9658397995465 30.000000000000004
1575.4570865697071 30.000000000000004
1576.0535852777716 30.000000000000004
1575.7553359237395 30.000000000000004
1574.860587861643 30.000000000000004
1574.2640891535787 30.000000000000004
1574.860587861643 30.000000000000004
1574.860587861643 30.000000000000004
1575.4570865697071 30.000000000000004
1574.5623385076108 30.000000000000004
1575.158837215675 30.000000000000004
1575.158837215675 30.000000000000004
1574.5623385076108 30.000000000000004
1575.158837215675 30.000000000000004
1575.4570865697071 30.000000000000004
1577.2465826939008 30.000000000000004
1576.9483333398684 30.000000000000004
1576.9483333398684 30.000000000000004
1576.9483333398684 30.000000000000004
1576.3518346318037 30.000000000000004
1574.860587861643 30.000000000000004
1573.9658397995465 30.000000000000004
1573.0710917374504 30.000000000000004
1571.8780943213224 30.000000000000004
1571.2815956132586 30.000000000000004
1571.8780943213224 30.000000000000004
1571.5798449672905 30.000000000000004
1570.9833462592267 30.000000000000004
1570.088598197131 30.000000000000004
1570.3868475511629 30.000000000000004
1570.3868475511629 30.000000000000004
1570.3868475511629 30.000000000000004
1569.4920994890674 30.000000000000004
1569.7903488430993 30.000000000000004
1568.8956007810038 30.000000000000004
1568.5973514269722 30.000000000000004
1568.2991020729403 30.000000000000004
1568.0008527189086 30.000000000000004
1568.2991020729403 30.000000000000004
1568.0008527189086 30.000000000000004
1567.702603364877 30.000000000000004
1566.807855302782 30.000000000000004
1565.9131072406872 30.000000000000004
1565.9131072406872 30.000000000000004
1567.1061046568136 30.000000000000004
1566.807855302782 30.000000000000004
1565.9131072406872 30.000000000000004
1565.9131072406872 30.000000000000004
1565.6148578866555 30.000000000000004
1565.0183591785926 30.000000000000004
1565.316608532624 30.000000000000004
1565.316608532624 30.000000000000004
1565.9131072406872 30.000000000000004
1565.6148578866555 30.000000000000004
1565.6148578866555 30.000000000000004
1565.6148578866555 30.000000000000004
1565.0183591785926 30.000000000000004
1564.4218604705295 30.000000000000004
1564.720109824561 30.000000000000004
1564.4218604705295 30.000000000000004
1565.316608532624 30.000000000000004
1565.6148578866555 30.000000000000004
1565.9131072406872 30.000000000000004
1565.0183591785926 30.000000000000004
1565.316608532624 30.000000000000004
1564.720109824561 30.000000000000004
1563.8253617624666 30.000000000000004
1563.2288630544037 30.000000000000004
1562.4832396693253 30.000000000000004
1561.8867409612624 30.000000000000004
1563.079738377388 30.000000000000004
1563.9744864394822 30.000000000000004
1563.9744864394822 30.000000000000004
1563.6762370854508 30.000000000000004
1563.3779877314194 30.000000000000004
1563.079738377388 30.000000000000004
1563.6762370854508 30.000000000000004
1563.6762370854508 30.000000000000004
1563.079738377388 30.000000000000004
1563.079738377388 30.000000000000004
1561.5884916072312 30.000000000000004
1560.9919928991685 30.000000000000004
1560.6937435451373 30.000000000000004
1560.9919928991685 30.000000000000004
1561.5884916072312 30.000000000000004
1560.9919928991685 30.000000000000004
1561.2902422531997 30.000000000000004
1561.2902422531997 30.000000000000004
1560.9919928991685 30.000000000000004
1560.6937435451373 30.000000000000004
1560.0972448370746 30.000000000000004
1559.7989954830434 30.000000000000004
1560.0972448370746 30.000000000000004
1559.7989954830434 30.000000000000004
1560.3954941911059 30.000000000000004
1560.0972448370746 30.000000000000004
1559.7989954830434 30.000000000000004
1559.202496774981 30.000000000000004
1558.9042474209498 30.000000000000004
1559.6498708060278 30.000000000000004
1560.842868222153 30.000000000000004
1561.4393669302156 30.000000000000004
1561.2902422531997 30.000000000000004
1560.6937435451373 30.000000000000004
1560.0972448370746 30.000000000000004
1560.9919928991685 30.000000000000004
1560.9919928991685 30.000000000000004
1560.2463695140902 30.000000000000004
1560.2463695140902 30.000000000000004
1561.1411175761841 30.000000000000004
1560.5446188681215 30.000000000000004
1560.842868222153 30.000000000000004
1560.3954941911059 30.000000000000004
1560.6937435451373 30.000000000000004
1559.7989954830434 30.000000000000004
1560.3954941911059 30.000000000000004
1560.0972448370746 30.000000000000004
1560.0972448370746 30.000000000000004
1559.7989954830434 30.000000000000004
1559.5007461290122 30.000000000000004
1559.5007461290122 30.000000000000004
1558.7551227439342 30.000000000000004
1559.6498708060278 30.000000000000004
1559.3516214519966 30.000000000000004
1561.4393669302156 30.000000000000004
1561.7376162842468 30.000000000000004
1561.4393669302156 30.000000000000004
1561.4393669302156 30.000000000000004
1561.7376162842468 30.000000000000004
1561.1411175761841 30.000000000000004
1561.1411175761841 30.000000000000004
1561.7376162842468 30.000000000000004
1562.3341149923094 30.000000000000004
1562.9306137003723 30.000000000000004
1563.8253617624666 30.000000000000004
1563.5271124084352 30.000000000000004
1563.8253617624666 30.000000000000004
1564.4218604705295 30.000000000000004
1565.0183591785926 30.000000000000004
1565.0183591785926 30.000000000000004
1565.0183591785926 30.000000000000004
1564.4218604705295 30.000000000000004
1564.4218604705295 30.000000000000004
1564.4218604705295 30.000000000000004
1564.720109824561 30.000000000000004
1565.0183591785926 30.000000000000004
1564.4218604705295 30.000000000000004
1564.4218604705295 30.000000000000004
1564.4218604705295 30.000000000000004
1565.316608532624 30.000000000000004
1567.1061046568136 30.000000000000004
1568.0008527189086 30.000000000000004
1568.0008527189086 30.000000000000004
1567.4043540108453 30.000000000000004
1567.4043540108453 30.000000000000004
1568.0008527189086 30.000000000000004
1567.4043540108453 30.000000000000004
1567.1061046568136 30.000000000000004
1567.4043540108453 30.000000000000004
1567.702603364877 30.000000000000004
1567.4043540108453 30.000000000000004
1567.4043540108453 30.000000000000004
1567.1061046568136 30.000000000000004
1567.1061046568136 30.000000000000004
1566.807855302782 30.000000000000004
1566.2113565947188 30.000000000000004
1565.6148578866555 30.000000000000004
1565.9131072406872 30.000000000000004
1566.5096059487503 30.000000000000004
1566.5096059487503 30.000000000000004
1566.2113565947188 30.000000000000004
1567.702603364877 30.000000000000004
1567.702603364877 30.000000000000004
1568.2991020729403 30.000000000000004
1568.2991020729403 30.000000000000004
1568.5973514269722 30.000000000000004
1568.746476103988 30.000000000000004
1568.4482267499561 30.000000000000004
1568.4482267499561 30.000000000000004
1568.746476103988 30.000000000000004
1568.4482267499561 30.000000000000004
1568.1499773959245 30.000000000000004
1569.3429748120516 30.000000000000004
1569.9394735201151 30.000000000000004
1569.9394735201151 30.000000000000004
1571.4307202902744 30.000000000000004
1570.8342215822106 30.000000000000004
1570.237722874147 30.000000000000004
1570.237722874147 30.000000000000004
1570.237722874147 30.000000000000004
1570.237722874147 30.000000000000004
1569.9394735201151 30.000000000000004
1570.237722874147 30.000000000000004
1571.4307202902744 30.000000000000004
1572.3254683523703 30.000000000000004
1573.2202164144664 30.000000000000004
1573.5184657684983 30.000000000000004
1573.2202164144664 30.000000000000004
1573.2202164144664 30.000000000000004
1573.5184657684983 30.000000000000004
1573.5184657684983 30.000000000000004
1573.2202164144664 30.000000000000004
1573.8167151225305 30.000000000000004
1574.7114631846268 30.000000000000004
1575.009712538659 30.000000000000004
1574.7114631846268 30.000000000000004
1574.1149644765626 30.000000000000004
1573.8167151225305 30.000000000000004
1573.8167151225305 30.000000000000004
1573.9658397995465 30.000000000000004
1574.2640891535787 30.000000000000004
1573.9658397995465 30.000000000000004
1573.6675904455144 30.000000000000004
1573.2202164144664 30.000000000000004
1573.2202164144664 30.000000000000004
1572.6237177064022 30.000000000000004
1572.6237177064022 30.000000000000004
1572.3254683523703 30.000000000000004
1572.0272189983384 30.000000000000004
1572.0272189983384 30.000000000000004
1571.5798449672905 30.000000000000004
1571.5798449672905 30.000000000000004
1571.4307202902744 30.000000000000004
1571.2815956132586 30.000000000000004
1571.8780943213224 30.000000000000004
1571.8780943213224 30.000000000000004
1571.8780943213224 30.000000000000004
1571.7289696443063 30.000000000000004
1572.0272189983384 30.000000000000004
1573.2202164144664 30.000000000000004
1573.2202164144664 30.000000000000004
1573.8167151225305 30.000000000000004
1573.2202164144664 30.000000000000004
1572.9219670604343 30.000000000000004
1572.3254683523703 30.000000000000004
1573.5184657684983 30.000000000000004
1573.8167151225305 30.000000000000004
1574.1149644765626 30.000000000000004
1574.4132138305947 30.000000000000004
1574.4132138305947 30.000000000000004
1574.1149644765626 30.000000000000004
1574.4132138305947 30.000000000000004
1574.4132138305947 30.000000000000004
1574.4132138305947 30.000000000000004
1574.1149644765626 30.000000000000004
1575.6062112467232 30.000000000000004
1575.307961892691 30.000000000000004
1575.6062112467232 30.000000000000004
1575.307961892691 30.000000000000004
1575.307961892691 30.000000000000004
1575.307961892691 30.000000000000004
1575.307961892691 30.000000000000004
1575.6062112467232 30.000000000000004
1575.6062112467232 30.000000000000004
1575.6062112467232 30.000000000000004
1575.307961892691 30.000000000000004
1574.4132138305947 30.000000000000004
1574.4132138305947 30.000000000000004
1574.7114631846268 30.000000000000004
1574.7114631846268 30.000000000000004
1574.5623385076108 30.000000000000004
1575.158837215675 30.000000000000004
1575.158837215675 30.000000000000004
1575.158837215675 30.000000000000004
1575.158837215675 30.000000000000004
1574.860587861643 30.000000000000004
1574.860587861643 30.000000000000004
1574.5623385076108 30.000000000000004
1575.158837215675 30.000000000000004
1575.4570865697071 30.000000000000004
1575.4570865697071 30.000000000000004
1575.4570865697071 30.000000000000004
1575.4570865697071 30.000000000000004
1575.158837215675 30.000000000000004
1575.158837215675 30.000000000000004
1575.4570865697071 30.000000000000004
1575.4570865697071 30.000000000000004
1575.7553359237395 30.000000000000004
1575.158837215675 30.000000000000004
1575.4570865697071 30.000000000000004
1575.158837215675 30.000000000000004
1575.4570865697071 30.000000000000004
1575.158837215675 30.000000000000004
1575.7553359237395 30.000000000000004
1575.4570865697071 30.000000000000004
1575.7553359237395 30.000000000000004
1575.7553359237395 30.000000000000004
1575.4570865697071 30.000000000000004
1575.4570865697071 30.000000000000004
1575.4570865697071 30.000000000000004
1575.4570865697071 30.000000000000004
1575.7553359237395 30.000000000000004
1575.7553359237395 30.000000000000004
1575.158837215675 30.000000000000004
1575.158837215675 30.000000000000004
1575.158837215675 30.000000000000004
1575.158837215675 30.000000000000004
1574.5623385076108 30.000000000000004
1574.2640891535787 30.000000000000004
1574.2640891535787 30.000000000000004
1574.2640891535787 30.000000000000004
1574.1149644765626 30.000000000000004
1573.8167151225305 30.000000000000004
1574.1149644765626 30.000000000000004
1573.8167151225305 30.000000000000004
1573.5184657684983 30.000000000000004
1573.5184657684983 30.000000000000004
1573.8167151225305 30.000000000000004
1574.1149644765626 30.000000000000004
1574.4132138305947 30.000000000000004
1574.4132138305947 30.000000000000004
1574.4132138305947 30.000000000000004
1574.1149644765626 30.000000000000004
1574.7114631846268 30.000000000000004
1574.4132138305947 30.000000000000004
1575.307961892691 30.000000000000004
1575.307961892691 30.000000000000004
1575.307961892691 30.000000000000004
1575.6062112467232 30.000000000000004
1575.6062112467232 30.000000000000004
1575.9044606007556 30.000000000000004
1575.6062112467232 30.000000000000004
1575.307961892691 30.000000000000004
1575.307961892691 30.000000000000004
1575.307961892691 30.000000000000004
1574.7114631846268 30.000000000000004
1575.009712538659 30.000000000000004
1575.009712538659 30.000000000000004
1575.307961892691 30.000000000000004
1575.6062112467232 30.000000000000004
1575.6062112467232 30.000000000000004
1575.6062112467232 30.000000000000004
1575.6062112467232 30.000000000000004
1575.6062112467232 30.000000000000004
1575.307961892691 30.000000000000004
1575.6062112467232 30.000000000000004
1575.6062112467232 30.000000000000004
1575.6062112467232 30.000000000000004
1576.50095930882 30.000000000000004
1576.50095930882 30.000000000000004
1576.7992086628522 30.000000000000004
1576.7992086628522 30.000000000000004
1576.7992086628522 30.000000000000004
1576.50095930882 30.000000000000004
1576.50095930882 30.000000000000004
1575.9044606007556 30.000000000000004
1575.6062112467232 30.000000000000004
1575.6062112467232 30.000000000000004
1575.6062112467232 30.000000000000004
1575.307961892691 30.000000000000004
1574.7114631846268 30.000000000000004
1574.7114631846268 30.000000000000004
1574.1149644765626 30.000000000000004
1573.5184657684983 30.000000000000004
1573.5184657684983 30.000000000000004
1573.8167151225305 30.000000000000004
1573.8167151225305 30.000000000000004
1573.8167151225305 30.000000000000004
1573.2202164144664 30.000000000000004
1573.2202164144664 30.000000000000004
1573.5184657684983 30.000000000000004
1573.5184657684983 30.000000000000004
1572.9219670604343 30.000000000000004
1573.2202164144664 30.000000000000004
1572.6237177064022 30.000000000000004
1572.9219670604343 30.000000000000004
1573.5184657684983 30.000000000000004
1573.2202164144664 30.000000000000004
1572.9219670604343 30.000000000000004
1572.9219670604343 30.000000000000004
1573.2202164144664 30.000000000000004
1572.9219670604343 30.000000000000004
1572.6237177064022 30.000000000000004
1572.6237177064022 30.000000000000004
1573.8167151225305 30.000000000000004
1573.5184657684983 30.000000000000004
1573.2202164144664 30.000000000000004
1573.2202164144664 30.000000000000004
1572.9219670604343 30.000000000000004
1572.9219670604343 30.000000000000004
1572.6237177064022 30.000000000000004
1572.3254683523703 30.000000000000004
1572.3254683523703 30.000000000000004
1572.0272189983384 30.000000000000004
1571.7289696443063 30.000000000000004
1571.7289696443063 30.000000000000004
1571.7289696443063 30.000000000000004
1571.7289696443063 30.000000000000004
1572.0272189983384 30.000000000000004
1572.3254683523703 30.000000000000004
1572.3254683523703 30.000000000000004
1572.3254683523703 30.000000000000004
1572.0272189983384 30.000000000000004
1572.0272189983384 30.000000000000004
1572.3254683523703 30.000000000000004
1572.0272189983384 30.000000000000004
1572.0272189983384 30.000000000000004
1571.7289696443063 30.000000000000004
1571.7289696443063 30.000000000000004
1571.7289696443063 30.000000000000004
1572.6237177064022 30.000000000000004
1572.3254683523703 30.000000000000004
1572.3254683523703 30.000000000000004
1572.4745930293864 30.000000000000004
1572.4745930293864 30.000000000000004
1572.6237177064022 30.000000000000004
1572.0272189983384 30.000000000000004
1572.3254683523703 30.000000000000004
1572.3254683523703 30.000000000000004
1571.7289696443063 30.000000000000004
1572.0272189983384 30.000000000000004
1571.7289696443063 30.000000000000004
1571.4307202902744 30.000000000000004
1571.4307202902744 30.000000000000004
1571.2815956132586 30.000000000000004
1570.9833462592267 30.000000000000004
1570.6850969051948 30.000000000000004
1570.5359722281787 30.000000000000004
1570.5359722281787 30.000000000000004
1570.237722874147 30.000000000000004
1570.5359722281787 30.000000000000004
1570.5359722281787 30.000000000000004
1570.5359722281787 30.000000000000004
1570.5359722281787 30.000000000000004
1570.5359722281787 30.000000000000004
1570.5359722281787 30.000000000000004
1570.237722874147 30.000000000000004
1570.237722874147 30.000000000000004
1570.5359722281787 30.000000000000004
1570.237722874147 30.000000000000004
1569.9394735201151 30.000000000000004
1569.9394735201151 30.000000000000004
1569.6412241660832 30.000000000000004
1570.5359722281787 30.000000000000004
1570.5359722281787 30.000000000000004
1570.237722874147 30.000000000000004
1570.237722874147 30.000000000000004
1569.9394735201151 30.000000000000004
1570.237722874147 30.000000000000004
1569.9394735201151 30.000000000000004
1569.9394735201151 30.000000000000004
1569.9394735201151 30.000000000000004
1569.6412241660832 30.000000000000004
1569.3429748120516 30.000000000000004
1569.1938501350355 30.000000000000004
1569.1938501350355 30.000000000000004
1568.8956007810038 30.000000000000004
1568.8956007810038 30.000000000000004
1568.8956007810038 30.000000000000004
1568.8956007810038 30.000000000000004
1568.5973514269722 30.000000000000004
1568.5973514269722 30.000000000000004
1568.5973514269722 30.000000000000004
1568.5973514269722 30.000000000000004
1568.5973514269722 30.000000000000004
1568.2991020729403 30.000000000000004
1568.2991020729403 30.000000000000004
1568.0008527189086 30.000000000000004
1568.0008527189086 30.000000000000004
1567.8517280418928 30.000000000000004
1567.2552293338294 30.000000000000004
1567.8517280418928 30.000000000000004
1567.5534786878611 30.000000000000004
1567.8517280418928 30.000000000000004
1567.8517280418928 30.000000000000004
1567.5534786878611 30.000000000000004
1567.5534786878611 30.000000000000004
1567.5534786878611 30.000000000000004
1567.5534786878611 30.000000000000004
1568.4482267499561 30.000000000000004
1568.1499773959245 30.000000000000004
1568.4482267499561 30.000000000000004
1568.4482267499561 30.000000000000004
1568.4482267499561 30.000000000000004
1568.4482267499561 30.000000000000004
1568.4482267499561 30.000000000000004
1568.1499773959245 30.000000000000004
1568.1499773959245 30.000000000000004
1569.0447254580197 30.000000000000004
1568.4482267499561 30.000000000000004
1568.1499773959245 30.000000000000004
1567.8517280418928 30.000000000000004
1568.4482267499561 30.000000000000004
1568.4482267499561 30.000000000000004
1569.3429748120516 30.000000000000004
1569.3429748120516 30.000000000000004
1569.3429748120516 30.000000000000004
1569.0447254580197 30.000000000000004
1569.6412241660832 30.000000000000004
1569.3429748120516 30.000000000000004
1569.0447254580197 30.000000000000004
1569.0447254580197 30.000000000000004
1569.0447254580197 30.000000000000004
1568.4482267499561 30.000000000000004
1567.8517280418928 30.000000000000004
1567.2552293338294 30.000000000000004
1566.9569799797978 30.000000000000004
1566.9569799797978 30.000000000000004
1566.658730625766 30.000000000000004
1566.3604812717344 30.000000000000004
1566.062231917703 30.000000000000004
1566.062231917703 30.000000000000004
1565.7639825636713 30.000000000000004
1565.7639825636713 30.000000000000004
1565.7639825636713 30.000000000000004
1565.7639825636713 30.000000000000004
1565.46573320964 30.000000000000004
1565.46573320964 30.000000000000004
1565.46573320964 30.000000000000004
1565.7639825636713 30.000000000000004
1565.7639825636713 30.000000000000004
1565.46573320964 30.000000000000004
1565.316608532624 30.000000000000004
1565.316608532624 30.000000000000004
1565.0183591785926 30.000000000000004
1565.0183591785926 30.000000000000004
1565.0183591785926 30.000000000000004
1564.720109824561 30.000000000000004
1564.720109824561 30.000000000000004
1565.0183591785926 30.000000000000004
1565.0183591785926 30.000000000000004
1565.0183591785926 30.000000000000004
1564.720109824561 30.000000000000004
1564.5709851475453 30.000000000000004
1564.2727357935137 30.000000000000004
1564.2727357935137 30.000000000000004
1563.9744864394822 30.000000000000004
1563.9744864394822 30.000000000000004
1563.6762370854508 30.000000000000004
1563.9744864394822 30.000000000000004
1563.9744864394822 30.000000000000004
1563.6762370854508 30.000000000000004
1563.6762370854508 30.000000000000004
1563.3779877314194 30.000000000000004
1563.079738377388 30.000000000000004
1562.7814890233565 30.000000000000004
1561.5884916072312 30.000000000000004
1561.5884916072312 30.000000000000004
1561.5884916072312 30.000000000000004
1561.5884916072312 30.000000000000004
1561.4393669302156 30.000000000000004
1561.4393669302156 30.000000000000004
1561.4393669302156 30.000000000000004
1561.4393669302156 30.000000000000004
1561.4393669302156 30.000000000000004
1561.4393669302156 30.000000000000004
1561.4393669302156 30.000000000000004
1561.4393669302156 30.000000000000004
1561.4393669302156 30.000000000000004
1561.4393669302156 30.000000000000004
1560.6937435451373 30.000000000000004
1560.3954941911059 30.000000000000004
1560.3954941911059 30.000000000000004
1560.3954941911059 30.000000000000004
1560.3954941911059 30.000000000000004
1560.3954941911059 30.000000000000004
1560.3954941911059 30.000000000000004
1560.3954941911059 30.000000000000004
1560.3954941911059 30.000000000000004
1560.0972448370746 30.000000000000004
1560.0972448370746 30.000000000000004
1560.0972448370746 30.000000000000004
1560.0972448370746 30.000000000000004
1560.0972448370746 30.000000000000004
1560.0972448370746 30.000000000000004
1560.0972448370746 30.000000000000004
1559.7989954830434 30.000000000000004
1559.5007461290122 30.000000000000004
1559.5007461290122 30.000000000000004
1559.5007461290122 30.000000000000004
1559.5007461290122 30.000000000000004
1559.202496774981 30.000000000000004
1559.202496774981 30.000000000000004
1559.202496774981 30.000000000000004
1559.202496774981 30.000000000000004
1559.202496774981 30.000000000000004
1558.9042474209498 30.000000000000004
1558.9042474209498 30.000000000000004
1558.6059980669186 30.000000000000004
1558.0094993588564 30.000000000000004
1558.0094993588564 30.000000000000004
1558.0094993588564 30.000000000000004
1558.0094993588564 30.000000000000004
1558.0094993588564 30.000000000000004
1558.0094993588564 30.000000000000004
1558.0094993588564 30.000000000000004
1557.7112500048252 30.000000000000004
1557.7112500048252 30.000000000000004
1557.7112500048252 30.000000000000004
1557.7112500048252 30.000000000000004
1557.7112500048252 30.000000000000004
1556.9656266197476 30.000000000000004
1556.9656266197476 30.000000000000004
1556.9656266197476 30.000000000000004
1556.9656266197476 30.000000000000004
1556.9656266197476 30.000000000000004
1556.9656266197476 30.000000000000004
1556.9656266197476 30.000000000000004
1556.9656266197476 30.000000000000004
1556.9656266197476 30.000000000000004
1556.6673772657164 30.000000000000004
1556.6673772657164 30.000000000000004
1556.6673772657164 30.000000000000004
1556.6673772657164 30.000000000000004
1556.3691279116854 30.000000000000004
1556.0708785576544 30.000000000000004
1555.7726292036234 30.000000000000004
1555.7726292036234 30.000000000000004
1555.7726292036234 30.000000000000004
1555.7726292036234 30.000000000000004
1555.4743798495924 30.000000000000004
1555.4743798495924 30.000000000000004
1555.4743798495924 30.000000000000004
1555.4743798495924 30.000000000000004
1555.4743798495924 30.000000000000004
1555.1761304955614 30.000000000000004
1555.1761304955614 30.000000000000004
1555.1761304955614 30.000000000000004
1555.1761304955614 30.000000000000004
1555.1761304955614 30.000000000000004
1555.1761304955614 30.000000000000004
1555.1761304955614 30.000000000000004
1555.1761304955614 30.000000000000004
1555.1761304955614 30.000000000000004
1555.1761304955614 30.000000000000004
1555.1761304955614 30.000000000000004
1555.1761304955614 30.000000000000004
1555.1761304955614 30.000000000000004
1555.1761304955614 30.000000000000004
1555.1761304955614 30.000000000000004
1555.1761304955614 30.000000000000004
1555.1761304955614 30.000000000000004
1555.1761304955614 30.000000000000004
1555.1761304955614 30.000000000000004
1554.8778811415305 30.000000000000004
1554.8778811415305 30.000000000000004
1554.8778811415305 30.000000000000004
1554.8778811415305 30.000000000000004
1554.8778811415305 30.000000000000004
1554.2813824334685 30.000000000000004
1553.9831330794375 30.000000000000004
1553.3866343713757 30.000000000000004
1553.088385017345 30.000000000000004
1553.088385017345 30.000000000000004
1553.088385017345 30.000000000000004
1553.088385017345 30.000000000000004
1552.790135663314 30.000000000000004
1552.790135663314 30.000000000000004
1552.790135663314 30.000000000000004
1552.790135663314 30.000000000000004
1552.4918863092832 30.000000000000004
1552.1936369552523 30.000000000000004
1552.1936369552523 30.000000000000004
1552.1936369552523 30.000000000000004
1551.8953876012215 30.000000000000004
1551.8953876012215 30.000000000000004
1551.8953876012215 30.000000000000004
1551.5971382471907 30.000000000000004
1552.1936369552523 30.000000000000004
1552.1936369552523 30.000000000000004
1551.29888889316 30.000000000000004
1551.29888889316 30.000000000000004
1551.29888889316 30.000000000000004
1550.7023901850982 30.000000000000004
1550.4041408310675 30.000000000000004
1549.8076421230062 30.000000000000004
1549.8076421230062 30.000000000000004
1549.5093927689754 30.000000000000004
1548.912894060914 30.000000000000004
1548.6146447068834 30.000000000000004
1548.018145998822 30.000000000000004
1548.018145998822 30.000000000000004
1548.018145998822 30.000000000000004
1547.7198966447913 30.000000000000004
1547.4216472907608 30.000000000000004
1547.4216472907608 30.000000000000004
1546.526899228669 30.000000000000004
1545.930400520608 30.000000000000004
1545.6321511665774 30.000000000000004
1545.3339018125469 30.000000000000004
1544.7374031044858 30.000000000000004
1544.4391537504553 30.000000000000004
1544.1409043964247 30.000000000000004
1543.8426550423942 30.000000000000004
1543.544405688364 30.000000000000004
1543.544405688364 30.000000000000004
1543.544405688364 30.000000000000004
1543.2461563343334 30.000000000000004
1543.2461563343334 30.000000000000004
1543.544405688364 30.000000000000004
1543.2461563343334 30.000000000000004
1543.2461563343334 30.000000000000004
1543.2461563343334 30.000000000000004
1543.2461563343334 30.000000000000004
1543.2461563343334 30.000000000000004
1543.2461563343334 30.000000000000004
1542.9479069803028 30.000000000000004
1542.6496576262725 30.000000000000004
1541.7549095641812 30.000000000000004
1540.5619121480597 30.000000000000004
1540.2636627940294 30.000000000000004
1539.965413439999 30.000000000000004
1539.3689147319385 30.000000000000004
1539.3689147319385 30.000000000000004
1538.921540700893 30.000000000000004
1538.3250419928324 30.000000000000004
1538.0267926388024 30.000000000000004
1538.0267926388024 30.000000000000004
1538.0267926388024 30.000000000000004
1537.728543284772 30.000000000000004
1537.1320445767115 30.000000000000004
1536.535545868651 30.000000000000004
1536.535545868651 30.000000000000004
1536.535545868651 30.000000000000004
1535.9390471605907 30.000000000000004
1535.3425484525303 30.000000000000004
1535.0442990985002 30.000000000000004
1535.0442990985002 30.000000000000004
1534.7460497444702 30.000000000000004
1534.4478003904399 30.000000000000004
1533.8513016823797 30.000000000000004
1533.5530523283496 30.000000000000004
1533.2548029743195 30.000000000000004
1532.360054912229 30.000000000000004
1532.360054912229 30.000000000000004
1532.360054912229 30.000000000000004
1532.360054912229 30.000000000000004
1532.0618055581992 30.000000000000004
1532.0618055581992 30.000000000000004
1532.360054912229 30.000000000000004
1531.7635562041692 30.000000000000004
1531.7635562041692 30.000000000000004
1530.868808142079 30.000000000000004
1530.5705587880489 30.000000000000004
1530.2723094340188 30.000000000000004
1529.6758107259589 30.000000000000004
1529.3775613719288 30.000000000000004
1529.974060079989 30.000000000000004
1529.3775613719288 30.000000000000004
1529.3775613719288 30.000000000000004
1529.3775613719288 30.000000000000004
1529.079312017899 30.000000000000004
1529.079312017899 30.000000000000004
1529.3775613719288 30.000000000000004
1529.079312017899 30.000000000000004
1529.079312017899 30.000000000000004
1529.079312017899 30.000000000000004
1529.079312017899 30.000000000000004
1528.7810626638689 30.000000000000004
1528.184563955809 30.000000000000004
1527.886314601779 30.000000000000004
1527.2898158937192 30.000000000000004
1526.991566539689 30.000000000000004
1526.991566539689 30.000000000000004
1526.6933171856592 30.000000000000004
1526.3950678316294 30.000000000000004
1526.6933171856592 30.000000000000004
1526.3950678316294 30.000000000000004
1526.0968184775993 30.000000000000004
1525.7985691235695 30.000000000000004
1525.7985691235695 30.000000000000004
1525.7985691235695 30.000000000000004
1525.5003197695396 30.000000000000004
1524.90382106148 30.000000000000004
1525.2020704155098 30.000000000000004
1524.6055717074498 30.000000000000004
1524.30732235342 30.000000000000004
1524.0090729993901 30.000000000000004
1523.7108236453603 30.000000000000004
1523.1143249373006 30.000000000000004
1523.4125742913304 30.000000000000004
1522.8160755832707 30.000000000000004
1522.219576875211 30.000000000000004
1521.9213275211812 30.000000000000004
1521.6230781671513 30.000000000000004
1521.4739534901366 30.000000000000004
1521.7722028441663 30.000000000000004
1521.7722028441663 30.000000000000004
1521.4739534901366 30.000000000000004
1521.6230781671513 30.000000000000004
1521.0265794590919 30.000000000000004
1521.0265794590919 30.000000000000004
1521.0265794590919 30.000000000000004
1520.4300807510322 30.000000000000004
1520.4300807510322 30.000000000000004
1520.4300807510322 30.000000000000004
1520.4300807510322 30.000000000000004
1520.1318313970023 30.000000000000004
1520.1318313970023 30.000000000000004
1519.8335820429727 30.000000000000004
1519.5353326889428 30.000000000000004
1519.5353326889428 30.000000000000004
1519.5353326889428 30.000000000000004
1519.5353326889428 30.000000000000004
1519.5353326889428 30.000000000000004
1519.237083334913 30.000000000000004
1519.237083334913 30.000000000000004
1519.237083334913 30.000000000000004
1519.237083334913 30.000000000000004
1519.237083334913 30.000000000000004
1519.237083334913 30.000000000000004
1519.237083334913 30.000000000000004
1519.237083334913 30.000000000000004
1519.237083334913 30.000000000000004
1519.237083334913 30.000000000000004
1519.237083334913 30.000000000000004
1519.237083334913 30.000000000000004
1519.237083334913 30.000000000000004
1519.237083334913 30.000000000000004
1519.237083334913 30.000000000000004
1519.237083334913 30.000000000000004
1519.237083334913 30.000000000000004
