GWO
1860.8817183995675 30.000000000000004
1884.145168018773 30.000000000000004
1866.2502067731762 30.000000000000004
1841.4955103840173 30.000000000000004
1815.5478165791937 30.000000000000004
1791.6878682534893 30.000000000000004
1766.0384238039178 30.000000000000004
1753.2137015793342 30.000000000000004
1740.687228708933 30.000000000000004
1717.7220284468235 30.000000000000004
1706.3885529929262 30.000000000000004
1697.1428230174379 30.000000000000004
1685.212848855593 30.000000000000004
1676.265368234262 30.000000000000004
1668.5108850291433 30.000000000000004
1655.9844121594003 30.000000000000004
1643.7561886437707 30.000000000000004
1633.9139599605064 30.000000000000004
1625.5629780474646 30.000000000000004
1619.299741612701 30.000000000000004
1612.4400064698805 30.000000000000004
1604.3872739109374 30.000000000000004
1596.9310400600825 30.000000000000004
1584.7028165447152 30.000000000000004
1576.650083985836 30.000000000000004
1572.7728423834183 30.000000000000004
1561.4393669302156 30.000000000000004
1554.8778811415305 30.000000000000004
1545.930400520608 30.000000000000004
1537.579418607757 30.000000000000004
1527.7371899247642 30.000000000000004
1520.877454782077 30.000000000000004
1511.3334754531256 30.000000000000004
1499.7017506459704 30.000000000000004
1495.2280103355263 30.000000000000004
1485.6840310065775 30.000000000000004
1478.2277971558337 30.000000000000004
1473.7540568453855 30.000000000000004
1465.701324286575 30.000000000000004
1460.3328359140312 30.000000000000004
1452.8766020632697 30.000000000000004
1442.1396253181592 30.000000000000004
1436.4728875915648 30.000000000000004
1431.9991472810914 30.000000000000004
1427.5254069706136 30.000000000000004
1419.4726744117427 30.000000000000004
1417.9814276415796 30.000000000000004
1409.0339470205897 30.000000000000004
1401.577713169748 30.000000000000004
1396.8057235052006 30.000000000000004
1390.5424870704712 30.000000000000004
1384.279250635729 30.000000000000004
1377.1212661388645 30.000000000000004
1374.4370219525354 30.000000000000004
1367.5772868096817 30.000000000000004
1364.2965439152667 30.000000000000004
1359.822803604694 30.000000000000004
1353.8578165239169 30.000000000000004
1348.191078797164 30.000000000000004
1346.401582672923 30.000000000000004
1342.524341070396 30.000000000000004
1337.7523514057377 30.000000000000004
1336.2611046355298 30.000000000000004
1334.1733591572367 30.000000000000004
1331.4891149708567 30.000000000000004
1329.997868200644 30.000000000000004
1326.4188759521287 30.000000000000004
1323.1381330576505 30.000000000000004
1318.9626421010335 30.000000000000004
1317.7696446848554 30.000000000000004
1313.2959043741807 30.000000000000004
1312.102906957999 30.000000000000004
1309.418662771587 30.000000000000004
1306.7344185851707 30.000000000000004
1304.0501743987502 30.000000000000004
1301.067680858278 30.000000000000004
1299.2781847339922 30.000000000000004
1297.4886886097042 30.000000000000004
1296.2956911935114 30.000000000000004
1294.804444423269 30.000000000000004
1294.2079457151715 30.000000000000004
1293.6114470070738 30.000000000000004
1292.7166989449272 30.000000000000004
1291.82195088278 30.000000000000004
1290.330704112533 30.000000000000004
1289.4359560503844 30.000000000000004
1287.6464599260855 30.000000000000004
1286.155213155835 30.000000000000004
1284.6639663855829 30.000000000000004
1284.0674676774815 30.000000000000004
1283.1727196153295 30.000000000000004
1281.084974136972 30.000000000000004
1279.593727366715 30.000000000000004
1278.69897930456 30.000000000000004
1277.5059818883526 30.000000000000004
1275.4182364099872 30.000000000000004
1274.8217377018823 30.000000000000004
1273.9269896397245 30.000000000000004
1273.6287402856717 30.000000000000004
1273.330490931619 30.000000000000004
1271.8392441613541 30.000000000000004
1270.646246745141 30.000000000000004
1269.453249328927 30.000000000000004
1268.8567506208196 30.000000000000004
1267.663753204604 30.000000000000004
1266.1725064343332 30.000000000000004
1265.874257080279 30.000000000000004
1264.3830103100063 30.000000000000004
1263.488262247842 30.000000000000004
1263.488262247842 30.000000000000004
1262.593514185677 30.000000000000004
1261.9970154775667 30.000000000000004
1260.50576870729 30.000000000000004
1259.312771291067 30.000000000000004
1257.225025812675 30.000000000000004
1256.330277750506 30.000000000000004
1255.1372803342797 30.000000000000004
1255.1372803342797 30.000000000000004
1255.1372803342797 30.000000000000004
1254.839030980223 30.000000000000004
1253.6460335639954 30.000000000000004
1253.0495348558811 30.000000000000004
1251.856537439652 30.000000000000004
1250.9617893774794 30.000000000000004
1250.6635400234215 30.000000000000004
1249.768791961248 30.000000000000004
1249.4705426071903 30.000000000000004
1249.1722932531322 30.000000000000004
1249.1722932531322 30.000000000000004
1248.8740438990742 30.000000000000004
1248.2775451909577 30.000000000000004
1247.9792958368996 30.000000000000004
1247.681046482841 30.000000000000004
1247.3827971287828 30.000000000000004
1247.0845477747243 30.000000000000004
1246.1897997125484 30.000000000000004
1246.1897997125484 30.000000000000004
1245.593301004431 30.000000000000004
1244.4003035881947 30.000000000000004
1244.4003035881947 30.000000000000004
1243.8038048800763 30.000000000000004
1243.2073061719577 30.000000000000004
1242.6108074638387 30.000000000000004
1242.6108074638387 30.000000000000004
1242.0143087557194 30.000000000000004
1241.4178100476001 30.000000000000004
1240.22481263136 30.000000000000004
1240.22481263136 30.000000000000004
1239.3300645691795 30.000000000000004
1238.4353165069983 30.000000000000004
1238.4353165069983 30.000000000000004
1237.8388177988768 30.000000000000004
1237.2423190907555 30.000000000000004
1236.9440697366947 30.000000000000004
1236.3475710285727 30.000000000000004
1236.0493216745117 30.000000000000004
1236.0493216745117 30.000000000000004
1235.7510723204505 30.000000000000004
1235.4528229663892 30.000000000000004
1235.4528229663892 30.000000000000004
1235.154573612328 30.000000000000004
1234.5580749042051 30.000000000000004
1233.6633268420205 30.000000000000004
1233.3650774879588 30.000000000000004
1233.3650774879588 30.000000000000004
1233.0668281338972 30.000000000000004
1232.4703294257733 30.000000000000004
1232.1720800717114 30.000000000000004
1232.1720800717114 30.000000000000004
1231.575581363587 30.000000000000004
1231.575581363587 30.000000000000004
1231.575581363587 30.000000000000004
1231.2773320095248 30.000000000000004
1231.2773320095248 30.000000000000004
1231.2773320095248 30.000000000000004
1231.2773320095248 30.000000000000004
1230.6808333014003 30.000000000000004
1230.6808333014003 30.000000000000004
1230.6808333014003 30.000000000000004
1230.6808333014003 30.000000000000004
1230.0843345932753 30.000000000000004
1230.0843345932753 30.000000000000004
1229.7860852392128 30.000000000000004
1229.7860852392128 30.000000000000004
1229.1895865310873 30.000000000000004
1229.1895865310873 30.000000000000004
1228.5930878229617 30.000000000000004
1228.5930878229617 30.000000000000004
1226.803591698583 30.000000000000004
1226.5053423445195 30.000000000000004
1226.2070929904562 30.000000000000004
1226.2070929904562 30.000000000000004
1226.2070929904562 30.000000000000004
1226.2070929904562 30.000000000000004
1226.2070929904562 30.000000000000004
1226.2070929904562 30.000000000000004
1226.2070929904562 30.000000000000004
1226.2070929904562 30.000000000000004
1225.610594282329 30.000000000000004
1225.3123449282652 30.000000000000004
1225.0140955742015 30.000000000000004
1224.1193475120099 30.000000000000004
1223.5228488038815 30.000000000000004
1223.2245994498176 30.000000000000004
1223.2245994498176 30.000000000000004
1223.2245994498176 30.000000000000004
1222.9263500957532 30.000000000000004
1222.6281007416887 30.000000000000004
1222.6281007416887 30.000000000000004
1222.6281007416887 30.000000000000004
1222.6281007416887 30.000000000000004
1222.6281007416887 30.000000000000004
1222.6281007416887 30.000000000000004
1222.6281007416887 30.000000000000004
1222.6281007416887 30.000000000000004
1222.6281007416887 30.000000000000004
1222.6281007416887 30.000000000000004
1222.3298513876243 30.000000000000004
1222.03160203356 30.000000000000004
1222.03160203356 30.000000000000004
1221.7333526794953 30.000000000000004
1221.7333526794953 30.000000000000004
1220.8386046173011 30.000000000000004
1220.8386046173011 30.000000000000004
1220.2421059091714 30.000000000000004
1219.9438565551063 30.000000000000004
1219.6456072010412 30.000000000000004
1219.6456072010412 30.000000000000004
1219.6456072010412 30.000000000000004
1219.3473578469761 30.000000000000004
1218.4526097847802 30.000000000000004
1217.856111076649 30.000000000000004
1217.856111076649 30.000000000000004
1217.856111076649 30.000000000000004
1217.856111076649 30.000000000000004
1217.856111076649 30.000000000000004
1217.2596123685178 30.000000000000004
1217.2596123685178 30.000000000000004
1217.2596123685178 30.000000000000004
1216.3648643063202 30.000000000000004
1216.3648643063202 30.000000000000004
1216.3648643063202 30.000000000000004
1216.3648643063202 30.000000000000004
1216.0666149522542 30.000000000000004
1216.0666149522542 30.000000000000004
1215.768365598188 30.000000000000004
1215.768365598188 30.000000000000004
1215.768365598188 30.000000000000004
1215.768365598188 30.000000000000004
1215.768365598188 30.000000000000004
1215.470116244122 30.000000000000004
1215.470116244122 30.000000000000004
1215.470116244122 30.000000000000004
1215.1718668900558 30.000000000000004
1214.5753681819228 30.000000000000004
1214.5753681819228 30.000000000000004
1213.97886947379 30.000000000000004
1213.97886947379 30.000000000000004
1213.97886947379 30.000000000000004
1213.3823707656566 30.000000000000004
1213.3823707656566 30.000000000000004
1213.0841214115896 30.000000000000004
1212.785872057523 30.000000000000004
1212.487622703456 30.000000000000004
1211.8911239953218 30.000000000000004
1211.8911239953218 30.000000000000004
1211.8911239953218 30.000000000000004
1211.5928746412546 30.000000000000004
1211.2946252871875 30.000000000000004
1211.2946252871875 30.000000000000004
1211.2946252871875 30.000000000000004
1210.9963759331201 30.000000000000004
1210.3998772249852 30.000000000000004
1210.3998772249852 30.000000000000004
1210.3998772249852 30.000000000000004
1210.1016278709176 30.000000000000004
1210.1016278709176 30.000000000000004
1210.1016278709176 30.000000000000004
1210.1016278709176 30.000000000000004
1209.80337851685 30.000000000000004
1209.80337851685 30.000000000000004
1209.5051291627824 30.000000000000004
1209.5051291627824 30.000000000000004
1209.5051291627824 30.000000000000004
1209.5051291627824 30.000000000000004
1209.5051291627824 30.000000000000004
1209.5051291627824 30.000000000000004
1209.2068798087143 30.000000000000004
1209.2068798087143 30.000000000000004
1209.2068798087143 30.000000000000004
1209.2068798087143 30.000000000000004
1208.9086304546465 30.000000000000004
1208.9086304546465 30.000000000000004
1208.9086304546465 30.000000000000004
1208.9086304546465 30.000000000000004
1208.6103811005787 30.000000000000004
1208.3121317465107 30.000000000000004
1208.3121317465107 30.000000000000004
1208.3121317465107 30.000000000000004
1208.3121317465107 30.000000000000004
1208.0138823924426 30.000000000000004
1208.0138823924426 30.000000000000004
1207.417383684306 30.000000000000004
1207.417383684306 30.000000000000004
1207.1191343302378 30.000000000000004
1207.1191343302378 30.000000000000004
1207.1191343302378 30.000000000000004
1207.1191343302378 30.000000000000004
1207.1191343302378 30.000000000000004
1206.8208849761693 30.000000000000004
1206.8208849761693 30.000000000000004
1206.8208849761693 30.000000000000004
1206.5226356221008 30.000000000000004
1206.5226356221008 30.000000000000004
1206.2243862680323 30.000000000000004
1206.2243862680323 30.000000000000004
1206.2243862680323 30.000000000000004
1206.2243862680323 30.000000000000004
1206.2243862680323 30.000000000000004
1205.6278875598948 30.000000000000004
1205.6278875598948 30.000000000000004
1205.6278875598948 30.000000000000004
1205.6278875598948 30.000000000000004
1205.6278875598948 30.000000000000004
1205.6278875598948 30.000000000000004
1205.6278875598948 30.000000000000004
1205.0313888517571 30.000000000000004
1205.0313888517571 30.000000000000004
1205.0313888517571 30.000000000000004
1205.0313888517571 30.000000000000004
1204.7331394976882 30.000000000000004
1204.7331394976882 30.000000000000004
1204.7331394976882 30.000000000000004
1204.434890143619 30.000000000000004
1204.13664078955 30.000000000000004
1204.13664078955 30.000000000000004
1203.8383914354806 30.000000000000004
1203.8383914354806 30.000000000000004
1203.8383914354806 30.000000000000004
1203.5401420814114 30.000000000000004
1203.5401420814114 30.000000000000004
1203.5401420814114 30.000000000000004
1203.5401420814114 30.000000000000004
1203.5401420814114 30.000000000000004
1203.5401420814114 30.000000000000004
1202.9436433732726 30.000000000000004
1202.9436433732726 30.000000000000004
1202.9436433732726 30.000000000000004
1202.9436433732726 30.000000000000004
1202.9436433732726 30.000000000000004
1202.9436433732726 30.000000000000004
1202.645394019203 30.000000000000004
1202.3471446651333 30.000000000000004
1202.3471446651333 30.000000000000004
1202.3471446651333 30.000000000000004
1202.3471446651333 30.000000000000004
1201.7506459569938 30.000000000000004
1201.7506459569938 30.000000000000004
1201.7506459569938 30.000000000000004
1201.4523966029242 30.000000000000004
1201.154147248854 30.000000000000004
1201.154147248854 30.000000000000004
1201.154147248854 30.000000000000004
1200.855897894784 30.000000000000004
1200.557648540714 30.000000000000004
1200.557648540714 30.000000000000004
1200.2593991866438 30.000000000000004
1200.2593991866438 30.000000000000004
1200.2593991866438 30.000000000000004
1200.2593991866438 30.000000000000004
1200.2593991866438 30.000000000000004
1200.2593991866438 30.000000000000004
1200.2593991866438 30.000000000000004
1199.9611498325735 30.000000000000004
1199.9611498325735 30.000000000000004
1199.9611498325735 30.000000000000004
1199.9611498325735 30.000000000000004
1199.9611498325735 30.000000000000004
1199.9611498325735 30.000000000000004
1199.9611498325735 30.000000000000004
1199.9611498325735 30.000000000000004
1199.9611498325735 30.000000000000004
1199.9611498325735 30.000000000000004
1199.9611498325735 30.000000000000004
1199.9611498325735 30.000000000000004
1199.9611498325735 30.000000000000004
1199.9611498325735 30.000000000000004
1199.6629004785032 30.000000000000004
1199.3646511244328 30.000000000000004
1199.066401770362 30.000000000000004
1199.066401770362 30.000000000000004
1199.066401770362 30.000000000000004
1199.066401770362 30.000000000000004
1199.066401770362 30.000000000000004
1199.066401770362 30.000000000000004
1199.066401770362 30.000000000000004
1198.7681524162915 30.000000000000004
1198.7681524162915 30.000000000000004
1198.7681524162915 30.000000000000004
1198.7681524162915 30.000000000000004
1198.7681524162915 30.000000000000004
1198.469903062221 30.000000000000004
1198.469903062221 30.000000000000004
1198.1716537081502 30.000000000000004
1197.8734043540794 30.000000000000004
1197.8734043540794 30.000000000000004
1197.5751550000084 30.000000000000004
1197.5751550000084 30.000000000000004
1197.5751550000084 30.000000000000004
1197.5751550000084 30.000000000000004
1197.5751550000084 30.000000000000004
1197.5751550000084 30.000000000000004
1197.5751550000084 30.000000000000004
1197.5751550000084 30.000000000000004
1197.5751550000084 30.000000000000004
1197.2769056459374 30.000000000000004
1197.2769056459374 30.000000000000004
1196.9786562918664 30.000000000000004
1196.9786562918664 30.000000000000004
1196.9786562918664 30.000000000000004
1196.9786562918664 30.000000000000004
1196.6804069377952 30.000000000000004
1196.6804069377952 30.000000000000004
1196.6804069377952 30.000000000000004
1196.6804069377952 30.000000000000004
1196.6804069377952 30.000000000000004
1196.6804069377952 30.000000000000004
1196.6804069377952 30.000000000000004
1196.6804069377952 30.000000000000004
1196.6804069377952 30.000000000000004
1196.6804069377952 30.000000000000004
1196.6804069377952 30.000000000000004
1196.382157583724 30.000000000000004
1196.382157583724 30.000000000000004
1196.382157583724 30.000000000000004
1196.382157583724 30.000000000000004
1196.382157583724 30.000000000000004
1196.0839082296527 30.000000000000004
1196.0839082296527 30.000000000000004
1196.0839082296527 30.000000000000004
1196.0839082296527 30.000000000000004
1196.0839082296527 30.000000000000004
1196.0839082296527 30.000000000000004
1195.7856588755812 30.000000000000004
1195.7856588755812 30.000000000000004
1195.7856588755812 30.000000000000004
1195.7856588755812 30.000000000000004
1195.7856588755812 30.000000000000004
1195.7856588755812 30.000000000000004
1195.7856588755812 30.000000000000004
1195.7856588755812 30.000000000000004
1195.7856588755812 30.000000000000004
1195.7856588755812 30.000000000000004
1195.7856588755812 30.000000000000004
1195.7856588755812 30.000000000000004
1195.7856588755812 30.000000000000004
1195.4874095215098 30.000000000000004
1195.4874095215098 30.000000000000004
1195.4874095215098 30.000000000000004
1195.4874095215098 30.000000000000004
1195.189160167438 30.000000000000004
1194.8909108133664 30.000000000000004
1194.8909108133664 30.000000000000004
1194.8909108133664 30.000000000000004
1194.8909108133664 30.000000000000004
1194.8909108133664 30.000000000000004
1194.8909108133664 30.000000000000004
1194.8909108133664 30.000000000000004
1194.8909108133664 30.000000000000004
1194.8909108133664 30.000000000000004
1194.8909108133664 30.000000000000004
1194.8909108133664 30.000000000000004
1194.592661459295 30.000000000000004
1194.592661459295 30.000000000000004
1194.592661459295 30.000000000000004
1194.294412105223 30.000000000000004
1194.294412105223 30.000000000000004
1194.294412105223 30.000000000000004
1194.294412105223 30.000000000000004
1194.294412105223 30.000000000000004
1194.294412105223 30.000000000000004
1194.294412105223 30.000000000000004
1194.294412105223 30.000000000000004
1193.9961627511511 30.000000000000004
1193.9961627511511 30.000000000000004
1193.9961627511511 30.000000000000004
1193.9961627511511 30.000000000000004
1193.9961627511511 30.000000000000004
1193.6979133970792 30.000000000000004
1193.6979133970792 30.000000000000004
1193.6979133970792 30.000000000000004
1193.6979133970792 30.000000000000004
1193.6979133970792 30.000000000000004
1193.6979133970792 30.000000000000004
1193.6979133970792 30.000000000000004
1193.6979133970792 30.000000000000004
1193.6979133970792 30.000000000000004
1193.6979133970792 30.000000000000004
1193.6979133970792 30.000000000000004
1193.6979133970792 30.000000000000004
1193.6979133970792 30.000000000000004
1193.6979133970792 30.000000000000004
1193.6979133970792 30.000000000000004
1193.6979133970792 30.000000000000004
1193.6979133970792 30.000000000000004
1193.6979133970792 30.000000000000004
1193.6979133970792 30.000000000000004
1193.399664043007 30.000000000000004
1192.8031653348628 30.000000000000004
1192.8031653348628 30.000000000000004
1192.8031653348628 30.000000000000004
1192.8031653348628 30.000000000000004
1192.8031653348628 30.000000000000004
1192.2066666267178 30.000000000000004
1192.2066666267178 30.000000000000004
1192.2066666267178 30.000000000000004
1191.9084172726455 30.000000000000004
1191.6101679185729 30.000000000000004
1191.6101679185729 30.000000000000004
1191.6101679185729 30.000000000000004
1191.6101679185729 30.000000000000004
1191.6101679185729 30.000000000000004
1191.6101679185729 30.000000000000004
1191.0136692104275 30.000000000000004
1191.0136692104275 30.000000000000004
1190.7154198563546 30.000000000000004
1190.7154198563546 30.000000000000004
1190.7154198563546 30.000000000000004
1190.4171705022818 30.000000000000004
1190.118921148209 30.000000000000004
1190.118921148209 30.000000000000004
1189.8206717941357 30.000000000000004
1189.8206717941357 30.000000000000004
1189.5224224400627 30.000000000000004
1189.5224224400627 30.000000000000004
1188.925923731916 30.000000000000004
1188.925923731916 30.000000000000004
1188.6276743778426 30.000000000000004
1188.6276743778426 30.000000000000004
1188.6276743778426 30.000000000000004
1188.6276743778426 30.000000000000004
1188.6276743778426 30.000000000000004
1188.0311756696956 30.000000000000004
1187.732926315622 30.000000000000004
1187.732926315622 30.000000000000004
1187.732926315622 30.000000000000004
1187.732926315622 30.000000000000004
1187.732926315622 30.000000000000004
1187.4346769615481 30.000000000000004
1187.4346769615481 30.000000000000004
1187.1364276074744 30.000000000000004
1186.8381782534007 30.000000000000004
1186.8381782534007 30.000000000000004
1186.8381782534007 30.000000000000004
1186.8381782534007 30.000000000000004
1186.8381782534007 30.000000000000004
1186.5399288993265 30.000000000000004
1186.5399288993265 30.000000000000004
1186.5399288993265 30.000000000000004
1186.5399288993265 30.000000000000004
1186.5399288993265 30.000000000000004
1186.5399288993265 30.000000000000004
1186.5399288993265 30.000000000000004
1186.5399288993265 30.000000000000004
1186.2416795452525 30.000000000000004
1186.2416795452525 30.000000000000004
1186.2416795452525 30.000000000000004
1185.9434301911783 30.000000000000004
1185.3469314830297 30.000000000000004
1185.3469314830297 30.000000000000004
1185.3469314830297 30.000000000000004
1185.3469314830297 30.000000000000004
1185.0486821289553 30.000000000000004
1185.0486821289553 30.000000000000004
1185.0486821289553 30.000000000000004
1185.0486821289553 30.000000000000004
1185.0486821289553 30.000000000000004
1185.0486821289553 30.000000000000004
1184.7504327748807 30.000000000000004
1184.7504327748807 30.000000000000004
1184.7504327748807 30.000000000000004
1184.7504327748807 30.000000000000004
1184.4521834208063 30.000000000000004
1184.4521834208063 30.000000000000004
1184.4521834208063 30.000000000000004
1184.1539340667314 30.000000000000004
1183.855684712657 30.000000000000004
1183.855684712657 30.000000000000004
1183.557435358582 30.000000000000004
1183.557435358582 30.000000000000004
1183.557435358582 30.000000000000004
1182.9609366504321 30.000000000000004
1182.9609366504321 30.000000000000004
1182.9609366504321 30.000000000000004
1182.662687296357 30.000000000000004
1182.662687296357 30.000000000000004
1182.662687296357 30.000000000000004
1182.662687296357 30.000000000000004
1182.662687296357 30.000000000000004
1182.3644379422817 30.000000000000004
1182.3644379422817 30.000000000000004
1182.3644379422817 30.000000000000004
1182.3644379422817 30.000000000000004
1182.3644379422817 30.000000000000004
1182.3644379422817 30.000000000000004
1182.3644379422817 30.000000000000004
1182.3644379422817 30.000000000000004
1182.3644379422817 30.000000000000004
1182.3644379422817 30.000000000000004
1182.3644379422817 30.000000000000004
1182.3644379422817 30.000000000000004
1182.3644379422817 30.000000000000004
1182.3644379422817 30.000000000000004
1182.3644379422817 30.000000000000004
1182.3644379422817 30.000000000000004
1182.3644379422817 30.000000000000004
1182.0661885882064 30.000000000000004
1182.0661885882064 30.000000000000004
1182.0661885882064 30.000000000000004
1182.0661885882064 30.000000000000004
1182.0661885882064 30.000000000000004
1182.0661885882064 30.000000000000004
1182.0661885882064 30.000000000000004
1181.7679392341313 30.000000000000004
1181.7679392341313 30.000000000000004
1181.7679392341313 30.000000000000004
1181.7679392341313 30.000000000000004
1181.7679392341313 30.000000000000004
1181.7679392341313 30.000000000000004
1181.7679392341313 30.000000000000004
1181.7679392341313 30.000000000000004
1181.7679392341313 30.000000000000004
1181.7679392341313 30.000000000000004
1181.7679392341313 30.000000000000004
1181.7679392341313 30.000000000000004
1181.7679392341313 30.000000000000004
1181.7679392341313 30.000000000000004
1181.4696898800557 30.000000000000004
1181.4696898800557 30.000000000000004
1181.4696898800557 30.000000000000004
1181.4696898800557 30.000000000000004
1181.4696898800557 30.000000000000004
1181.4696898800557 30.000000000000004
1181.4696898800557 30.000000000000004
1181.4696898800557 30.000000000000004
1181.1714405259802 30.000000000000004
1181.1714405259802 30.000000000000004
1181.1714405259802 30.000000000000004
1181.1714405259802 30.000000000000004
1181.1714405259802 30.000000000000004
1180.8731911719046 30.000000000000004
1180.8731911719046 30.000000000000004
1180.5749418178289 30.000000000000004
1180.5749418178289 30.000000000000004
1180.5749418178289 30.000000000000004
1180.5749418178289 30.000000000000004
1180.5749418178289 30.000000000000004
1180.5749418178289 30.000000000000004
1180.5749418178289 30.000000000000004
1180.5749418178289 30.000000000000004
1180.5749418178289 30.000000000000004
1180.276692463753 30.000000000000004
1180.276692463753 30.000000000000004
1180.276692463753 30.000000000000004
1180.276692463753 30.000000000000004
1179.9784431096773 30.000000000000004
1179.6801937556013 30.000000000000004
1179.6801937556013 30.000000000000004
1179.6801937556013 30.000000000000004
1179.6801937556013 30.000000000000004
1179.6801937556013 30.000000000000004
1179.6801937556013 30.000000000000004
1179.6801937556013 30.000000000000004
1179.6801937556013 30.000000000000004
1179.6801937556013 30.000000000000004
1179.6801937556013 30.000000000000004
1179.6801937556013 30.000000000000004
1179.3819444015253 30.000000000000004
1179.3819444015253 30.000000000000004
1179.3819444015253 30.000000000000004
1179.3819444015253 30.000000000000004
1179.3819444015253 30.000000000000004
1179.3819444015253 30.000000000000004
1179.3819444015253 30.000000000000004
1179.083695047449 30.000000000000004
1179.083695047449 30.000000000000004
1179.083695047449 30.000000000000004
1179.083695047449 30.000000000000004
1179.083695047449 30.000000000000004
1179.083695047449 30.000000000000004
1179.083695047449 30.000000000000004
1179.083695047449 30.000000000000004
1179.083695047449 30.000000000000004
1179.083695047449 30.000000000000004
1179.083695047449 30.000000000000004
1179.083695047449 30.000000000000004
1179.083695047449 30.000000000000004
1178.7854456933728 30.000000000000004
1178.7854456933728 30.000000000000004
1178.7854456933728 30.000000000000004
1178.7854456933728 30.000000000000004
1178.4871963392966 30.000000000000004
1178.4871963392966 30.000000000000004
1178.4871963392966 30.000000000000004
1178.4871963392966 30.000000000000004
1178.4871963392966 30.000000000000004
1178.4871963392966 30.000000000000004
1178.4871963392966 30.000000000000004
1178.4871963392966 30.000000000000004
1178.1889469852204 30.000000000000004
1178.1889469852204 30.000000000000004
1178.1889469852204 30.000000000000004
1178.1889469852204 30.000000000000004
1178.1889469852204 30.000000000000004
1178.1889469852204 30.000000000000004
1178.1889469852204 30.000000000000004
1178.1889469852204 30.000000000000004
1177.5924482770672 30.000000000000004
1177.2941989229905 30.000000000000004
1177.2941989229905 30.000000000000004
1176.9959495689138 30.000000000000004
1176.697700214837 30.000000000000004
1176.39945086076 30.000000000000004
1176.39945086076 30.000000000000004
1176.39945086076 30.000000000000004
1176.39945086076 30.000000000000004
1176.39945086076 30.000000000000004
1176.39945086076 30.000000000000004
1176.39945086076 30.000000000000004
1176.39945086076 30.000000000000004
1176.39945086076 30.000000000000004
1176.101201506683 30.000000000000004
1176.101201506683 30.000000000000004
1176.101201506683 30.000000000000004
1176.101201506683 30.000000000000004
1176.101201506683 30.000000000000004
1176.101201506683 30.000000000000004
1176.101201506683 30.000000000000004
1176.101201506683 30.000000000000004
1176.101201506683 30.000000000000004
1176.101201506683 30.000000000000004
1176.101201506683 30.000000000000004
1176.101201506683 30.000000000000004
1176.101201506683 30.000000000000004
1176.101201506683 30.000000000000004
1176.101201506683 30.000000000000004
1176.101201506683 30.000000000000004
1176.101201506683 30.000000000000004
1176.101201506683 30.000000000000004
1176.101201506683 30.000000000000004
1176.101201506683 30.000000000000004
1176.101201506683 30.000000000000004
1176.101201506683 30.000000000000004
1176.101201506683 30.000000000000004
1176.101201506683 30.000000000000004
1176.101201506683 30.000000000000004
1176.101201506683 30.000000000000004
1176.101201506683 30.000000000000004
1176.101201506683 30.000000000000004
1176.101201506683 30.000000000000004
1176.101201506683 30.000000000000004
1176.101201506683 30.000000000000004
1176.101201506683 30.000000000000004
1176.101201506683 30.000000000000004
1176.101201506683 30.000000000000004
1176.101201506683 30.000000000000004
1176.101201506683 30.000000000000004
1176.101201506683 30.000000000000004
1176.101201506683 30.000000000000004
1176.101201506683 30.000000000000004
1176.101201506683 30.000000000000004
1176.101201506683 30.000000000000004
1176.101201506683 30.000000000000004
1176.101201506683 30.000000000000004
1176.101201506683 30.000000000000004
1176.101201506683 30.000000000000004
1176.101201506683 30.000000000000004
1176.101201506683 30.000000000000004
1176.101201506683 30.000000000000004
1175.802952152606 30.000000000000004
1175.802952152606 30.000000000000004
1175.802952152606 30.000000000000004
1175.802952152606 30.000000000000004
1175.802952152606 30.000000000000004
1175.802952152606 30.000000000000004
1175.802952152606 30.000000000000004
1175.802952152606 30.000000000000004
1175.802952152606 30.000000000000004
1175.802952152606 30.000000000000004
1175.802952152606 30.000000000000004
1175.802952152606 30.000000000000004
1175.802952152606 30.000000000000004
1175.802952152606 30.000000000000004
1175.802952152606 30.000000000000004
1175.802952152606 30.000000000000004
1175.5047027985288 30.000000000000004
1175.5047027985288 30.000000000000004
1175.5047027985288 30.000000000000004
1175.5047027985288 30.000000000000004
1175.5047027985288 30.000000000000004
1175.5047027985288 30.000000000000004
1175.2064534444517 30.000000000000004
1175.2064534444517 30.000000000000004
1175.2064534444517 30.000000000000004
1175.2064534444517 30.000000000000004
1174.908204090374 30.000000000000004
1174.908204090374 30.000000000000004
1174.908204090374 30.000000000000004
1174.908204090374 30.000000000000004
1174.908204090374 30.000000000000004
1174.908204090374 30.000000000000004
1174.908204090374 30.000000000000004
1174.908204090374 30.000000000000004
1174.908204090374 30.000000000000004
1174.908204090374 30.000000000000004
1174.908204090374 30.000000000000004
1174.908204090374 30.000000000000004
1174.908204090374 30.000000000000004
1174.908204090374 30.000000000000004
1174.908204090374 30.000000000000004
1174.908204090374 30.000000000000004
1174.908204090374 30.000000000000004
1174.908204090374 30.000000000000004
1174.908204090374 30.000000000000004
1174.908204090374 30.000000000000004
1174.908204090374 30.000000000000004
1174.908204090374 30.000000000000004
1174.908204090374 30.000000000000004
1174.908204090374 30.000000000000004
1174.908204090374 30.000000000000004
1174.908204090374 30.000000000000004
1174.908204090374 30.000000000000004
1174.908204090374 30.000000000000004
1174.908204090374 30.000000000000004
1174.908204090374 30.000000000000004
1174.908204090374 30.000000000000004
1174.908204090374 30.000000000000004
1174.908204090374 30.000000000000004
1174.908204090374 30.000000000000004
1174.908204090374 30.000000000000004
1174.908204090374 30.000000000000004
1174.908204090374 30.000000000000004
1174.908204090374 30.000000000000004
1174.908204090374 30.000000000000004
1174.908204090374 30.000000000000004
1174.908204090374 30.000000000000004
1174.908204090374 30.000000000000004
1174.908204090374 30.000000000000004
1174.908204090374 30.000000000000004
1174.908204090374 30.000000000000004
1174.908204090374 30.000000000000004
1174.908204090374 30.000000000000004
1174.908204090374 30.000000000000004
1174.609954736297 30.000000000000004
1174.3117053822193 30.000000000000004
1174.3117053822193 30.000000000000004
1174.3117053822193 30.000000000000004
1174.0134560281417 30.000000000000004
1173.715206674064 30.000000000000004
1173.715206674064 30.000000000000004
1173.715206674064 30.000000000000004
1173.416957319986 30.000000000000004
1173.416957319986 30.000000000000004
1173.416957319986 30.000000000000004
1173.416957319986 30.000000000000004
1173.416957319986 30.000000000000004
1173.1187079659085 30.000000000000004
1173.1187079659085 30.000000000000004
1173.1187079659085 30.000000000000004
1173.1187079659085 30.000000000000004
1172.8204586118304 30.000000000000004
1172.8204586118304 30.000000000000004
1172.8204586118304 30.000000000000004
1172.8204586118304 30.000000000000004
1171.9257105495958 30.000000000000004
1171.6274611955178 30.000000000000004
1171.3292118414392 30.000000000000004
1170.7327131332822 30.000000000000004
1170.7327131332822 30.000000000000004
1170.7327131332822 30.000000000000004
1170.7327131332822 30.000000000000004
1170.7327131332822 30.000000000000004
1170.7327131332822 30.000000000000004
1170.7327131332822 30.000000000000004
1170.7327131332822 30.000000000000004
1170.7327131332822 30.000000000000004
1170.7327131332822 30.000000000000004
1170.7327131332822 30.000000000000004
1170.4344637792035 30.000000000000004
1170.4344637792035 30.000000000000004
1170.4344637792035 30.000000000000004
1170.4344637792035 30.000000000000004
1170.4344637792035 30.000000000000004
1170.4344637792035 30.000000000000004
1170.1362144251248 30.000000000000004
1170.1362144251248 30.000000000000004
1170.1362144251248 30.000000000000004
1170.1362144251248 30.000000000000004
1170.1362144251248 30.000000000000004
1169.8379650710458 30.000000000000004
1169.8379650710458 30.000000000000004
1169.8379650710458 30.000000000000004
1169.8379650710458 30.000000000000004
1169.8379650710458 30.000000000000004
1169.8379650710458 30.000000000000004
1169.5397157169668 30.000000000000004
1169.5397157169668 30.000000000000004
1169.5397157169668 30.000000000000004
1169.5397157169668 30.000000000000004
1169.5397157169668 30.000000000000004
1169.5397157169668 30.000000000000004
1169.5397157169668 30.000000000000004
1169.2414663628879 30.000000000000004
1169.2414663628879 30.000000000000004
1169.2414663628879 30.000000000000004
1169.2414663628879 30.000000000000004
1169.2414663628879 30.000000000000004
1169.2414663628879 30.000000000000004
1169.2414663628879 30.000000000000004
1169.2414663628879 30.000000000000004
1169.2414663628879 30.000000000000004
1169.2414663628879 30.000000000000004
1169.2414663628879 30.000000000000004
1169.2414663628879 30.000000000000004
1169.2414663628879 30.000000000000004
1169.2414663628879 30.000000000000004
1169.2414663628879 30.000000000000004
1169.2414663628879 30.000000000000004
1169.2414663628879 30.000000000000004
1169.2414663628879 30.000000000000004
1169.2414663628879 30.000000000000004
1169.2414663628879 30.000000000000004
1169.2414663628879 30.000000000000004
1169.2414663628879 30.000000000000004
1169.2414663628879 30.000000000000004
1169.2414663628879 30.000000000000004
1169.2414663628879 30.000000000000004
1169.2414663628879 30.000000000000004
1169.2414663628879 30.000000000000004
1169.2414663628879 30.000000000000004
1169.2414663628879 30.000000000000004
1169.2414663628879 30.000000000000004
1169.2414663628879 30.000000000000004
1169.2414663628879 30.000000000000004
1169.2414663628879 30.000000000000004
1169.2414663628879 30.000000000000004
1169.2414663628879 30.000000000000004
1169.2414663628879 30.000000000000004
1169.2414663628879 30.000000000000004
1169.2414663628879 30.000000000000004
1169.2414663628879 30.000000000000004
1169.2414663628879 30.000000000000004
1169.2414663628879 30.000000000000004
1169.2414663628879 30.000000000000004
1169.2414663628879 30.000000000000004
1169.2414663628879 30.000000000000004
1169.2414663628879 30.000000000000004
1169.2414663628879 30.000000000000004
1169.2414663628879 30.000000000000004
1169.2414663628879 30.000000000000004
1169.2414663628879 30.000000000000004
1169.2414663628879 30.000000000000004
1169.2414663628879 30.000000000000004
1169.2414663628879 30.000000000000004
1168.9432170088087 30.000000000000004
1168.9432170088087 30.000000000000004
1168.9432170088087 30.000000000000004
1168.9432170088087 30.000000000000004
1168.9432170088087 30.000000000000004
1168.9432170088087 30.000000000000004
1168.9432170088087 30.000000000000004
1168.9432170088087 30.000000000000004
1168.9432170088087 30.000000000000004
1168.9432170088087 30.000000000000004
1168.9432170088087 30.000000000000004
1168.9432170088087 30.000000000000004
1168.9432170088087 30.000000000000004
1168.9432170088087 30.000000000000004
1168.9432170088087 30.000000000000004
1168.9432170088087 30.000000000000004
1168.9432170088087 30.000000000000004
1168.9432170088087 30.000000000000004
1168.9432170088087 30.000000000000004
1168.9432170088087 30.000000000000004
1168.9432170088087 30.000000000000004
1168.9432170088087 30.000000000000004
1168.9432170088087 30.000000000000004
1168.9432170088087 30.000000000000004
1168.9432170088087 30.000000000000004
1168.9432170088087 30.000000000000004
1168.9432170088087 30.000000000000004
1168.9432170088087 30.000000000000004
1168.9432170088087 30.000000000000004
1168.9432170088087 30.000000000000004
1168.9432170088087 30.000000000000004
1168.9432170088087 30.000000000000004
1168.9432170088087 30.000000000000004
1168.9432170088087 30.000000000000004
1168.9432170088087 30.000000000000004
1168.9432170088087 30.000000000000004
