HOA
1711.1605426577148 30.000000000000004
1641.668443165499 30.000000000000004
1564.4218604705295 30.000000000000004
1509.5439793289477 30.000000000000004
1459.7363372059706 30.000000000000004
1420.6656718278725 30.000000000000004
1383.384502573622 30.000000000000004
1351.770071045641 30.000000000000004
1331.1908656168143 30.000000000000004
1311.5064082499077 30.000000000000004
1289.734205404434 30.000000000000004
1278.9972286586117 30.000000000000004
1262.891763539732 30.000000000000004
1249.768791961248 30.000000000000004
1240.52306198542 30.000000000000004
1225.3123449282652 30.000000000000004
1212.785872057523 30.000000000000004
1203.5401420814114 30.000000000000004
1197.2769056459374 30.000000000000004
1192.2066666267178 30.000000000000004
1186.2416795452525 30.000000000000004
1181.1714405259802 30.000000000000004
1176.9959495689138 30.000000000000004
1170.7327131332822 30.000000000000004
1165.6624741139326 30.000000000000004
1163.87297798945 30.000000000000004
1158.2062402619003 30.000000000000004
1156.1184947833212 30.000000000000004
1154.328998658821 30.000000000000004
1151.34650511798 30.000000000000004
1148.9605102853004 30.000000000000004
1147.4692635148726 30.000000000000004
1145.9780167444424 30.000000000000004
1143.592021911749 30.000000000000004
1142.3990244954002 30.000000000000004
1140.3112790167856 30.000000000000004
1140.0130296626976 30.000000000000004
1137.3287854758998 30.000000000000004
1134.6445412890941 30.000000000000004
1132.556795810462 30.000000000000004
1131.3637983940985 30.000000000000004
1130.469050331825 30.000000000000004
1128.0830554990907 30.000000000000004
1125.9953100204434 30.000000000000004
1125.1005619581642 30.000000000000004
1123.3110658336036 30.000000000000004
1122.7145671254157 30.000000000000004
1121.2233203549447 30.000000000000004
1120.6268216467556 30.000000000000004
1120.0303229385659 30.000000000000004
1119.1355748762808 30.000000000000004
1118.53907616809 30.000000000000004
1116.7495800435158 30.000000000000004
1115.5565826271309 30.000000000000004
1114.960083918938 30.000000000000004
1114.3635852107443 30.000000000000004
1113.170587794356 30.000000000000004
1113.170587794356 30.000000000000004
1113.170587794356 30.000000000000004
1112.5740890861612 30.000000000000004
1112.2758397320636 30.000000000000004
1111.3810916697703 30.000000000000004
1110.188094253378 30.000000000000004
1109.591595545181 30.000000000000004
1108.3985981287863 30.000000000000004
1108.100348774687 30.000000000000004
1107.2056007123897 30.000000000000004
1106.6091020041906 30.000000000000004
1106.310852650091 30.000000000000004
1105.1178552336912 30.000000000000004
1105.1178552336912 30.000000000000004
1103.9248578172899 30.000000000000004
1103.3283591090885 30.000000000000004
1103.0301097549877 30.000000000000004
1102.731860400887 30.000000000000004
1102.135361692685 30.000000000000004
1101.2406136303807 30.000000000000004
1101.2406136303807 30.000000000000004
1100.942364276279 30.000000000000004
1099.4511175057696 30.000000000000004
1099.4511175057696 30.000000000000004
1098.854618797565 30.000000000000004
1097.3633720270518 30.000000000000004
1097.3633720270518 30.000000000000004
1096.766873318846 30.000000000000004
1096.766873318846 30.000000000000004
1095.872125256536 30.000000000000004
1095.2756265483288 30.000000000000004
1095.2756265483288 30.000000000000004
1094.977377194225 30.000000000000004
1094.977377194225 30.000000000000004
1094.082629131913 30.000000000000004
1092.2931330072865 30.000000000000004
1092.2931330072865 30.000000000000004
1091.3983849449717 30.000000000000004
1091.1001355908666 30.000000000000004
1091.1001355908666 30.000000000000004
1090.5036368826559 30.000000000000004
1090.2053875285505 30.000000000000004
1090.8018862367612 30.000000000000004
1090.5036368826559 30.000000000000004
1090.2053875285505 30.000000000000004
1090.2053875285505 30.000000000000004
1090.2053875285505 30.000000000000004
1090.2053875285505 30.000000000000004
1089.608888820339 30.000000000000004
1089.608888820339 30.000000000000004
1089.608888820339 30.000000000000004
1089.3106394662332 30.000000000000004
1089.3106394662332 30.000000000000004
1089.3106394662332 30.000000000000004
1089.0123901121272 30.000000000000004
1089.3106394662332 30.000000000000004
1089.0123901121272 30.000000000000004
1088.4158914039149 30.000000000000004
1088.4158914039149 30.000000000000004
1088.1176420498086 30.000000000000004
1088.1176420498086 30.000000000000004
1088.1176420498086 30.000000000000004
1088.1176420498086 30.000000000000004
1087.8193926957024 30.000000000000004
1087.521143341596 30.000000000000004
1087.521143341596 30.000000000000004
1087.2228939874892 30.000000000000004
1087.2228939874892 30.000000000000004
1086.9246446333827 30.000000000000004
1086.9246446333827 30.000000000000004
1086.9246446333827 30.000000000000004
1086.6263952792758 30.000000000000004
1086.0298965710617 30.000000000000004
1086.0298965710617 30.000000000000004
1086.0298965710617 30.000000000000004
1086.0298965710617 30.000000000000004
1085.4333978628474 30.000000000000004
1085.13514850874 30.000000000000004
1084.2404004464172 30.000000000000004
1084.2404004464172 30.000000000000004
1084.2404004464172 30.000000000000004
1083.0474030299852 30.000000000000004
1082.7491536758766 30.000000000000004
1082.4509043217686 30.000000000000004
1082.4509043217686 30.000000000000004
1082.15265496766 30.000000000000004
1081.8544056135513 30.000000000000004
1081.5561562594426 30.000000000000004
1081.5561562594426 30.000000000000004
1080.6614081971156 30.000000000000004
1080.6614081971156 30.000000000000004
1080.0649094888972 30.000000000000004
1079.4684107806784 30.000000000000004
1079.4684107806784 30.000000000000004
1078.8719120724588 30.000000000000004
1078.8719120724588 30.000000000000004
1078.8719120724588 30.000000000000004
1078.8719120724588 30.000000000000004
1078.573662718349 30.000000000000004
1078.573662718349 30.000000000000004
1077.6789146560186 30.000000000000004
1077.3806653019085 30.000000000000004
1077.3806653019085 30.000000000000004
1077.3806653019085 30.000000000000004
1077.3806653019085 30.000000000000004
1077.3806653019085 30.000000000000004
1076.4859172395766 30.000000000000004
1076.4859172395766 30.000000000000004
1076.4859172395766 30.000000000000004
1076.187667885466 30.000000000000004
1075.889418531355 30.000000000000004
1075.889418531355 30.000000000000004
1075.5911691772442 30.000000000000004
1075.5911691772442 30.000000000000004
1075.292919823133 30.000000000000004
1075.292919823133 30.000000000000004
1075.292919823133 30.000000000000004
1074.9946704690215 30.000000000000004
1074.9946704690215 30.000000000000004
1074.6964211149104 30.000000000000004
1074.6964211149104 30.000000000000004
1074.398171760799 30.000000000000004
1074.0999224066873 30.000000000000004
1074.0999224066873 30.000000000000004
1074.0999224066873 30.000000000000004
1073.8016730525756 30.000000000000004
1073.5034236984638 30.000000000000004
1073.5034236984638 30.000000000000004
1073.205174344352 30.000000000000004
1073.205174344352 30.000000000000004
1073.205174344352 30.000000000000004
1073.205174344352 30.000000000000004
1073.205174344352 30.000000000000004
1073.205174344352 30.000000000000004
1072.3104262820154 30.000000000000004
1072.3104262820154 30.000000000000004
1072.3104262820154 30.000000000000004
1072.3104262820154 30.000000000000004
1072.3104262820154 30.000000000000004
1072.3104262820154 30.000000000000004
1072.012176927903 30.000000000000004
1072.012176927903 30.000000000000004
1072.3104262820154 30.000000000000004
1072.012176927903 30.000000000000004
1072.012176927903 30.000000000000004
1072.012176927903 30.000000000000004
1072.012176927903 30.000000000000004
1072.012176927903 30.000000000000004
1072.012176927903 30.000000000000004
1072.012176927903 30.000000000000004
1072.012176927903 30.000000000000004
1071.7139275737907 30.000000000000004
1071.4156782196778 30.000000000000004
1071.4156782196778 30.000000000000004
1071.1174288655652 30.000000000000004
1071.1174288655652 30.000000000000004
1070.8191795114521 30.000000000000004
1070.8191795114521 30.000000000000004
1070.8191795114521 30.000000000000004
1070.8191795114521 30.000000000000004
1070.5209301573395 30.000000000000004
1070.5209301573395 30.000000000000004
1070.5209301573395 30.000000000000004
1070.5209301573395 30.000000000000004
1070.2226808032265 30.000000000000004
1069.6261820949996 30.000000000000004
1069.3279327408864 30.000000000000004
1069.0296833867728 30.000000000000004
1068.731434032659 30.000000000000004
1068.731434032659 30.000000000000004
1068.731434032659 30.000000000000004
1068.731434032659 30.000000000000004
1068.731434032659 30.000000000000004
1068.1349353244316 30.000000000000004
1067.8366859703174 30.000000000000004
1067.8366859703174 30.000000000000004
1067.8366859703174 30.000000000000004
1067.8366859703174 30.000000000000004
1067.8366859703174 30.000000000000004
1067.5384366162034 30.000000000000004
1067.5384366162034 30.000000000000004
1067.240187262089 30.000000000000004
1066.9419379079745 30.000000000000004
1066.64368855386 30.000000000000004
1066.64368855386 30.000000000000004
1066.64368855386 30.000000000000004
1066.3454391997457 30.000000000000004
1066.3454391997457 30.000000000000004
1066.3454391997457 30.000000000000004
1066.3454391997457 30.000000000000004
1066.3454391997457 30.000000000000004
1066.0471898456308 30.000000000000004
1065.7489404915161 30.000000000000004
1065.450691137401 30.000000000000004
1065.450691137401 30.000000000000004
1065.450691137401 30.000000000000004
1065.450691137401 30.000000000000004
1065.450691137401 30.000000000000004
1065.450691137401 30.000000000000004
1065.1524417832861 30.000000000000004
1064.8541924291708 30.000000000000004
1064.25769372094 30.000000000000004
1064.25769372094 30.000000000000004
1064.25769372094 30.000000000000004
1063.9594443668248 30.000000000000004
1063.661195012709 30.000000000000004
1063.3629456585932 30.000000000000004
1063.3629456585932 30.000000000000004
1063.3629456585932 30.000000000000004
1062.7664469503613 30.000000000000004
1062.4681975962453 30.000000000000004
1062.4681975962453 30.000000000000004
1063.0646963044774 30.000000000000004
1063.0646963044774 30.000000000000004
1063.0646963044774 30.000000000000004
1063.0646963044774 30.000000000000004
1063.0646963044774 30.000000000000004
1063.0646963044774 30.000000000000004
1063.0646963044774 30.000000000000004
1063.0646963044774 30.000000000000004
1062.4681975962453 30.000000000000004
1062.4681975962453 30.000000000000004
1062.4681975962453 30.000000000000004
1062.4681975962453 30.000000000000004
1062.4681975962453 30.000000000000004
1062.4681975962453 30.000000000000004
1062.4681975962453 30.000000000000004
1062.4681975962453 30.000000000000004
1062.4681975962453 30.000000000000004
1062.4681975962453 30.000000000000004
1061.8716988880126 30.000000000000004
1061.573449533896 30.000000000000004
1061.573449533896 30.000000000000004
1061.573449533896 30.000000000000004
1061.573449533896 30.000000000000004
1061.573449533896 30.000000000000004
1061.573449533896 30.000000000000004
1061.573449533896 30.000000000000004
1061.573449533896 30.000000000000004
1061.573449533896 30.000000000000004
1061.2752001797794 30.000000000000004
1060.976950825663 30.000000000000004
1060.976950825663 30.000000000000004
1060.380452117429 30.000000000000004
1060.380452117429 30.000000000000004
1060.380452117429 30.000000000000004
1060.380452117429 30.000000000000004
1060.380452117429 30.000000000000004
1060.380452117429 30.000000000000004
1060.380452117429 30.000000000000004
1060.380452117429 30.000000000000004
1060.380452117429 30.000000000000004
1060.082202763312 30.000000000000004
1060.082202763312 30.000000000000004
1059.4857040550773 30.000000000000004
1059.4857040550773 30.000000000000004
1059.4857040550773 30.000000000000004
1059.4857040550773 30.000000000000004
1059.4857040550773 30.000000000000004
1059.4857040550773 30.000000000000004
1059.4857040550773 30.000000000000004
1059.4857040550773 30.000000000000004
1059.18745470096 30.000000000000004
1059.18745470096 30.000000000000004
1058.8892053468426 30.000000000000004
1058.8892053468426 30.000000000000004
1058.8892053468426 30.000000000000004
1058.8892053468426 30.000000000000004
1058.590955992725 30.000000000000004
1058.2927066386071 30.000000000000004
1058.2927066386071 30.000000000000004
1058.2927066386071 30.000000000000004
1058.590955992725 30.000000000000004
1058.590955992725 30.000000000000004
1058.590955992725 30.000000000000004
1058.590955992725 30.000000000000004
1058.590955992725 30.000000000000004
1058.2927066386071 30.000000000000004
1058.2927066386071 30.000000000000004
1058.2927066386071 30.000000000000004
1058.2927066386071 30.000000000000004
1058.2927066386071 30.000000000000004
1058.2927066386071 30.000000000000004
1058.2927066386071 30.000000000000004
1058.2927066386071 30.000000000000004
1058.2927066386071 30.000000000000004
1057.6962079303712 30.000000000000004
1057.6962079303712 30.000000000000004
1057.6962079303712 30.000000000000004
1057.6962079303712 30.000000000000004
1057.397958576253 30.000000000000004
1057.397958576253 30.000000000000004
1057.0997092221348 30.000000000000004
1057.0997092221348 30.000000000000004
1056.8014598680163 30.000000000000004
1056.8014598680163 30.000000000000004
1056.5032105138978 30.000000000000004
1056.5032105138978 30.000000000000004
1056.5032105138978 30.000000000000004
1056.5032105138978 30.000000000000004
1056.2049611597793 30.000000000000004
1056.2049611597793 30.000000000000004
1056.2049611597793 30.000000000000004
1055.9067118056605 30.000000000000004
1055.6084624515415 30.000000000000004
1055.6084624515415 30.000000000000004
1055.6084624515415 30.000000000000004
1055.6084624515415 30.000000000000004
1055.6084624515415 30.000000000000004
1055.9067118056605 30.000000000000004
1055.9067118056605 30.000000000000004
1055.9067118056605 30.000000000000004
1055.9067118056605 30.000000000000004
1055.6084624515415 30.000000000000004
1055.3102130974225 30.000000000000004
1055.0119637433036 30.000000000000004
1055.0119637433036 30.000000000000004
1055.3102130974225 30.000000000000004
1055.3102130974225 30.000000000000004
1055.3102130974225 30.000000000000004
1055.0119637433036 30.000000000000004
1055.0119637433036 30.000000000000004
1055.0119637433036 30.000000000000004
1054.7137143891841 30.000000000000004
1054.7137143891841 30.000000000000004
1054.7137143891841 30.000000000000004
1054.415465035065 30.000000000000004
1054.1172156809455 30.000000000000004
1054.1172156809455 30.000000000000004
1054.1172156809455 30.000000000000004
1053.8189663268258 30.000000000000004
1053.8189663268258 30.000000000000004
1053.8189663268258 30.000000000000004
1053.8189663268258 30.000000000000004
1053.8189663268258 30.000000000000004
1053.8189663268258 30.000000000000004
1053.8189663268258 30.000000000000004
1053.8189663268258 30.000000000000004
1053.5207169727064 30.000000000000004
1053.2224676185865 30.000000000000004
1053.2224676185865 30.000000000000004
1053.2224676185865 30.000000000000004
1052.9242182644664 30.000000000000004
1052.9242182644664 30.000000000000004
1052.9242182644664 30.000000000000004
1052.9242182644664 30.000000000000004
1052.9242182644664 30.000000000000004
1052.9242182644664 30.000000000000004
1052.6259689103465 30.000000000000004
1052.6259689103465 30.000000000000004
1052.6259689103465 30.000000000000004
1052.6259689103465 30.000000000000004
1052.6259689103465 30.000000000000004
1052.6259689103465 30.000000000000004
1052.6259689103465 30.000000000000004
1052.6259689103465 30.000000000000004
1052.3277195562262 30.000000000000004
1052.3277195562262 30.000000000000004
1052.3277195562262 30.000000000000004
1052.3277195562262 30.000000000000004
1052.3277195562262 30.000000000000004
1052.3277195562262 30.000000000000004
1052.0294702021058 30.000000000000004
1052.0294702021058 30.000000000000004
1052.0294702021058 30.000000000000004
1052.0294702021058 30.000000000000004
1052.0294702021058 30.000000000000004
1052.0294702021058 30.000000000000004
1052.0294702021058 30.000000000000004
1052.0294702021058 30.000000000000004
1052.0294702021058 30.000000000000004
1052.0294702021058 30.000000000000004
1052.0294702021058 30.000000000000004
1052.0294702021058 30.000000000000004
1052.0294702021058 30.000000000000004
1051.7312208479855 30.000000000000004
1051.7312208479855 30.000000000000004
1051.432971493865 30.000000000000004
1051.432971493865 30.000000000000004
1051.432971493865 30.000000000000004
1051.432971493865 30.000000000000004
1051.432971493865 30.000000000000004
1051.432971493865 30.000000000000004
1051.1347221397443 30.000000000000004
1051.1347221397443 30.000000000000004
1050.8364727856238 30.000000000000004
1050.5382234315025 30.000000000000004
1050.5382234315025 30.000000000000004
1050.5382234315025 30.000000000000004
1050.5382234315025 30.000000000000004
1050.5382234315025 30.000000000000004
1050.5382234315025 30.000000000000004
1050.5382234315025 30.000000000000004
1050.5382234315025 30.000000000000004
1050.5382234315025 30.000000000000004
1050.5382234315025 30.000000000000004
1050.5382234315025 30.000000000000004
1050.5382234315025 30.000000000000004
1050.5382234315025 30.000000000000004
1050.2399740773815 30.000000000000004
1050.2399740773815 30.000000000000004
1049.9417247232604 30.000000000000004
1049.9417247232604 30.000000000000004
1049.9417247232604 30.000000000000004
1049.9417247232604 30.000000000000004
1049.9417247232604 30.000000000000004
1049.6434753691392 30.000000000000004
1049.6434753691392 30.000000000000004
1049.6434753691392 30.000000000000004
1049.6434753691392 30.000000000000004
1049.6434753691392 30.000000000000004
1049.6434753691392 30.000000000000004
1049.6434753691392 30.000000000000004
1049.6434753691392 30.000000000000004
1049.6434753691392 30.000000000000004
1049.6434753691392 30.000000000000004
1049.6434753691392 30.000000000000004
1049.6434753691392 30.000000000000004
1049.6434753691392 30.000000000000004
1049.3452260150177 30.000000000000004
1049.3452260150177 30.000000000000004
1049.3452260150177 30.000000000000004
1049.3452260150177 30.000000000000004
1049.3452260150177 30.000000000000004
1049.3452260150177 30.000000000000004
1049.3452260150177 30.000000000000004
1049.3452260150177 30.000000000000004
1049.3452260150177 30.000000000000004
1049.3452260150177 30.000000000000004
1049.3452260150177 30.000000000000004
1049.3452260150177 30.000000000000004
1049.3452260150177 30.000000000000004
1049.3452260150177 30.000000000000004
1049.3452260150177 30.000000000000004
1049.3452260150177 30.000000000000004
1049.3452260150177 30.000000000000004
1049.3452260150177 30.000000000000004
1049.3452260150177 30.000000000000004
1049.3452260150177 30.000000000000004
1049.3452260150177 30.000000000000004
1049.3452260150177 30.000000000000004
1049.3452260150177 30.000000000000004
1049.0469766608962 30.000000000000004
1048.7487273067745 30.000000000000004
1048.7487273067745 30.000000000000004
1048.4504779526528 30.000000000000004
1048.4504779526528 30.000000000000004
1048.4504779526528 30.000000000000004
1048.4504779526528 30.000000000000004
1048.4504779526528 30.000000000000004
1048.4504779526528 30.000000000000004
1048.4504779526528 30.000000000000004
1048.4504779526528 30.000000000000004
1048.4504779526528 30.000000000000004
1048.4504779526528 30.000000000000004
1048.4504779526528 30.000000000000004
1048.4504779526528 30.000000000000004
1048.4504779526528 30.000000000000004
1048.4504779526528 30.000000000000004
1048.4504779526528 30.000000000000004
1048.1522285985309 30.000000000000004
1048.1522285985309 30.000000000000004
1048.1522285985309 30.000000000000004
1048.1522285985309 30.000000000000004
1047.853979244409 30.000000000000004
1047.853979244409 30.000000000000004
1047.5557298902868 30.000000000000004
1047.5557298902868 30.000000000000004
1047.5557298902868 30.000000000000004
1047.5557298902868 30.000000000000004
1047.5557298902868 30.000000000000004
1047.5557298902868 30.000000000000004
1047.5557298902868 30.000000000000004
1047.5557298902868 30.000000000000004
1047.5557298902868 30.000000000000004
1047.5557298902868 30.000000000000004
1047.5557298902868 30.000000000000004
1047.5557298902868 30.000000000000004
1047.5557298902868 30.000000000000004
1047.5557298902868 30.000000000000004
1047.5557298902868 30.000000000000004
1047.5557298902868 30.000000000000004
1047.5557298902868 30.000000000000004
1047.5557298902868 30.000000000000004
1047.2574805361646 30.000000000000004
1046.9592311820422 30.000000000000004
1046.9592311820422 30.000000000000004
1046.9592311820422 30.000000000000004
1046.9592311820422 30.000000000000004
1046.9592311820422 30.000000000000004
1046.9592311820422 30.000000000000004
1046.9592311820422 30.000000000000004
1046.9592311820422 30.000000000000004
1046.9592311820422 30.000000000000004
1046.9592311820422 30.000000000000004
1046.9592311820422 30.000000000000004
1046.9592311820422 30.000000000000004
1046.9592311820422 30.000000000000004
1046.9592311820422 30.000000000000004
1046.9592311820422 30.000000000000004
1046.9592311820422 30.000000000000004
1046.9592311820422 30.000000000000004
1046.9592311820422 30.000000000000004
1046.9592311820422 30.000000000000004
1046.6609818279196 30.000000000000004
1046.6609818279196 30.000000000000004
1046.6609818279196 30.000000000000004
1046.362732473797 30.000000000000004
1046.362732473797 30.000000000000004
1046.362732473797 30.000000000000004
1046.362732473797 30.000000000000004
1046.0644831196744 30.000000000000004
1046.0644831196744 30.000000000000004
1046.0644831196744 30.000000000000004
1045.7662337655513 30.000000000000004
1045.7662337655513 30.000000000000004
1045.7662337655513 30.000000000000004
1045.7662337655513 30.000000000000004
1045.7662337655513 30.000000000000004
1045.7662337655513 30.000000000000004
1045.7662337655513 30.000000000000004
1045.7662337655513 30.000000000000004
1045.7662337655513 30.000000000000004
1045.7662337655513 30.000000000000004
1045.4679844114285 30.000000000000004
1045.4679844114285 30.000000000000004
1045.4679844114285 30.000000000000004
1045.4679844114285 30.000000000000004
1045.4679844114285 30.000000000000004
1045.4679844114285 30.000000000000004
1045.4679844114285 30.000000000000004
1045.4679844114285 30.000000000000004
1045.4679844114285 30.000000000000004
1045.4679844114285 30.000000000000004
1045.4679844114285 30.000000000000004
1045.4679844114285 30.000000000000004
1045.4679844114285 30.000000000000004
1045.4679844114285 30.000000000000004
1045.4679844114285 30.000000000000004
1045.4679844114285 30.000000000000004
1045.4679844114285 30.000000000000004
1045.4679844114285 30.000000000000004
1045.4679844114285 30.000000000000004
1045.4679844114285 30.000000000000004
1045.4679844114285 30.000000000000004
1045.4679844114285 30.000000000000004
1045.4679844114285 30.000000000000004
1045.4679844114285 30.000000000000004
1045.1697350573054 30.000000000000004
1045.1697350573054 30.000000000000004
1044.8714857031823 30.000000000000004
1044.8714857031823 30.000000000000004
1044.5732363490588 30.000000000000004
1044.5732363490588 30.000000000000004
1044.5732363490588 30.000000000000004
1044.5732363490588 30.000000000000004
1044.5732363490588 30.000000000000004
1044.5732363490588 30.000000000000004
1044.5732363490588 30.000000000000004
1044.5732363490588 30.000000000000004
1044.5732363490588 30.000000000000004
1044.5732363490588 30.000000000000004
1044.5732363490588 30.000000000000004
1044.5732363490588 30.000000000000004
1044.2749869949355 30.000000000000004
1044.2749869949355 30.000000000000004
1044.2749869949355 30.000000000000004
1044.2749869949355 30.000000000000004
1044.2749869949355 30.000000000000004
1044.2749869949355 30.000000000000004
1043.9767376408117 30.000000000000004
1043.9767376408117 30.000000000000004
1043.9767376408117 30.000000000000004
1043.9767376408117 30.000000000000004
1043.9767376408117 30.000000000000004
1043.9767376408117 30.000000000000004
1043.9767376408117 30.000000000000004
1043.9767376408117 30.000000000000004
1043.9767376408117 30.000000000000004
1043.9767376408117 30.000000000000004
1043.678488286688 30.000000000000004
1043.678488286688 30.000000000000004
1043.678488286688 30.000000000000004
1043.678488286688 30.000000000000004
1043.678488286688 30.000000000000004
1043.08198957844 30.000000000000004
1043.08198957844 30.000000000000004
1043.08198957844 30.000000000000004
1042.7837402243158 30.000000000000004
1042.7837402243158 30.000000000000004
1042.7837402243158 30.000000000000004
1042.7837402243158 30.000000000000004
1042.7837402243158 30.000000000000004
1042.7837402243158 30.000000000000004
1042.7837402243158 30.000000000000004
1042.7837402243158 30.000000000000004
1042.4854908701916 30.000000000000004
1042.4854908701916 30.000000000000004
1042.4854908701916 30.000000000000004
1042.4854908701916 30.000000000000004
1042.4854908701916 30.000000000000004
1042.4854908701916 30.000000000000004
1042.4854908701916 30.000000000000004
1042.4854908701916 30.000000000000004
1042.4854908701916 30.000000000000004
1042.4854908701916 30.000000000000004
1042.4854908701916 30.000000000000004
1042.4854908701916 30.000000000000004
1042.4854908701916 30.000000000000004
1042.4854908701916 30.000000000000004
1042.4854908701916 30.000000000000004
1042.4854908701916 30.000000000000004
1042.4854908701916 30.000000000000004
1042.4854908701916 30.000000000000004
1042.4854908701916 30.000000000000004
1042.4854908701916 30.000000000000004
1042.4854908701916 30.000000000000004
1042.4854908701916 30.000000000000004
1042.4854908701916 30.000000000000004
1042.4854908701916 30.000000000000004
1042.1872415160672 30.000000000000004
1042.1872415160672 30.000000000000004
1042.1872415160672 30.000000000000004
1042.1872415160672 30.000000000000004
1042.1872415160672 30.000000000000004
1042.1872415160672 30.000000000000004
1042.1872415160672 30.000000000000004
1042.1872415160672 30.000000000000004
1042.1872415160672 30.000000000000004
1041.8889921619425 30.000000000000004
1041.590742807818 30.000000000000004
1041.590742807818 30.000000000000004
1041.590742807818 30.000000000000004
1041.590742807818 30.000000000000004
1041.590742807818 30.000000000000004
1041.590742807818 30.000000000000004
1041.590742807818 30.000000000000004
1041.590742807818 30.000000000000004
1041.8889921619425 30.000000000000004
1041.8889921619425 30.000000000000004
1041.8889921619425 30.000000000000004
1041.8889921619425 30.000000000000004
1041.8889921619425 30.000000000000004
1041.8889921619425 30.000000000000004
1041.8889921619425 30.000000000000004
1041.8889921619425 30.000000000000004
1041.8889921619425 30.000000000000004
1041.8889921619425 30.000000000000004
1041.8889921619425 30.000000000000004
1041.8889921619425 30.000000000000004
1041.8889921619425 30.000000000000004
1041.8889921619425 30.000000000000004
1041.8889921619425 30.000000000000004
1041.8889921619425 30.000000000000004
1041.8889921619425 30.000000000000004
1041.8889921619425 30.000000000000004
1041.8889921619425 30.000000000000004
1041.8889921619425 30.000000000000004
1041.8889921619425 30.000000000000004
1041.8889921619425 30.000000000000004
1041.590742807818 30.000000000000004
1041.590742807818 30.000000000000004
1041.292493453693 30.000000000000004
1041.292493453693 30.000000000000004
1041.292493453693 30.000000000000004
1041.292493453693 30.000000000000004
1041.292493453693 30.000000000000004
1041.292493453693 30.000000000000004
1041.292493453693 30.000000000000004
1041.292493453693 30.000000000000004
1041.292493453693 30.000000000000004
1041.292493453693 30.000000000000004
1041.292493453693 30.000000000000004
1041.292493453693 30.000000000000004
1041.292493453693 30.000000000000004
1041.292493453693 30.000000000000004
1041.292493453693 30.000000000000004
1041.292493453693 30.000000000000004
1041.292493453693 30.000000000000004
1041.292493453693 30.000000000000004
1041.292493453693 30.000000000000004
1041.292493453693 30.000000000000004
1041.292493453693 30.000000000000004
1041.292493453693 30.000000000000004
1041.292493453693 30.000000000000004
1041.292493453693 30.000000000000004
1040.9942440995683 30.000000000000004
1040.9942440995683 30.000000000000004
1040.9942440995683 30.000000000000004
1040.9942440995683 30.000000000000004
1040.9942440995683 30.000000000000004
1040.9942440995683 30.000000000000004
1040.9942440995683 30.000000000000004
1040.9942440995683 30.000000000000004
1040.9942440995683 30.000000000000004
1040.9942440995683 30.000000000000004
1040.9942440995683 30.000000000000004
1040.9942440995683 30.000000000000004
1040.9942440995683 30.000000000000004
1040.9942440995683 30.000000000000004
1040.9942440995683 30.000000000000004
1040.9942440995683 30.000000000000004
1040.9942440995683 30.000000000000004
1040.9942440995683 30.000000000000004
1040.9942440995683 30.000000000000004
1040.9942440995683 30.000000000000004
1040.9942440995683 30.000000000000004
1040.9942440995683 30.000000000000004
1040.9942440995683 30.000000000000004
1040.9942440995683 30.000000000000004
1040.9942440995683 30.000000000000004
1040.9942440995683 30.000000000000004
1040.9942440995683 30.000000000000004
1040.9942440995683 30.000000000000004
1040.9942440995683 30.000000000000004
1040.9942440995683 30.000000000000004
1040.9942440995683 30.000000000000004
1040.9942440995683 30.000000000000004
1040.9942440995683 30.000000000000004
1040.9942440995683 30.000000000000004
1040.9942440995683 30.000000000000004
1040.9942440995683 30.000000000000004
1041.292493453693 30.000000000000004
1041.292493453693 30.000000000000004
1041.292493453693 30.000000000000004
1041.292493453693 30.000000000000004
1041.292493453693 30.000000000000004
1041.292493453693 30.000000000000004
1041.292493453693 30.000000000000004
1040.9942440995683 30.000000000000004
1040.9942440995683 30.000000000000004
1040.9942440995683 30.000000000000004
1040.9942440995683 30.000000000000004
1040.9942440995683 30.000000000000004
1040.9942440995683 30.000000000000004
1040.9942440995683 30.000000000000004
1040.9942440995683 30.000000000000004
1040.9942440995683 30.000000000000004
1040.9942440995683 30.000000000000004
1040.9942440995683 30.000000000000004
1040.9942440995683 30.000000000000004
1040.9942440995683 30.000000000000004
1040.9942440995683 30.000000000000004
1040.9942440995683 30.000000000000004
1040.695994745443 30.000000000000004
1040.695994745443 30.000000000000004
1040.695994745443 30.000000000000004
1040.695994745443 30.000000000000004
1040.695994745443 30.000000000000004
1040.695994745443 30.000000000000004
1040.695994745443 30.000000000000004
1040.695994745443 30.000000000000004
1040.695994745443 30.000000000000004
1040.695994745443 30.000000000000004
1040.695994745443 30.000000000000004
1040.695994745443 30.000000000000004
1040.695994745443 30.000000000000004
1040.695994745443 30.000000000000004
1040.695994745443 30.000000000000004
1040.695994745443 30.000000000000004
1040.695994745443 30.000000000000004
1040.695994745443 30.000000000000004
1040.3977453913178 30.000000000000004
1040.3977453913178 30.000000000000004
1040.3977453913178 30.000000000000004
1040.3977453913178 30.000000000000004
1040.3977453913178 30.000000000000004
1040.3977453913178 30.000000000000004
1040.3977453913178 30.000000000000004
1040.3977453913178 30.000000000000004
1040.3977453913178 30.000000000000004
1040.3977453913178 30.000000000000004
1040.3977453913178 30.000000000000004
1040.3977453913178 30.000000000000004
1040.3977453913178 30.000000000000004
1040.3977453913178 30.000000000000004
1040.3977453913178 30.000000000000004
1040.3977453913178 30.000000000000004
1040.3977453913178 30.000000000000004
1040.3977453913178 30.000000000000004
1040.0994960371925 30.000000000000004
1040.0994960371925 30.000000000000004
1040.0994960371925 30.000000000000004
1040.0994960371925 30.000000000000004
1040.0994960371925 30.000000000000004
1040.0994960371925 30.000000000000004
1040.0994960371925 30.000000000000004
1040.0994960371925 30.000000000000004
1040.0994960371925 30.000000000000004
1040.0994960371925 30.000000000000004
1040.0994960371925 30.000000000000004
1040.0994960371925 30.000000000000004
1040.0994960371925 30.000000000000004
1039.8012466830673 30.000000000000004
1039.8012466830673 30.000000000000004
1039.8012466830673 30.000000000000004
1039.5029973289415 30.000000000000004
1039.5029973289415 30.000000000000004
1039.5029973289415 30.000000000000004
1039.5029973289415 30.000000000000004
1039.5029973289415 30.000000000000004
1039.5029973289415 30.000000000000004
1039.5029973289415 30.000000000000004
1039.5029973289415 30.000000000000004
1039.204747974816 30.000000000000004
1039.204747974816 30.000000000000004
1039.204747974816 30.000000000000004
1039.204747974816 30.000000000000004
1039.204747974816 30.000000000000004
1038.6082492665641 30.000000000000004
1038.6082492665641 30.000000000000004
1038.6082492665641 30.000000000000004
1038.6082492665641 30.000000000000004
1038.6082492665641 30.000000000000004
1038.6082492665641 30.000000000000004
1038.6082492665641 30.000000000000004
1038.6082492665641 30.000000000000004
1038.3099999124381 30.000000000000004
1038.3099999124381 30.000000000000004
1038.011750558312 30.000000000000004
1037.4152518500593 30.000000000000004
1037.4152518500593 30.000000000000004
1037.4152518500593 30.000000000000004
1037.4152518500593 30.000000000000004
1037.4152518500593 30.000000000000004
1037.4152518500593 30.000000000000004
1037.4152518500593 30.000000000000004
1037.4152518500593 30.000000000000004
1037.1170024959326 30.000000000000004
1037.1170024959326 30.000000000000004
1037.1170024959326 30.000000000000004
1036.818753141806 30.000000000000004
1036.818753141806 30.000000000000004
1036.818753141806 30.000000000000004
1036.818753141806 30.000000000000004
1036.818753141806 30.000000000000004
1036.818753141806 30.000000000000004
1036.818753141806 30.000000000000004
1036.818753141806 30.000000000000004
1036.818753141806 30.000000000000004
1036.818753141806 30.000000000000004
1036.818753141806 30.000000000000004
1037.1170024959326 30.000000000000004
1037.1170024959326 30.000000000000004
1037.1170024959326 30.000000000000004
1037.1170024959326 30.000000000000004
1037.1170024959326 30.000000000000004
1037.1170024959326 30.000000000000004
1037.1170024959326 30.000000000000004
1037.1170024959326 30.000000000000004
1037.1170024959326 30.000000000000004
1037.1170024959326 30.000000000000004
1037.1170024959326 30.000000000000004
1037.1170024959326 30.000000000000004
1037.1170024959326 30.000000000000004
1037.1170024959326 30.000000000000004
1037.1170024959326 30.000000000000004
1037.1170024959326 30.000000000000004
1037.1170024959326 30.000000000000004
1037.1170024959326 30.000000000000004
1036.818753141806 30.000000000000004
1036.818753141806 30.000000000000004
1036.818753141806 30.000000000000004
1036.818753141806 30.000000000000004
1036.818753141806 30.000000000000004
1036.818753141806 30.000000000000004
1036.818753141806 30.000000000000004
1036.818753141806 30.000000000000004
1036.818753141806 30.000000000000004
1036.818753141806 30.000000000000004
1036.818753141806 30.000000000000004
1036.818753141806 30.000000000000004
1036.818753141806 30.000000000000004
1036.818753141806 30.000000000000004
1036.818753141806 30.000000000000004
1036.818753141806 30.000000000000004
1036.818753141806 30.000000000000004
1036.818753141806 30.000000000000004
1036.818753141806 30.000000000000004
1036.818753141806 30.000000000000004
1036.818753141806 30.000000000000004
1036.818753141806 30.000000000000004
1036.818753141806 30.000000000000004
1036.818753141806 30.000000000000004
1036.818753141806 30.000000000000004
1036.5205037876792 30.000000000000004
1036.5205037876792 30.000000000000004
1036.5205037876792 30.000000000000004
1036.5205037876792 30.000000000000004
1036.2222544335523 30.000000000000004
1036.2222544335523 30.000000000000004
1036.2222544335523 30.000000000000004
1036.2222544335523 30.000000000000004
1036.2222544335523 30.000000000000004
1036.2222544335523 30.000000000000004
1036.2222544335523 30.000000000000004
1035.9240050794253 30.000000000000004
1035.9240050794253 30.000000000000004
1035.9240050794253 30.000000000000004
1035.9240050794253 30.000000000000004
1035.9240050794253 30.000000000000004
1035.9240050794253 30.000000000000004
1035.9240050794253 30.000000000000004
1035.9240050794253 30.000000000000004
1035.9240050794253 30.000000000000004
1035.9240050794253 30.000000000000004
1035.9240050794253 30.000000000000004
1035.9240050794253 30.000000000000004
1035.9240050794253 30.000000000000004
1035.9240050794253 30.000000000000004
1035.9240050794253 30.000000000000004
1035.9240050794253 30.000000000000004
1035.9240050794253 30.000000000000004
1035.9240050794253 30.000000000000004
1035.9240050794253 30.000000000000004
1035.9240050794253 30.000000000000004
1035.9240050794253 30.000000000000004
1035.9240050794253 30.000000000000004
1035.9240050794253 30.000000000000004
1035.9240050794253 30.000000000000004
1035.9240050794253 30.000000000000004
1035.9240050794253 30.000000000000004
1035.9240050794253 30.000000000000004
1035.9240050794253 30.000000000000004
1035.9240050794253 30.000000000000004
1035.9240050794253 30.000000000000004
1035.9240050794253 30.000000000000004
1035.9240050794253 30.000000000000004
1035.9240050794253 30.000000000000004
1035.9240050794253 30.000000000000004
1035.9240050794253 30.000000000000004
1035.9240050794253 30.000000000000004
1035.9240050794253 30.000000000000004
1035.9240050794253 30.000000000000004
1035.9240050794253 30.000000000000004
1035.9240050794253 30.000000000000004
1035.9240050794253 30.000000000000004
1035.9240050794253 30.000000000000004
1035.9240050794253 30.000000000000004
1036.2222544335523 30.000000000000004
1036.2222544335523 30.000000000000004
1035.9240050794253 30.000000000000004
1035.9240050794253 30.000000000000004
