iEACOP
1386.3669961139778 30.000000000000004
1275.7164857640396 30.000000000000004
1479.122545217923 30.000000000000004
1570.9833462592267 30.000000000000004
1608.5627648674238 30.000000000000004
1649.4229263705174 30.000000000000004
1670.5986305074414 30.000000000000004
1687.897093042001 30.000000000000004
1687.3005943339099 30.000000000000004
1703.7043088064886 30.000000000000004
1706.9850517010238 30.000000000000004
1712.3535400739145 30.000000000000004
1714.1430361982152 30.000000000000004
1721.0027713413883 30.000000000000004
1723.687015527856 30.000000000000004
1728.4590051926991 30.000000000000004
1734.72224162783 30.000000000000004
1740.0907300008214 30.000000000000004
1738.3012338764886 30.000000000000004
1733.8274935656668 30.000000000000004
1733.8274935656668 30.000000000000004
1735.318740335939 30.000000000000004
1738.599483230544 30.000000000000004
1735.6169896899937 30.000000000000004
1739.49423129271 30.000000000000004
1738.3012338764886 30.000000000000004
1737.108236460268 30.000000000000004
1737.7047351683782 30.000000000000004
1738.3012338764886 30.000000000000004
1739.49423129271 30.000000000000004
1738.3012338764886 30.000000000000004
1737.7047351683782 30.000000000000004
1735.318740335939 30.000000000000004
1736.2134883981032 30.000000000000004
1737.406485814323 30.000000000000004
1734.4239922737754 30.000000000000004
1735.0204909818844 30.000000000000004
1732.932745503504 30.000000000000004
1737.406485814323 30.000000000000004
1736.2134883981032 30.000000000000004
1734.125742919721 30.000000000000004
1736.511737752158 30.000000000000004
1735.318740335939 30.000000000000004
1732.6344961494501 30.000000000000004
1728.1607558386459 30.000000000000004
1728.1607558386459 30.000000000000004
1725.774761006223 30.000000000000004
1720.1080232792335 30.000000000000004
1718.0202778008745 30.000000000000004
1721.30102069544 30.000000000000004
1718.915025863028 30.000000000000004
1723.985264881908 30.000000000000004
1723.0905168197517 30.000000000000004
1723.0905168197517 30.000000000000004
1727.266007776487 30.000000000000004
1728.1607558386459 30.000000000000004
1732.6344961494501 30.000000000000004
1735.0204909818844 30.000000000000004
1738.0029845224333 30.000000000000004
1740.9854780629887 30.000000000000004
1743.0732235413811 30.000000000000004
1741.8802261251565 30.000000000000004
1743.669722249494 30.000000000000004
1744.5644703116636 30.000000000000004
1743.0732235413811 30.000000000000004
1748.4417119144055 30.000000000000004
1749.634709330636 30.000000000000004
1752.1698288401296 30.000000000000004
1755.1523223807167 30.000000000000004
1752.468078194188 30.000000000000004
1752.1698288401296 30.000000000000004
1753.3628262563636 30.000000000000004
1754.5558236725985 30.000000000000004
1758.4330652753702 30.000000000000004
1758.73131462943 30.000000000000004
1758.4330652753702 30.000000000000004
1757.538317213191 30.000000000000004
1756.047070442894 30.000000000000004
1757.2400678591314 30.000000000000004
1760.22256139973 30.000000000000004
1759.92431204567 30.000000000000004
1759.6260626916098 30.000000000000004
1759.6260626916098 30.000000000000004
1759.3278133375497 30.000000000000004
1762.0120575240928 30.000000000000004
1762.3103068781534 30.000000000000004
1760.8190601078509 30.000000000000004
1762.906805586275 30.000000000000004
1762.0120575240928 30.000000000000004
1761.4155588159715 30.000000000000004
1763.503304294397 30.000000000000004
1764.6963017106414 30.000000000000004
1769.7665407296934 30.000000000000004
1770.064790083756 30.000000000000004
1768.2752939593818 30.000000000000004
1767.9770446053199 30.000000000000004
1766.1875484809484 30.000000000000004
1763.8015536484577 30.000000000000004
1763.8015536484577 30.000000000000004
1762.6085562322141 30.000000000000004
1763.503304294397 30.000000000000004
1763.503304294397 30.000000000000004
1764.6963017106414 30.000000000000004
1764.099803002519 30.000000000000004
1764.3980523565801 30.000000000000004
1765.5910497728255 30.000000000000004
1765.5910497728255 30.000000000000004
1766.1875484809484 30.000000000000004
1767.3805458971956 30.000000000000004
1768.2752939593818 30.000000000000004
1772.1525355621957 30.000000000000004
1774.5385303947028 30.000000000000004
1776.4771511961185 30.000000000000004
1777.3718992583113 30.000000000000004
1777.96839796644 30.000000000000004
1778.5648966745694 30.000000000000004
1778.2666473205047 30.000000000000004
1779.0122707056664 30.000000000000004
1779.1613953826989 30.000000000000004
1780.5035174759914 30.000000000000004
1780.205268121926 30.000000000000004
1780.205268121926 30.000000000000004
1784.9772577869776 30.000000000000004
1784.082509724779 30.000000000000004
1782.7403876314822 30.000000000000004
1782.143888923351 30.000000000000004
1781.8456395692856 30.000000000000004
1780.9508915070892 30.000000000000004
1780.0561434448937 30.000000000000004
1779.1613953826989 30.000000000000004
1778.5648966745694 30.000000000000004
1777.3718992583113 30.000000000000004
1776.4771511961185 30.000000000000004
1778.5648966745694 30.000000000000004
1777.96839796644 30.000000000000004
1776.4771511961185 30.000000000000004
1777.3718992583113 30.000000000000004
1776.7754005501824 30.000000000000004
1776.4771511961185 30.000000000000004
1776.178901842054 30.000000000000004
1774.9859044257985 30.000000000000004
1774.9859044257985 30.000000000000004
1772.7490342703222 30.000000000000004
1773.3455329784488 30.000000000000004
1774.240281040639 30.000000000000004
1776.0297771650223 30.000000000000004
1775.1350291028302 30.000000000000004
1777.2227745812788 30.000000000000004
1777.8192732894079 30.000000000000004
1776.9245252272146 30.000000000000004
1778.415771997537 30.000000000000004
1777.2227745812788 30.000000000000004
1775.7315278109581 30.000000000000004
1776.6262758731505 30.000000000000004
1775.4332784568942 30.000000000000004
1774.5385303947028 30.000000000000004
1773.9420316865758 30.000000000000004
1773.3455329784488 30.000000000000004
1772.450784916259 30.000000000000004
1771.257787500007 30.000000000000004
1770.064790083756 30.000000000000004
1769.3191666985997 30.000000000000004
1767.8279199282886 30.000000000000004
1766.6349225120412 30.000000000000004
1765.4419250957949 30.000000000000004
1765.1436757417332 30.000000000000004
1762.1611822011232 30.000000000000004
1763.0559302633053 30.000000000000004
1762.7576809092445 30.000000000000004
1762.1611822011232 30.000000000000004
1761.8629328470624 30.000000000000004
1761.2664341389413 30.000000000000004
1761.2664341389413 30.000000000000004
1760.6699354308205 30.000000000000004
1760.3716860767604 30.000000000000004
1758.8804393064597 30.000000000000004
1757.9856912442806 30.000000000000004
1758.5821899523999 30.000000000000004
1760.9681847848808 30.000000000000004
1760.3716860767604 30.000000000000004
1762.4594315551838 30.000000000000004
1762.4594315551838 30.000000000000004
1761.8629328470624 30.000000000000004
1760.6699354308205 30.000000000000004
1759.77518736864 30.000000000000004
1759.77518736864 30.000000000000004
1759.47693801458 30.000000000000004
1758.8804393064597 30.000000000000004
1759.77518736864 30.000000000000004
1759.47693801458 30.000000000000004
1759.1786886605198 30.000000000000004
1759.1786886605198 30.000000000000004
1759.47693801458 30.000000000000004
1760.9681847848808 30.000000000000004
1760.6699354308205 30.000000000000004
1760.3716860767604 30.000000000000004
1760.6699354308205 30.000000000000004
1762.1611822011232 30.000000000000004
1762.4594315551838 30.000000000000004
1761.5646834930017 30.000000000000004
1760.0734367227 30.000000000000004
1759.77518736864 30.000000000000004
1760.3716860767604 30.000000000000004
1759.77518736864 30.000000000000004
1759.47693801458 30.000000000000004
1758.8804393064597 30.000000000000004
1757.6874418902207 30.000000000000004
1757.090943182102 30.000000000000004
1756.7926938280423 30.000000000000004
1757.090943182102 30.000000000000004
1756.494444473983 30.000000000000004
1755.003197703687 30.000000000000004
1754.1084496415103 30.000000000000004
1753.2137015793342 30.000000000000004
1753.2137015793342 30.000000000000004
1752.6172028712172 30.000000000000004
1752.9154522252757 30.000000000000004
1756.1961951199237 30.000000000000004
1755.003197703687 30.000000000000004
1754.1084496415103 30.000000000000004
1752.9154522252757 30.000000000000004
1752.318953517159 30.000000000000004
1752.318953517159 30.000000000000004
1752.6172028712172 30.000000000000004
1753.2137015793342 30.000000000000004
1752.318953517159 30.000000000000004
1751.1259561009258 30.000000000000004
1750.231208038752 30.000000000000004
1749.9329586846939 30.000000000000004
1749.9329586846939 30.000000000000004
1750.231208038752 30.000000000000004
1750.5294573928097 30.000000000000004
1749.9329586846939 30.000000000000004
1751.7224548090423 30.000000000000004
1751.7224548090423 30.000000000000004
1750.8277067468678 30.000000000000004
1753.2137015793342 30.000000000000004
1753.5119509333929 30.000000000000004
1752.9154522252757 30.000000000000004
1755.003197703687 30.000000000000004
1754.406698995569 30.000000000000004
1752.9154522252757 30.000000000000004
1752.9154522252757 30.000000000000004
1752.0207041631004 30.000000000000004
1750.9768314238968 30.000000000000004
1749.4855846536072 30.000000000000004
1749.1873352995494 30.000000000000004
1749.4855846536072 30.000000000000004
1749.4855846536072 30.000000000000004
1748.5908365914343 30.000000000000004
1747.696088529262 30.000000000000004
1746.9504651441189 30.000000000000004
1746.9504651441189 30.000000000000004
1745.7574677278908 30.000000000000004
1744.8627196657203 30.000000000000004
1745.459218373834 30.000000000000004
1746.9504651441189 30.000000000000004
1746.6522157900617 30.000000000000004
1746.6522157900617 30.000000000000004
1746.3539664360046 30.000000000000004
1746.3539664360046 30.000000000000004
1746.6522157900617 30.000000000000004
1748.739961268463 30.000000000000004
1751.424205454984 30.000000000000004
1750.5294573928097 30.000000000000004
1749.9329586846939 30.000000000000004
1749.0382106225206 30.000000000000004
1750.8277067468678 30.000000000000004
1749.9329586846939 30.000000000000004
1749.9329586846939 30.000000000000004
1749.634709330636 30.000000000000004
1749.3364599765785 30.000000000000004
1748.4417119144055 30.000000000000004
1747.8452132062907 30.000000000000004
1747.8452132062907 30.000000000000004
1746.9504651441189 30.000000000000004
1745.7574677278908 30.000000000000004
1744.5644703116636 30.000000000000004
1744.8627196657203 30.000000000000004
1744.5644703116636 30.000000000000004
1743.3714728954376 30.000000000000004
1742.774974187325 30.000000000000004
1742.1784754792127 30.000000000000004
1742.1784754792127 30.000000000000004
1741.8802261251565 30.000000000000004
1740.687228708933 30.000000000000004
1741.2837274170447 30.000000000000004
1741.2837274170447 30.000000000000004
1741.2837274170447 30.000000000000004
1740.9854780629887 30.000000000000004
1740.388979354877 30.000000000000004
1740.0907300008214 30.000000000000004
1739.1959819386548 30.000000000000004
1739.1959819386548 30.000000000000004
1738.599483230544 30.000000000000004
1738.599483230544 30.000000000000004
1737.7047351683782 30.000000000000004
1738.3012338764886 30.000000000000004
1740.0907300008214 30.000000000000004
1740.687228708933 30.000000000000004
1740.9854780629887 30.000000000000004
1740.9854780629887 30.000000000000004
1742.1784754792127 30.000000000000004
1741.8802261251565 30.000000000000004
1741.8802261251565 30.000000000000004
1740.687228708933 30.000000000000004
1740.9854780629887 30.000000000000004
1740.687228708933 30.000000000000004
1740.9854780629887 30.000000000000004
1741.2837274170447 30.000000000000004
1740.9854780629887 30.000000000000004
1740.687228708933 30.000000000000004
1740.687228708933 30.000000000000004
1740.388979354877 30.000000000000004
1740.388979354877 30.000000000000004
1739.9416053237935 30.000000000000004
1740.2398546778493 30.000000000000004
1739.9416053237935 30.000000000000004
1740.388979354877 30.000000000000004
1739.49423129271 30.000000000000004
1739.49423129271 30.000000000000004
1738.8977325845992 30.000000000000004
1738.0029845224333 30.000000000000004
1736.6608624291855 30.000000000000004
1736.809987106213 30.000000000000004
1735.6169896899937 30.000000000000004
1734.8713663048572 30.000000000000004
1733.6783688886396 30.000000000000004
1733.2309948575582 30.000000000000004
1732.932745503504 30.000000000000004
1732.783620826477 30.000000000000004
1732.485371472423 30.000000000000004
1731.888872764315 30.000000000000004
1731.888872764315 30.000000000000004
1733.9766182426938 30.000000000000004
1733.9766182426938 30.000000000000004
1733.5292442116124 30.000000000000004
1733.2309948575582 30.000000000000004
1732.336246795396 30.000000000000004
1732.187122118369 30.000000000000004
1731.4414987332343 30.000000000000004
1730.9941247021534 30.000000000000004
1730.3976259940462 30.000000000000004
1730.3976259940462 30.000000000000004
1730.2485013170194 30.000000000000004
1730.2485013170194 30.000000000000004
1730.2485013170194 30.000000000000004
1729.6520026089124 30.000000000000004
1729.353753254859 30.000000000000004
1729.353753254859 30.000000000000004
1728.7572545467524 30.000000000000004
1728.7572545467524 30.000000000000004
1728.7572545467524 30.000000000000004
1728.4590051926991 30.000000000000004
1728.1607558386459 30.000000000000004
1728.0116311616193 30.000000000000004
1728.0116311616193 30.000000000000004
1727.4151324535133 30.000000000000004
1727.1168830994604 30.000000000000004
1726.8186337454076 30.000000000000004
1727.1168830994604 30.000000000000004
1727.1168830994604 30.000000000000004
1726.222135037302 30.000000000000004
1725.6256363291966 30.000000000000004
1725.327386975144 30.000000000000004
1725.327386975144 30.000000000000004
1725.0291376210914 30.000000000000004
1725.0291376210914 30.000000000000004
1725.327386975144 30.000000000000004
1725.327386975144 30.000000000000004
1726.222135037302 30.000000000000004
1726.222135037302 30.000000000000004
1725.6256363291966 30.000000000000004
1726.222135037302 30.000000000000004
1725.9238856832494 30.000000000000004
1725.6256363291966 30.000000000000004
1725.327386975144 30.000000000000004
1724.730888267039 30.000000000000004
1725.327386975144 30.000000000000004
1725.0291376210914 30.000000000000004
1724.730888267039 30.000000000000004
1724.730888267039 30.000000000000004
1723.836140204882 30.000000000000004
1723.5378908508299 30.000000000000004
1723.0905168197517 30.000000000000004
1722.7922674656995 30.000000000000004
1722.4940181116474 30.000000000000004
1722.7922674656995 30.000000000000004
1723.687015527856 30.000000000000004
1723.687015527856 30.000000000000004
1723.0905168197517 30.000000000000004
1723.0905168197517 30.000000000000004
1723.687015527856 30.000000000000004
1724.5817635900128 30.000000000000004
1724.5817635900128 30.000000000000004
1725.4765116521703 30.000000000000004
1726.0730103602755 30.000000000000004
1726.0730103602755 30.000000000000004
1725.4765116521703 30.000000000000004
1726.0730103602755 30.000000000000004
1725.774761006223 30.000000000000004
1725.774761006223 30.000000000000004
1725.1782622981177 30.000000000000004
1725.1782622981177 30.000000000000004
1725.1782622981177 30.000000000000004
1724.8800129440651 30.000000000000004
1725.1782622981177 30.000000000000004
1725.4765116521703 30.000000000000004
1725.774761006223 30.000000000000004
1725.6256363291966 30.000000000000004
1724.8800129440651 30.000000000000004
1724.1343895589343 30.000000000000004
1724.1343895589343 30.000000000000004
1724.4326389129867 30.000000000000004
1724.730888267039 30.000000000000004
1723.687015527856 30.000000000000004
1723.687015527856 30.000000000000004
1723.3887661738036 30.000000000000004
1722.7922674656995 30.000000000000004
1722.4940181116474 30.000000000000004
1722.7922674656995 30.000000000000004
1722.1957687575955 30.000000000000004
1721.1518960184142 30.000000000000004
1720.7045219873366 30.000000000000004
1721.7483947265177 30.000000000000004
1721.30102069544 30.000000000000004
1721.0027713413883 30.000000000000004
1720.2571479562594 30.000000000000004
1719.5115245711308 30.000000000000004
1718.7659011860023 30.000000000000004
1718.4676518319511 30.000000000000004
1718.0202778008745 30.000000000000004
1717.1255297387215 30.000000000000004
1716.52903103062 30.000000000000004
1715.4851582914425 30.000000000000004
1715.0377842603666 30.000000000000004
1714.590410229291 30.000000000000004
1714.590410229291 30.000000000000004
1714.2921608752404 30.000000000000004
1715.1869089373918 30.000000000000004
1714.590410229291 30.000000000000004
1714.4412855522658 30.000000000000004
1713.69566216714 30.000000000000004
1713.69566216714 30.000000000000004
1713.2482881360647 30.000000000000004
1712.3535400739145 30.000000000000004
1712.3535400739145 30.000000000000004
1711.01141798069 30.000000000000004
1710.7131686266403 30.000000000000004
1710.4149192725906 30.000000000000004
1708.9236725023434 30.000000000000004
1708.625423148294 30.000000000000004
1708.0289244401956 30.000000000000004
1708.7745478253187 30.000000000000004
1708.7745478253187 30.000000000000004
1708.17804911722 30.000000000000004
1707.879799763171 30.000000000000004
1707.879799763171 30.000000000000004
1707.879799763171 30.000000000000004
1707.879799763171 30.000000000000004
1707.581550409122 30.000000000000004
1707.879799763171 30.000000000000004
1707.4324257320975 30.000000000000004
1707.1341763780483 30.000000000000004
1707.1341763780483 30.000000000000004
1706.9850517010238 30.000000000000004
1706.9850517010238 30.000000000000004
1706.0903036388772 30.000000000000004
1707.581550409122 30.000000000000004
1706.686802346975 30.000000000000004
1706.3885529929262 30.000000000000004
1706.9850517010238 30.000000000000004
1706.686802346975 30.000000000000004
1705.7920542848285 30.000000000000004
1705.195555576731 30.000000000000004
1703.8534334835128 30.000000000000004
1703.5551841294646 30.000000000000004
1703.7043088064886 30.000000000000004
1703.7043088064886 30.000000000000004
1703.7043088064886 30.000000000000004
1703.107810098392 30.000000000000004
1702.2130620362477 30.000000000000004
1701.7656880051754 30.000000000000004
1701.6165633281514 30.000000000000004
1701.1691892970796 30.000000000000004
1700.8709399430318 30.000000000000004
1700.572690588984 30.000000000000004
1700.2744412349361 30.000000000000004
1699.8270672038645 30.000000000000004
1699.8270672038645 30.000000000000004
1699.528817849817 30.000000000000004
1698.335820433627 30.000000000000004
1697.7393217255324 30.000000000000004
1697.7393217255324 30.000000000000004
1697.4410723714852 30.000000000000004
1696.844573663391 30.000000000000004
1696.844573663391 30.000000000000004
1696.5463243093438 30.000000000000004
1695.9498256012498 30.000000000000004
1695.651576247203 30.000000000000004
1695.651576247203 30.000000000000004
1695.651576247203 30.000000000000004
1695.353326893156 30.000000000000004
1694.7568281850624 30.000000000000004
1694.4585788310155 30.000000000000004
1693.8620801229224 30.000000000000004
1693.8620801229224 30.000000000000004
1692.9673320607828 30.000000000000004
1692.3708333526902 30.000000000000004
1692.3708333526902 30.000000000000004
1692.0725839986437 30.000000000000004
1691.7743346445975 30.000000000000004
1691.7743346445975 30.000000000000004
1691.7743346445975 30.000000000000004
1691.3269606135282 30.000000000000004
1691.1778359365053 30.000000000000004
1690.581337228413 30.000000000000004
1690.581337228413 30.000000000000004
1690.879586582459 30.000000000000004
1690.581337228413 30.000000000000004
1689.8357138432982 30.000000000000004
1689.8357138432982 30.000000000000004
1689.8357138432982 30.000000000000004
1689.5374644892522 30.000000000000004
1689.2392151352065 30.000000000000004
1689.2392151352065 30.000000000000004
1688.3444670730694 30.000000000000004
1687.4497190109328 30.000000000000004
1686.853220302842 30.000000000000004
1686.256721594751 30.000000000000004
1685.6602228866607 30.000000000000004
1685.3619735326156 30.000000000000004
1685.0637241785705 30.000000000000004
1683.8707267623906 30.000000000000004
1683.8707267623906 30.000000000000004
1683.274228054301 30.000000000000004
1683.1251033772785 30.000000000000004
1682.9759787002563 30.000000000000004
1682.3794799921668 30.000000000000004
1681.7829812840776 30.000000000000004
1682.2303553151446 30.000000000000004
1681.6338566070553 30.000000000000004
1681.6338566070553 30.000000000000004
1681.0373578989665 30.000000000000004
1680.4408591908777 30.000000000000004
1679.546111128745 30.000000000000004
1678.8004877436347 30.000000000000004
1678.6513630666127 30.000000000000004
1678.6513630666127 30.000000000000004
1678.2039890355468 30.000000000000004
1678.6513630666127 30.000000000000004
1678.3531137125688 30.000000000000004
1677.458365650437 30.000000000000004
1677.3092409734152 30.000000000000004
1677.3092409734152 30.000000000000004
1676.5636175883058 30.000000000000004
1675.9671188802185 30.000000000000004
1676.265368234262 30.000000000000004
1676.8618669423495 30.000000000000004
1676.8618669423495 30.000000000000004
1676.8618669423495 30.000000000000004
1676.5636175883058 30.000000000000004
1676.265368234262 30.000000000000004
1675.3706201721313 30.000000000000004
1674.475872110001 30.000000000000004
1674.1776227559576 30.000000000000004
1673.5811240478713 30.000000000000004
1673.5811240478713 30.000000000000004
1672.6863759857417 30.000000000000004
1672.089877277656 30.000000000000004
1671.195129215527 30.000000000000004
1670.8968798614842 30.000000000000004
1670.747755184463 30.000000000000004
1670.44950583042 30.000000000000004
1670.44950583042 30.000000000000004
1670.002131799356 30.000000000000004
1669.4056330912708 30.000000000000004
1670.3003811533988 30.000000000000004
1670.002131799356 30.000000000000004
1669.7038824453134 30.000000000000004
1669.4056330912708 30.000000000000004
1668.8091343831857 30.000000000000004
1668.212635675101 30.000000000000004
1668.212635675101 30.000000000000004
1667.9143863210586 30.000000000000004
1667.9143863210586 30.000000000000004
1667.9143863210586 30.000000000000004
1668.0635109980797 30.000000000000004
1668.5108850291433 30.000000000000004
1668.212635675101 30.000000000000004
1667.9143863210586 30.000000000000004
1667.9143863210586 30.000000000000004
1667.1687629359528 30.000000000000004
1666.8705135819105 30.000000000000004
1666.5722642278686 30.000000000000004
1666.2740148738262 30.000000000000004
1666.1248901968054 30.000000000000004
1665.8266408427633 30.000000000000004
1665.5283914887214 30.000000000000004
1664.3353940725538 30.000000000000004
1664.6336434265954 30.000000000000004
1664.3353940725538 30.000000000000004
1664.1862693955327 30.000000000000004
1664.4845187495746 30.000000000000004
1664.3353940725538 30.000000000000004
1664.7827681036165 30.000000000000004
1664.4845187495746 30.000000000000004
1664.4845187495746 30.000000000000004
1664.4845187495746 30.000000000000004
1664.4845187495746 30.000000000000004
1664.1862693955327 30.000000000000004
1664.7827681036165 30.000000000000004
1664.0371447185119 30.000000000000004
1664.6336434265954 30.000000000000004
1663.7388953644702 30.000000000000004
1663.7388953644702 30.000000000000004
1664.1862693955327 30.000000000000004
1664.1862693955327 30.000000000000004
1664.4845187495746 30.000000000000004
1664.7827681036165 30.000000000000004
1664.4845187495746 30.000000000000004
1664.1862693955327 30.000000000000004
1663.888020041491 30.000000000000004
1663.5897706874493 30.000000000000004
1664.1862693955327 30.000000000000004
1664.1862693955327 30.000000000000004
1664.9318927806373 30.000000000000004
1664.9318927806373 30.000000000000004
1664.3353940725538 30.000000000000004
1664.1862693955327 30.000000000000004
1664.1862693955327 30.000000000000004
1663.7388953644702 30.000000000000004
1663.4406460104285 30.000000000000004
1663.5897706874493 30.000000000000004
1663.1423966563868 30.000000000000004
1663.1423966563868 30.000000000000004
1662.8441473023452 30.000000000000004
1662.8441473023452 30.000000000000004
1662.8441473023452 30.000000000000004
1662.5458979483037 30.000000000000004
1662.5458979483037 30.000000000000004
1662.2476485942623 30.000000000000004
1661.6511498861792 30.000000000000004
1661.6511498861792 30.000000000000004
1661.9493992402206 30.000000000000004
1661.9493992402206 30.000000000000004
1661.9493992402206 30.000000000000004
1661.352900532138 30.000000000000004
1661.9493992402206 30.000000000000004
1661.9493992402206 30.000000000000004
1661.0546511780965 30.000000000000004
1661.0546511780965 30.000000000000004
1661.0546511780965 30.000000000000004
1660.7564018240553 30.000000000000004
1660.7564018240553 30.000000000000004
1660.7564018240553 30.000000000000004
1660.7564018240553 30.000000000000004
1660.7564018240553 30.000000000000004
1661.0546511780965 30.000000000000004
1660.458152470014 30.000000000000004
1660.1599031159728 30.000000000000004
1659.2651550538494 30.000000000000004
1659.2651550538494 30.000000000000004
1659.2651550538494 30.000000000000004
1659.2651550538494 30.000000000000004
1659.5634044078904 30.000000000000004
1658.3704069917264 30.000000000000004
1658.0721576376855 30.000000000000004
1657.475658929604 30.000000000000004
1657.177409575563 30.000000000000004
1657.177409575563 30.000000000000004
1656.8791602215224 30.000000000000004
1656.8791602215224 30.000000000000004
1656.5809108674816 30.000000000000004
1656.2826615134409 30.000000000000004
1655.9844121594003 30.000000000000004
1655.6861628053598 30.000000000000004
1655.9844121594003 30.000000000000004
1655.6861628053598 30.000000000000004
1655.3879134513193 30.000000000000004
1655.0896640972787 30.000000000000004
1654.4931653891979 30.000000000000004
1654.4931653891979 30.000000000000004
1654.1949160351576 30.000000000000004
1654.1949160351576 30.000000000000004
1653.8966666811173 30.000000000000004
1653.0019186189966 30.000000000000004
1652.7036692649563 30.000000000000004
1652.4054199109162 30.000000000000004
1652.107170556876 30.000000000000004
1652.107170556876 30.000000000000004
1651.808921202836 30.000000000000004
1651.808921202836 30.000000000000004
1651.808921202836 30.000000000000004
1651.808921202836 30.000000000000004
1651.808921202836 30.000000000000004
1651.5106718487962 30.000000000000004
1651.212422494756 30.000000000000004
1651.212422494756 30.000000000000004
1651.212422494756 30.000000000000004
1650.9141731407162 30.000000000000004
1650.6159237866764 30.000000000000004
1650.9141731407162 30.000000000000004
1650.9141731407162 30.000000000000004
1650.9141731407162 30.000000000000004
1650.6159237866764 30.000000000000004
1650.3176744326365 30.000000000000004
1650.3176744326365 30.000000000000004
1650.019425078597 30.000000000000004
1650.019425078597 30.000000000000004
1650.3176744326365 30.000000000000004
1650.1685497556168 30.000000000000004
1649.870300401577 30.000000000000004
1649.5720510475371 30.000000000000004
1649.2738016934975 30.000000000000004
1649.2738016934975 30.000000000000004
1648.6773029854182 30.000000000000004
1649.2738016934975 30.000000000000004
1649.2738016934975 30.000000000000004
1648.9755523394579 30.000000000000004
1648.6773029854182 30.000000000000004
1648.6773029854182 30.000000000000004
1648.3790536313786 30.000000000000004
1648.0808042773392 30.000000000000004
1647.7825549232996 30.000000000000004
1647.7825549232996 30.000000000000004
1647.7825549232996 30.000000000000004
1647.1860562152208 30.000000000000004
1646.5895575071422 30.000000000000004
1646.5895575071422 30.000000000000004
1646.2913081531028 30.000000000000004
1645.9930587990636 30.000000000000004
1645.6948094450245 30.000000000000004
1645.6948094450245 30.000000000000004
1645.6948094450245 30.000000000000004
1646.2913081531028 30.000000000000004
1645.9930587990636 30.000000000000004
1645.9930587990636 30.000000000000004
1645.6948094450245 30.000000000000004
1645.6948094450245 30.000000000000004
1645.6948094450245 30.000000000000004
1645.3965600909853 30.000000000000004
1645.3965600909853 30.000000000000004
1644.501812028868 30.000000000000004
1644.3526873518485 30.000000000000004
1644.0544379978094 30.000000000000004
1643.1596899356928 30.000000000000004
1643.1596899356928 30.000000000000004
1642.2649418735764 30.000000000000004
1641.9666925195377 30.000000000000004
1641.0719444574215 30.000000000000004
1640.773695103383 30.000000000000004
1641.0719444574215 30.000000000000004
1640.773695103383 30.000000000000004
1640.177196395306 30.000000000000004
1639.580697687229 30.000000000000004
1639.8789470412676 30.000000000000004
1639.8789470412676 30.000000000000004
1639.8789470412676 30.000000000000004
1639.8789470412676 30.000000000000004
1639.8789470412676 30.000000000000004
1639.580697687229 30.000000000000004
1639.2824483331908 30.000000000000004
1638.685949625114 30.000000000000004
1638.3877002710758 30.000000000000004
1638.0894509170378 30.000000000000004
1637.7912015629995 30.000000000000004
1637.7912015629995 30.000000000000004
1636.8964535008852 30.000000000000004
1636.8964535008852 30.000000000000004
1636.299954792809 30.000000000000004
1636.001705438771 30.000000000000004
1635.4052067306952 30.000000000000004
1635.4052067306952 30.000000000000004
1635.1069573766574 30.000000000000004
1635.1069573766574 30.000000000000004
1634.8087080226196 30.000000000000004
1634.8087080226196 30.000000000000004
1634.8087080226196 30.000000000000004
1634.9578326996384 30.000000000000004
1634.6595833456006 30.000000000000004
1634.9578326996384 30.000000000000004
1634.9578326996384 30.000000000000004
1634.6595833456006 30.000000000000004
1634.9578326996384 30.000000000000004
1635.5543314077142 30.000000000000004
1635.4052067306952 30.000000000000004
1635.1069573766574 30.000000000000004
1634.212209314544 30.000000000000004
1633.9139599605064 30.000000000000004
1633.9139599605064 30.000000000000004
1633.317461252431 30.000000000000004
1633.317461252431 30.000000000000004
1632.4227131903183 30.000000000000004
1632.1244638362807 30.000000000000004
1631.8262144822434 30.000000000000004
1631.8262144822434 30.000000000000004
1631.8262144822434 30.000000000000004
1632.4227131903183 30.000000000000004
1632.1244638362807 30.000000000000004
1631.8262144822434 30.000000000000004
1631.5279651282058 30.000000000000004
1631.2297157741684 30.000000000000004
1630.931466420131 30.000000000000004
1630.633217066094 30.000000000000004
1630.633217066094 30.000000000000004
1630.0367183580192 30.000000000000004
1628.8437209418705 30.000000000000004
1628.8437209418705 30.000000000000004
1628.5454715878336 30.000000000000004
1627.6507235257225 30.000000000000004
1627.9489728797594 30.000000000000004
1627.3524741716856 30.000000000000004
1626.7559754636118 30.000000000000004
1626.4577261095749 30.000000000000004
1626.7559754636118 30.000000000000004
1625.8612274015013 30.000000000000004
1625.5629780474646 30.000000000000004
1624.9664793393913 30.000000000000004
1624.0717312772815 30.000000000000004
1623.4752325692084 30.000000000000004
1622.8787338611355 30.000000000000004
1622.2822351530629 30.000000000000004
1621.6857364449902 30.000000000000004
1621.0892377369175 30.000000000000004
1621.3874870909538 30.000000000000004
1620.4927390288453 30.000000000000004
1620.1944896748091 30.000000000000004
1620.1944896748091 30.000000000000004
1619.896240320773 30.000000000000004
1619.299741612701 30.000000000000004
1618.703242904629 30.000000000000004
1618.106744196557 30.000000000000004
1618.106744196557 30.000000000000004
1617.5102454884855 30.000000000000004
1617.2119961344495 30.000000000000004
1616.9137467804137 30.000000000000004
1616.0189987183066 30.000000000000004
1615.4225000102354 30.000000000000004
1615.4225000102354 30.000000000000004
1614.826001302164 30.000000000000004
1614.229502594093 30.000000000000004
1613.9312532400577 30.000000000000004
1613.6330038860222 30.000000000000004
1613.3347545319866 30.000000000000004
1613.3347545319866 30.000000000000004
1611.8435077618099 30.000000000000004
1611.5452584077748 30.000000000000004
1611.8435077618099 30.000000000000004
1611.5452584077748 30.000000000000004
1611.2470090537395 30.000000000000004
1610.650510345669 30.000000000000004
1609.7557622835639 30.000000000000004
1609.1592635754937 30.000000000000004
1608.5627648674238 30.000000000000004
1608.264515513389 30.000000000000004
1607.0715180972495 30.000000000000004
1606.7732687432147 30.000000000000004
1606.4750193891798 30.000000000000004
1607.0715180972495 30.000000000000004
1606.7732687432147 30.000000000000004
1606.1767700351452 30.000000000000004
1604.685523264972 30.000000000000004
1604.685523264972 30.000000000000004
1603.1942764947994 30.000000000000004
1602.896027140765 30.000000000000004
1602.001279078662 30.000000000000004
1601.106531016559 30.000000000000004
1600.2117829544566 30.000000000000004
1599.4661595693713 30.000000000000004
1598.8696608613031 30.000000000000004
1597.6766634451672 30.000000000000004
1597.6766634451672 30.000000000000004
1597.0801647370995 30.000000000000004
1596.7819153830656 30.000000000000004
1595.8871673209642 30.000000000000004
1595.2906686128968 30.000000000000004
1594.6941699048293 30.000000000000004
1594.9924192588628 30.000000000000004
1594.6941699048293 30.000000000000004
1594.3959205507956 30.000000000000004
1594.097671196762 30.000000000000004
1592.9046737806277 30.000000000000004
1592.0099257185273 30.000000000000004
1591.4134270104605 30.000000000000004
1590.8169283023938 30.000000000000004
1589.6239308862605 30.000000000000004
1589.3256815322272 30.000000000000004
1589.027432178194 30.000000000000004
1588.4309334701277 30.000000000000004
1588.1326841160947 30.000000000000004
1587.5361854080284 30.000000000000004
1587.0888113769788 30.000000000000004
1586.7905620229458 30.000000000000004
1585.5975646068139 30.000000000000004
1585.895813960847 30.000000000000004
1585.895813960847 30.000000000000004
1585.299315252781 30.000000000000004
1584.7028165447152 30.000000000000004
1584.1063178366496 30.000000000000004
1583.8080684826168 30.000000000000004
1582.9133204205184 30.000000000000004
1582.0185723584204 30.000000000000004
1582.0185723584204 30.000000000000004
1581.7203230043879 30.000000000000004
1581.1238242963225 30.000000000000004
1581.1238242963225 30.000000000000004
1580.82557494229 30.000000000000004
1580.229076234225 30.000000000000004
1579.6325775261598 30.000000000000004
1579.036078818095 30.000000000000004
1578.43958011003 30.000000000000004
1578.43958011003 30.000000000000004
1578.43958011003 30.000000000000004
1578.43958011003 30.000000000000004
1577.8430814019653 30.000000000000004
1577.8430814019653 30.000000000000004
1577.2465826939008 30.000000000000004
1577.2465826939008 30.000000000000004
1578.1413307559978 30.000000000000004
1576.650083985836 30.000000000000004
1576.0535852777716 30.000000000000004
1575.7553359237395 30.000000000000004
1575.4570865697071 30.000000000000004
1574.5623385076108 30.000000000000004
1574.5623385076108 30.000000000000004
1573.9658397995465 30.000000000000004
1573.9658397995465 30.000000000000004
1573.9658397995465 30.000000000000004
1573.9658397995465 30.000000000000004
1573.6675904455144 30.000000000000004
1573.3693410914823 30.000000000000004
1572.7728423834183 30.000000000000004
1572.7728423834183 30.000000000000004
1572.7728423834183 30.000000000000004
1572.4745930293864 30.000000000000004
1572.1763436753542 30.000000000000004
1572.1763436753542 30.000000000000004
1571.8780943213224 30.000000000000004
1571.5798449672905 30.000000000000004
1571.2815956132586 30.000000000000004
1571.2815956132586 30.000000000000004
1570.088598197131 30.000000000000004
1569.7903488430993 30.000000000000004
1569.1938501350355 30.000000000000004
1569.1938501350355 30.000000000000004
1568.5973514269722 30.000000000000004
1568.5973514269722 30.000000000000004
1568.5973514269722 30.000000000000004
1568.2991020729403 30.000000000000004
1568.5973514269722 30.000000000000004
1568.5973514269722 30.000000000000004
1568.0008527189086 30.000000000000004
1568.0008527189086 30.000000000000004
1568.0008527189086 30.000000000000004
1567.702603364877 30.000000000000004
1567.1061046568136 30.000000000000004
1566.5096059487503 30.000000000000004
1566.5096059487503 30.000000000000004
1566.5096059487503 30.000000000000004
1566.5096059487503 30.000000000000004
1565.9131072406872 30.000000000000004
1565.316608532624 30.000000000000004
1565.0183591785926 30.000000000000004
1565.0183591785926 30.000000000000004
1565.0183591785926 30.000000000000004
1564.720109824561 30.000000000000004
1564.4218604705295 30.000000000000004
1564.4218604705295 30.000000000000004
1564.123611116498 30.000000000000004
1564.4218604705295 30.000000000000004
1564.4218604705295 30.000000000000004
1564.4218604705295 30.000000000000004
1564.4218604705295 30.000000000000004
1564.123611116498 30.000000000000004
1563.8253617624666 30.000000000000004
1563.8253617624666 30.000000000000004
1563.8253617624666 30.000000000000004
1563.5271124084352 30.000000000000004
1563.5271124084352 30.000000000000004
1563.5271124084352 30.000000000000004
1564.123611116498 30.000000000000004
1564.123611116498 30.000000000000004
1564.123611116498 30.000000000000004
1563.8253617624666 30.000000000000004
1563.8253617624666 30.000000000000004
1563.8253617624666 30.000000000000004
1563.5271124084352 30.000000000000004
1563.5271124084352 30.000000000000004
1563.5271124084352 30.000000000000004
1563.5271124084352 30.000000000000004
1563.5271124084352 30.000000000000004
1563.5271124084352 30.000000000000004
1563.5271124084352 30.000000000000004
1563.5271124084352 30.000000000000004
1563.5271124084352 30.000000000000004
1563.5271124084352 30.000000000000004
1563.5271124084352 30.000000000000004
1563.5271124084352 30.000000000000004
1563.5271124084352 30.000000000000004
