jSOa
1470.7715633050861 30.000000000000004
1485.3857816525478 30.000000000000004
1333.2786110951106 30.000000000000004
1343.1208397784776 30.000000000000004
1362.5070477910388 30.000000000000004
1316.2783979146318 30.000000000000004
1342.2260917163553 30.000000000000004
1372.6475258283144 30.000000000000004
1330.5943669087292 30.000000000000004
1366.682538747569 30.000000000000004
1390.5424870704712 30.000000000000004
1367.8755361637193 30.000000000000004
1376.2265180767552 30.000000000000004
1386.9634948220487 30.000000000000004
1368.4720348717942 30.000000000000004
1386.3669961139778 30.000000000000004
1400.0864663995776 30.000000000000004
1380.998507741335 30.000000000000004
1392.331983194681 30.000000000000004
1377.1212661388645 30.000000000000004
1382.7880038655505 30.000000000000004
1388.4547415922252 30.000000000000004
1378.9107622630825 30.000000000000004
1378.6125129090462 30.000000000000004
1390.5424870704712 30.000000000000004
1381.296757095371 30.000000000000004
1387.5599935301195 30.000000000000004
1390.2442377164361 30.000000000000004
1377.419515492901 30.000000000000004
1385.4722480518715 30.000000000000004
1393.5249806108202 30.000000000000004
1382.1915051574788 30.000000000000004
1383.9810012816934 30.000000000000004
1389.647739008366 30.000000000000004
1383.0862532195863 30.000000000000004
1388.4547415922252 30.000000000000004
1392.9284819027505 30.000000000000004
1385.770497405907 30.000000000000004
1390.8407364245063 30.000000000000004
1394.717978026959 30.000000000000004
1384.8757493438004 30.000000000000004
1386.9634948220487 30.000000000000004
1391.1389857785412 30.000000000000004
1386.9634948220487 30.000000000000004
1392.0337338406462 30.000000000000004
1395.9109754430972 30.000000000000004
1393.2267312567853 30.000000000000004
1395.0162273809935 30.000000000000004
1400.3847157536118 30.000000000000004
1393.2267312567853 30.000000000000004
1399.191718337475 30.000000000000004
1401.875962523782 30.000000000000004
1408.7356976665562 30.000000000000004
1403.6654586479851 30.000000000000004
1411.1216924988225 30.000000000000004
1416.490180871416 30.000000000000004
1410.8234431447893 30.000000000000004
1414.998934101252 30.000000000000004
1417.0866795794816 30.000000000000004
1413.8059366851203 30.000000000000004
1414.700684747219 30.000000000000004
1417.683178287547 30.000000000000004
1415.2971834552848 30.000000000000004
1417.0866795794816 30.000000000000004
1418.577926349645 30.000000000000004
1415.8936821633504 30.000000000000004
1417.0866795794816 30.000000000000004
1418.8761757036775 30.000000000000004
1416.1919315173832 30.000000000000004
1417.0866795794816 30.000000000000004
1416.1919315173832 30.000000000000004
1415.8936821633504 30.000000000000004
1413.5076873310873 30.000000000000004
1411.7181912068888 30.000000000000004
1411.7181912068888 30.000000000000004
1409.332196374623 30.000000000000004
1408.1391989584895 30.000000000000004
1410.2269444367228 30.000000000000004
1407.5427002504225 30.000000000000004
1407.5427002504225 30.000000000000004
1407.244450896389 30.000000000000004
1407.840949604456 30.000000000000004
1404.5602067100865 30.000000000000004
1404.5602067100865 30.000000000000004
1408.1391989584895 30.000000000000004
1403.6654586479851 30.000000000000004
1406.3497028342886 30.000000000000004
1406.3497028342886 30.000000000000004
1401.875962523782 30.000000000000004
1403.0689599399175 30.000000000000004
1404.5602067100865 30.000000000000004
1406.647952188322 30.000000000000004
1401.875962523782 30.000000000000004
1402.4724612318498 30.000000000000004
1402.4724612318498 30.000000000000004
1398.5952196294065 30.000000000000004
1398.2969702753724 30.000000000000004
1401.577713169748 30.000000000000004
1400.3847157536118 30.000000000000004
1395.9109754430972 30.000000000000004
1399.4899676915093 30.000000000000004
1399.4899676915093 30.000000000000004
1395.6127260890626 30.000000000000004
1397.7004715673038 30.000000000000004
1398.893468983441 30.000000000000004
1396.8057235052006 30.000000000000004
1393.8232299648548 30.000000000000004
1393.8232299648548 30.000000000000004
1394.1214793188894 30.000000000000004
1391.735484486611 30.000000000000004
1390.5424870704712 30.000000000000004
1392.0337338406462 30.000000000000004
1392.331983194681 30.000000000000004
1389.647739008366 30.000000000000004
1389.647739008366 30.000000000000004
1389.945988362401 30.000000000000004
1393.8232299648548 30.000000000000004
1391.1389857785412 30.000000000000004
1391.1389857785412 30.000000000000004
1392.6302325487156 30.000000000000004
1390.5424870704712 30.000000000000004
1389.647739008366 30.000000000000004
1390.8407364245063 30.000000000000004
1393.5249806108202 30.000000000000004
1391.735484486611 30.000000000000004
1391.1389857785412 30.000000000000004
1392.9284819027505 30.000000000000004
1393.5249806108202 30.000000000000004
1391.4372351325762 30.000000000000004
1391.4372351325762 30.000000000000004
1388.4547415922252 30.000000000000004
1388.1564922381901 30.000000000000004
1385.4722480518715 30.000000000000004
1385.4722480518715 30.000000000000004
1389.0512403002958 30.000000000000004
1386.3669961139778 30.000000000000004
1386.6652454680134 30.000000000000004
1386.0687467599423 30.000000000000004
1385.4722480518715 30.000000000000004
1383.9810012816934 30.000000000000004
1383.0862532195863 30.000000000000004
1384.5774999897646 30.000000000000004
1386.6652454680134 30.000000000000004
1383.6827519276578 30.000000000000004
1384.5774999897646 30.000000000000004
1384.5774999897646 30.000000000000004
1383.384502573622 30.000000000000004
1381.296757095371 30.000000000000004
1382.4897545115145 30.000000000000004
1383.9810012816934 30.000000000000004
1385.770497405907 30.000000000000004
1383.0862532195863 30.000000000000004
1382.4897545115145 30.000000000000004
1381.893255803443 30.000000000000004
1382.7880038655505 30.000000000000004
1383.384502573622 30.000000000000004
1380.998507741335 30.000000000000004
1379.2090116171187 30.000000000000004
1378.3142635550098 30.000000000000004
1378.0160142009736 30.000000000000004
1377.1212661388645 30.000000000000004
1378.3142635550098 30.000000000000004
1378.3142635550098 30.000000000000004
1377.1212661388645 30.000000000000004
1375.630019368682 30.000000000000004
1377.419515492901 30.000000000000004
1379.2090116171187 30.000000000000004
1382.4897545115145 30.000000000000004
1380.998507741335 30.000000000000004
1381.296757095371 30.000000000000004
1382.1915051574788 30.000000000000004
1382.4897545115145 30.000000000000004
1382.4897545115145 30.000000000000004
1381.296757095371 30.000000000000004
1379.8055103251909 30.000000000000004
1380.103759679227 30.000000000000004
1382.1915051574788 30.000000000000004
1380.998507741335 30.000000000000004
1382.1915051574788 30.000000000000004
1384.5774999897646 30.000000000000004
1383.9810012816934 30.000000000000004
1385.4722480518715 30.000000000000004
1384.8757493438004 30.000000000000004
1384.5774999897646 30.000000000000004
1386.0687467599423 30.000000000000004
1387.2617441760842 30.000000000000004
1389.647739008366 30.000000000000004
1388.1564922381901 30.000000000000004
1390.2442377164361 30.000000000000004
1391.4372351325762 30.000000000000004
1389.647739008366 30.000000000000004
1391.1389857785412 30.000000000000004
1390.8407364245063 30.000000000000004
1391.735484486611 30.000000000000004
1394.1214793188894 30.000000000000004
1395.6127260890626 30.000000000000004
1394.1214793188894 30.000000000000004
1395.0162273809935 30.000000000000004
1395.9109754430972 30.000000000000004
1397.7004715673038 30.000000000000004
1397.998720921338 30.000000000000004
1400.9812144616799 30.000000000000004
1400.3847157536118 30.000000000000004
1400.6829651076457 30.000000000000004
1400.3847157536118 30.000000000000004
1402.7707105858835 30.000000000000004
1403.963708002019 30.000000000000004
1402.7707105858835 30.000000000000004
1402.7707105858835 30.000000000000004
1404.8584560641202 30.000000000000004
1406.0514534802548 30.000000000000004
1408.7356976665562 30.000000000000004
1406.3497028342886 30.000000000000004
1407.244450896389 30.000000000000004
1407.244450896389 30.000000000000004
1411.1216924988225 30.000000000000004
1412.0164405609219 30.000000000000004
1410.2269444367228 30.000000000000004
1411.4199418528558 30.000000000000004
1412.0164405609219 30.000000000000004
1413.5076873310873 30.000000000000004
1415.8936821633504 30.000000000000004
1416.1919315173832 30.000000000000004
1414.4024353931861 30.000000000000004
1417.683178287547 30.000000000000004
1419.17442505771 30.000000000000004
1419.770923765775 30.000000000000004
1420.0691731198076 30.000000000000004
1420.6656718278725 30.000000000000004
1420.3674224738402 30.000000000000004
1421.2621705359375 30.000000000000004
1420.3674224738402 30.000000000000004
1422.1569185980347 30.000000000000004
1424.841162784325 30.000000000000004
1426.0341602004535 30.000000000000004
1424.5429134302929 30.000000000000004
1426.6306589085177 30.000000000000004
1427.8236563246458 30.000000000000004
1427.5254069706136 30.000000000000004
1429.3149030948052 30.000000000000004
1429.3149030948052 30.000000000000004
1431.4026485730278 30.000000000000004
1430.2096511569007 30.000000000000004
1432.5956459891547 30.000000000000004
1434.9816408214074 30.000000000000004
1437.3676356536591 30.000000000000004
1437.6658850076906 30.000000000000004
1441.2448772560658 30.000000000000004
1440.6483785480034 30.000000000000004
1440.051879839941 30.000000000000004
1441.5431266100968 30.000000000000004
1443.6308720883146 30.000000000000004
1445.4203682125005 30.000000000000004
1448.1046123987785 30.000000000000004
1448.999360460871 30.000000000000004
1448.70111110684 30.000000000000004
1449.2976098149018 30.000000000000004
1451.3853552931166 30.000000000000004
1450.4906072310246 30.000000000000004
1452.8766020632697 30.000000000000004
1454.6660981874531 30.000000000000004
1457.9468410817883 30.000000000000004
1459.1398384979098 30.000000000000004
1458.5433397898491 30.000000000000004
1460.034586560001 30.000000000000004
1461.227583976122 30.000000000000004
1461.5258333301524 30.000000000000004
1461.8240826841827 30.000000000000004
1463.613578808364 30.000000000000004
1465.104825578515 30.000000000000004
1466.8943217026956 30.000000000000004
1466.2978229946355 30.000000000000004
1467.1925710567257 30.000000000000004
1466.8943217026956 30.000000000000004
1467.7890697647858 30.000000000000004
1469.578565888966 30.000000000000004
1472.2628100752358 30.000000000000004
1473.1575581373259 30.000000000000004
1473.1575581373259 30.000000000000004
1473.1575581373259 30.000000000000004
1474.9470542615052 30.000000000000004
1475.2453036155352 30.000000000000004
1476.4383010316546 30.000000000000004
1477.929547801804 30.000000000000004
1479.420794571953 30.000000000000004
1479.7190439259828 30.000000000000004
1481.2102906961316 30.000000000000004
1482.9997868203102 30.000000000000004
1484.4910335904588 30.000000000000004
1484.4910335904588 30.000000000000004
1485.3857816525478 30.000000000000004
1487.4735271307557 30.000000000000004
1487.7717764847853 30.000000000000004
1487.7717764847853 30.000000000000004
1487.7717764847853 30.000000000000004
1489.8595219629929 30.000000000000004
1489.5612726089632 30.000000000000004
1489.8595219629929 30.000000000000004
1489.8595219629929 30.000000000000004
1488.964773900904 30.000000000000004
1488.3682751928447 30.000000000000004
1490.4560206710523 30.000000000000004
1490.754270025082 30.000000000000004
1491.3507687331412 30.000000000000004
1492.24551679523 30.000000000000004
1493.4385142113485 30.000000000000004
1493.4385142113485 30.000000000000004
1494.0350129194078 30.000000000000004
1496.1227583976151 30.000000000000004
1497.3157558137336 30.000000000000004
1497.3157558137336 30.000000000000004
1498.508753229852 30.000000000000004
1498.8070025838815 30.000000000000004
1497.9122545217929 30.000000000000004
1497.9122545217929 30.000000000000004
1498.508753229852 30.000000000000004
1497.9122545217929 30.000000000000004
1497.9122545217929 30.000000000000004
1497.3157558137336 30.000000000000004
1498.8070025838815 30.000000000000004
1500.0 30.000000000000004
1502.0877454782071 30.000000000000004
1502.0877454782071 30.000000000000004
1504.7719896644737 30.000000000000004
1505.0702390185033 30.000000000000004
1506.5614857886515 30.000000000000004
1509.245729974918 30.000000000000004
1510.1404780370071 30.000000000000004
1509.5439793289477 30.000000000000004
1511.035226099096 30.000000000000004
1513.1229715773038 30.000000000000004
1514.6142183474522 30.000000000000004
1513.719470285363 30.000000000000004
1513.1229715773038 30.000000000000004
1513.1229715773038 30.000000000000004
1513.719470285363 30.000000000000004
1513.719470285363 30.000000000000004
1514.6142183474522 30.000000000000004
1516.4037144716303 30.000000000000004
1516.1054651176007 30.000000000000004
1517.2984625337197 30.000000000000004
1518.4914599498386 30.000000000000004
1519.386208011928 30.000000000000004
1521.1757041361068 30.000000000000004
1523.2634496143155 30.000000000000004
1524.158197676405 30.000000000000004
1524.456447030435 30.000000000000004
1525.3511950925247 30.000000000000004
1525.6494444465545 30.000000000000004
1526.8424418626741 30.000000000000004
1525.6494444465545 30.000000000000004
1525.6494444465545 30.000000000000004
1525.6494444465545 30.000000000000004
1526.8424418626741 30.000000000000004
1528.035439278794 30.000000000000004
1528.631937986854 30.000000000000004
1528.333688632824 30.000000000000004
1528.631937986854 30.000000000000004
1529.526686048944 30.000000000000004
1530.421434111034 30.000000000000004
1532.2109302352142 30.000000000000004
1534.0004263593946 30.000000000000004
1534.895174421485 30.000000000000004
1534.298675713425 30.000000000000004
1534.895174421485 30.000000000000004
1534.596925067455 30.000000000000004
1535.4916731295455 30.000000000000004
1535.1934237755154 30.000000000000004
1535.4916731295455 30.000000000000004
1538.4741666698476 30.000000000000004
1538.1759173158173 30.000000000000004
1537.2811692537266 30.000000000000004
1538.772416023878 30.000000000000004
1538.4741666698476 30.000000000000004
1539.0706653779082 30.000000000000004
1539.965413439999 30.000000000000004
1540.8601615020902 30.000000000000004
1541.1584108561206 30.000000000000004
1542.9479069803028 30.000000000000004
1542.351408272242 30.000000000000004
1543.2461563343334 30.000000000000004
1542.6496576262725 30.000000000000004
1542.6496576262725 30.000000000000004
1543.8426550423942 30.000000000000004
1544.7374031044858 30.000000000000004
1544.1409043964247 30.000000000000004
1544.7374031044858 30.000000000000004
1544.4391537504553 30.000000000000004
1543.8426550423942 30.000000000000004
1544.7374031044858 30.000000000000004
1544.7374031044858 30.000000000000004
1545.6321511665774 30.000000000000004
1546.526899228669 30.000000000000004
1546.526899228669 30.000000000000004
1545.930400520608 30.000000000000004
1545.930400520608 30.000000000000004
1546.2286498746384 30.000000000000004
1546.526899228669 30.000000000000004
1546.2286498746384 30.000000000000004
1547.4216472907608 30.000000000000004
1547.7198966447913 30.000000000000004
1548.018145998822 30.000000000000004
1548.6146447068834 30.000000000000004
1548.912894060914 30.000000000000004
1548.912894060914 30.000000000000004
1548.018145998822 30.000000000000004
1548.3163953528526 30.000000000000004
1549.8076421230062 30.000000000000004
1549.8076421230062 30.000000000000004
1550.4041408310675 30.000000000000004
1551.8953876012215 30.000000000000004
1552.1936369552523 30.000000000000004
1551.29888889316 30.000000000000004
1552.4918863092832 30.000000000000004
1553.088385017345 30.000000000000004
1554.8778811415305 30.000000000000004
1556.3691279116854 30.000000000000004
1555.7726292036234 30.000000000000004
1555.1761304955614 30.000000000000004
1553.9831330794375 30.000000000000004
1554.5796317874995 30.000000000000004
1556.9656266197476 30.000000000000004
1557.8603746818408 30.000000000000004
1558.7551227439342 30.000000000000004
1559.0533720979654 30.000000000000004
1559.948120160059 30.000000000000004
1561.1411175761841 30.000000000000004
1561.1411175761841 30.000000000000004
1561.4393669302156 30.000000000000004
1561.4393669302156 30.000000000000004
1561.4393669302156 30.000000000000004
1561.7376162842468 30.000000000000004
1560.842868222153 30.000000000000004
1561.1411175761841 30.000000000000004
1560.842868222153 30.000000000000004
1561.4393669302156 30.000000000000004
1561.4393669302156 30.000000000000004
1561.4393669302156 30.000000000000004
1561.7376162842468 30.000000000000004
1561.1411175761841 30.000000000000004
1561.4393669302156 30.000000000000004
1562.0358656382782 30.000000000000004
1562.3341149923094 30.000000000000004
1561.7376162842468 30.000000000000004
1562.3341149923094 30.000000000000004
1562.3341149923094 30.000000000000004
1562.0358656382782 30.000000000000004
1563.2288630544037 30.000000000000004
1563.5271124084352 30.000000000000004
1563.5271124084352 30.000000000000004
1565.0183591785926 30.000000000000004
1564.4218604705295 30.000000000000004
1564.4218604705295 30.000000000000004
1565.0183591785926 30.000000000000004
1565.6148578866555 30.000000000000004
1566.807855302782 30.000000000000004
1568.0008527189086 30.000000000000004
1567.702603364877 30.000000000000004
1567.702603364877 30.000000000000004
1568.8956007810038 30.000000000000004
1568.8956007810038 30.000000000000004
1569.4920994890674 30.000000000000004
1568.0008527189086 30.000000000000004
1568.2991020729403 30.000000000000004
1569.7903488430993 30.000000000000004
1570.088598197131 30.000000000000004
1570.9833462592267 30.000000000000004
1570.9833462592267 30.000000000000004
1570.9833462592267 30.000000000000004
1572.4745930293864 30.000000000000004
1571.5798449672905 30.000000000000004
1571.5798449672905 30.000000000000004
1573.0710917374504 30.000000000000004
1573.9658397995465 30.000000000000004
1574.860587861643 30.000000000000004
1574.860587861643 30.000000000000004
1574.5623385076108 30.000000000000004
1574.5623385076108 30.000000000000004
1575.158837215675 30.000000000000004
1576.650083985836 30.000000000000004
1576.9483333398684 30.000000000000004
1577.0974580168845 30.000000000000004
1577.0974580168845 30.000000000000004
1579.9308268801924 30.000000000000004
1581.2729489733388 30.000000000000004
1581.5711983273713 30.000000000000004
1582.4659463894693 30.000000000000004
1585.4484399297974 30.000000000000004
1584.255442513666 30.000000000000004
1584.255442513666 30.000000000000004
1585.1501905757646 30.000000000000004
1586.9396866999623 30.000000000000004
1586.9396866999623 30.000000000000004
1587.5361854080284 30.000000000000004
1588.1326841160947 30.000000000000004
1589.027432178194 30.000000000000004
1588.729182824161 30.000000000000004
1589.027432178194 30.000000000000004
1588.729182824161 30.000000000000004
1589.6239308862605 30.000000000000004
1589.027432178194 30.000000000000004
1590.220429594327 30.000000000000004
1590.8169283023938 30.000000000000004
1590.8169283023938 30.000000000000004
1591.115177656427 30.000000000000004
1591.7116763644938 30.000000000000004
1593.2029231346612 30.000000000000004
1593.2029231346612 30.000000000000004
1593.7994218427284 30.000000000000004
1594.097671196762 30.000000000000004
1592.6064244265942 30.000000000000004
1592.6064244265942 30.000000000000004
1593.5011724886947 30.000000000000004
1594.6941699048293 30.000000000000004
1597.8257881221841 30.000000000000004
1597.6766634451672 30.000000000000004
1599.6152842463882 30.000000000000004
1598.8696608613031 30.000000000000004
1597.974912799201 30.000000000000004
1598.422286830252 30.000000000000004
1598.5714115072692 30.000000000000004
1598.8696608613031 30.000000000000004
1599.7644089234054 30.000000000000004
1600.3609076314735 30.000000000000004
1600.957406339542 30.000000000000004
1602.2995284326962 30.000000000000004
1602.1504037556792 30.000000000000004
1602.896027140765 30.000000000000004
1604.5363985879546 30.000000000000004
1605.4311466500585 30.000000000000004
1605.4311466500585 30.000000000000004
1606.7732687432147 30.000000000000004
1606.922393420232 30.000000000000004
1609.0101388984763 30.000000000000004
1610.2031363146164 30.000000000000004
1611.9926324388275 30.000000000000004
1613.0365051779513 30.000000000000004
1613.7821285630398 30.000000000000004
1615.2733753332175 30.000000000000004
1615.8698740412888 30.000000000000004
1615.571624687253 30.000000000000004
1615.571624687253 30.000000000000004
1616.7646221033958 30.000000000000004
1618.106744196557 30.000000000000004
1620.045364997791 30.000000000000004
1621.6857364449902 30.000000000000004
1622.431359830081 30.000000000000004
1623.0278585381539 30.000000000000004
1624.5191053083363 30.000000000000004
1626.4577261095749 30.000000000000004
1627.3524741716856 30.000000000000004
1628.694596264852 30.000000000000004
1628.992845618889 30.000000000000004
1631.3788404511872 30.000000000000004
1632.8700872213747 30.000000000000004
1632.571837867337 30.000000000000004
1634.3613339915628 30.000000000000004
1634.5104586685818 30.000000000000004
1635.852580761752 30.000000000000004
1636.4490794698281 30.000000000000004
1637.1947028549232 30.000000000000004
1638.2385755940568 30.000000000000004
1640.773695103383 30.000000000000004
1642.2649418735764 30.000000000000004
1644.2035626748288 30.000000000000004
1648.5281783083985 30.000000000000004
1650.1685497556168 30.000000000000004
1651.9580458798562 30.000000000000004
1651.5106718487962 30.000000000000004
1652.7036692649563 30.000000000000004
1653.3001679730367 30.000000000000004
1654.4931653891979 30.000000000000004
1653.747542004097 30.000000000000004
1654.9405394202586 30.000000000000004
1655.83528748238 30.000000000000004
1655.0896640972787 30.000000000000004
1655.0896640972787 30.000000000000004
1656.8791602215224 30.000000000000004
1657.6247836066243 30.000000000000004
1658.5195316687468 30.000000000000004
1659.2651550538494 30.000000000000004
1660.1599031159728 30.000000000000004
1661.9493992402206 30.000000000000004
1662.2476485942623 30.000000000000004
1662.8441473023452 30.000000000000004
1663.5897706874493 30.000000000000004
1664.4845187495746 30.000000000000004
1666.2740148738262 30.000000000000004
1667.6161369670162 30.000000000000004
1667.9143863210586 30.000000000000004
1668.0635109980797 30.000000000000004
1668.361760352122 30.000000000000004
1670.1512564763773 30.000000000000004
1671.4933785695698 30.000000000000004
1673.1337500168065 30.000000000000004
1673.282874693828 30.000000000000004
1673.8793734019146 30.000000000000004
1674.3267474329793 30.000000000000004
1675.8179942031966 30.000000000000004
1677.3092409734152 30.000000000000004
1678.2039890355468 30.000000000000004
1678.6513630666127 30.000000000000004
1677.7566150044809 30.000000000000004
1676.5636175883058 30.000000000000004
1677.7566150044809 30.000000000000004
1677.7566150044809 30.000000000000004
1677.9057396815028 30.000000000000004
1677.7566150044809 30.000000000000004
1677.3092409734152 30.000000000000004
1678.5022383895907 30.000000000000004
1679.695235805767 30.000000000000004
1681.0373578989665 30.000000000000004
1681.9321059610998 30.000000000000004
1682.0812306381222 30.000000000000004
1682.9759787002563 30.000000000000004
1682.6777293462114 30.000000000000004
1682.528604669189 30.000000000000004
1683.1251033772785 30.000000000000004
1684.616350147503 30.000000000000004
1684.019851439413 30.000000000000004
1684.616350147503 30.000000000000004
1685.5110982096382 30.000000000000004
1686.1075969177286 30.000000000000004
1686.7040956258193 30.000000000000004
1686.405846271774 30.000000000000004
1686.405846271774 30.000000000000004
1687.1514696568872 30.000000000000004
1687.3005943339099 30.000000000000004
1687.5988436879554 30.000000000000004
1688.9409657811607 30.000000000000004
1691.0287112594822 30.000000000000004
1692.5199580297133 30.000000000000004
1693.116456737806 30.000000000000004
1694.7568281850624 30.000000000000004
1697.4410723714852 30.000000000000004
1698.0375710795797 30.000000000000004
1698.1866957566033 30.000000000000004
1698.335820433627 30.000000000000004
1699.9761918808886 30.000000000000004
1699.528817849817 30.000000000000004
1699.2305684957696 30.000000000000004
1698.932319141722 30.000000000000004
1699.2305684957696 30.000000000000004
1699.528817849817 30.000000000000004
1698.6340697876744 30.000000000000004
1699.2305684957696 30.000000000000004
1699.528817849817 30.000000000000004
1701.9148126821995 30.000000000000004
1701.6165633281514 30.000000000000004
1701.6165633281514 30.000000000000004
1701.6165633281514 30.000000000000004
1701.6165633281514 30.000000000000004
1701.6165633281514 30.000000000000004
1702.5113113902958 30.000000000000004
1702.8095607443438 30.000000000000004
1701.9148126821995 30.000000000000004
1701.3183139741036 30.000000000000004
1701.0200646200556 30.000000000000004
1701.0200646200556 30.000000000000004
1702.2130620362477 30.000000000000004
1702.2130620362477 30.000000000000004
1702.2130620362477 30.000000000000004
1702.2130620362477 30.000000000000004
1701.9148126821995 30.000000000000004
1701.3183139741036 30.000000000000004
1702.5113113902958 30.000000000000004
1704.002558160537 30.000000000000004
1705.4938049307798 30.000000000000004
1705.7920542848285 30.000000000000004
1705.4938049307798 30.000000000000004
1705.4938049307798 30.000000000000004
1705.195555576731 30.000000000000004
1704.8973062226826 30.000000000000004
1705.195555576731 30.000000000000004
1705.195555576731 30.000000000000004
1704.8973062226826 30.000000000000004
1705.3446802537555 30.000000000000004
1706.0903036388772 30.000000000000004
1706.3885529929262 30.000000000000004
1706.0903036388772 30.000000000000004
1707.2833010550728 30.000000000000004
1707.2833010550728 30.000000000000004
1707.2833010550728 30.000000000000004
1707.581550409122 30.000000000000004
1706.8359270239994 30.000000000000004
1706.8359270239994 30.000000000000004
1706.686802346975 30.000000000000004
1706.686802346975 30.000000000000004
1705.7920542848285 30.000000000000004
1706.0903036388772 30.000000000000004
1705.4938049307798 30.000000000000004
1705.7920542848285 30.000000000000004
1707.581550409122 30.000000000000004
1706.9850517010238 30.000000000000004
1707.879799763171 30.000000000000004
1708.7745478253187 30.000000000000004
1710.265794595566 30.000000000000004
1711.6079166887896 30.000000000000004
1712.5026647509394 30.000000000000004
1712.2044153968893 30.000000000000004
1712.3535400739145 30.000000000000004
1712.8009141049895 30.000000000000004
1713.69566216714 30.000000000000004
1714.2921608752404 30.000000000000004
1713.3974128130897 30.000000000000004
1715.1869089373918 30.000000000000004
1714.8886595833415 30.000000000000004
1714.2921608752404 30.000000000000004
1715.9325323225185 30.000000000000004
1715.9325323225185 30.000000000000004
1715.3360336144171 30.000000000000004
1715.4851582914425 30.000000000000004
1716.0816569995436 30.000000000000004
1716.3799063535944 30.000000000000004
1716.0816569995436 30.000000000000004
1714.8886595833415 30.000000000000004
1715.783407645493 30.000000000000004
1715.1869089373918 30.000000000000004
1714.8886595833415 30.000000000000004
1716.3799063535944 30.000000000000004
1716.6781557076451 30.000000000000004
1716.6781557076451 30.000000000000004
1716.3799063535944 30.000000000000004
1716.9764050616961 30.000000000000004
1718.4676518319511 30.000000000000004
1717.8711531238491 30.000000000000004
1717.274654415747 30.000000000000004
1717.7220284468235 30.000000000000004
1718.1694024779001 30.000000000000004
1718.4676518319511 30.000000000000004
1718.4676518319511 30.000000000000004
1718.6167765089767 30.000000000000004
1718.4676518319511 30.000000000000004
1717.8711531238491 30.000000000000004
1718.1694024779001 30.000000000000004
1718.4676518319511 30.000000000000004
1716.8272803846705 30.000000000000004
1715.783407645493 30.000000000000004
1715.3360336144171 30.000000000000004
1715.9325323225185 30.000000000000004
1715.6342829684677 30.000000000000004
1715.1869089373918 30.000000000000004
1715.3360336144171 30.000000000000004
1715.0377842603666 30.000000000000004
1715.783407645493 30.000000000000004
1715.9325323225185 30.000000000000004
1714.739534906316 30.000000000000004
1715.0377842603666 30.000000000000004
1715.3360336144171 30.000000000000004
1714.739534906316 30.000000000000004
1714.590410229291 30.000000000000004
1714.739534906316 30.000000000000004
1713.844786844165 30.000000000000004
1714.4412855522658 30.000000000000004
1715.0377842603666 30.000000000000004
1715.0377842603666 30.000000000000004
1714.4412855522658 30.000000000000004
1713.844786844165 30.000000000000004
1714.739534906316 30.000000000000004
1714.739534906316 30.000000000000004
1713.5465374901148 30.000000000000004
1713.2482881360647 30.000000000000004
1712.6517894279646 30.000000000000004
1712.9500387820144 30.000000000000004
1712.6517894279646 30.000000000000004
1714.1430361982152 30.000000000000004
1715.3360336144171 30.000000000000004
1714.739534906316 30.000000000000004
1714.2921608752404 30.000000000000004
1714.2921608752404 30.000000000000004
1714.8886595833415 30.000000000000004
1714.8886595833415 30.000000000000004
1714.2921608752404 30.000000000000004
1714.2921608752404 30.000000000000004
1714.2921608752404 30.000000000000004
1714.590410229291 30.000000000000004
1715.4851582914425 30.000000000000004
1714.8886595833415 30.000000000000004
1714.2921608752404 30.000000000000004
1714.2921608752404 30.000000000000004
1713.99391152119 30.000000000000004
1713.99391152119 30.000000000000004
1713.0991634590396 30.000000000000004
1712.5026647509394 30.000000000000004
1711.3096673347397 30.000000000000004
1711.6079166887896 30.000000000000004
1711.4587920117647 30.000000000000004
1712.0552907198644 30.000000000000004
1712.0552907198644 30.000000000000004
1713.844786844165 30.000000000000004
1713.2482881360647 30.000000000000004
1713.5465374901148 30.000000000000004
1713.5465374901148 30.000000000000004
1714.4412855522658 30.000000000000004
1713.844786844165 30.000000000000004
1714.1430361982152 30.000000000000004
1714.739534906316 30.000000000000004
1713.844786844165 30.000000000000004
1714.590410229291 30.000000000000004
1714.8886595833415 30.000000000000004
1714.2921608752404 30.000000000000004
1713.69566216714 30.000000000000004
1712.8009141049895 30.000000000000004
1712.2044153968893 30.000000000000004
1712.8009141049895 30.000000000000004
1713.3974128130897 30.000000000000004
1713.0991634590396 30.000000000000004
1714.2921608752404 30.000000000000004
1713.99391152119 30.000000000000004
1713.99391152119 30.000000000000004
1714.8886595833415 30.000000000000004
1714.8886595833415 30.000000000000004
1715.4851582914425 30.000000000000004
1714.590410229291 30.000000000000004
1714.8886595833415 30.000000000000004
1716.0816569995436 30.000000000000004
1717.274654415747 30.000000000000004
1717.274654415747 30.000000000000004
1716.6781557076451 30.000000000000004
1718.1694024779001 30.000000000000004
1718.7659011860023 30.000000000000004
1718.7659011860023 30.000000000000004
1719.362399894105 30.000000000000004
1719.362399894105 30.000000000000004
1718.7659011860023 30.000000000000004
1719.9588986022077 30.000000000000004
1721.1518960184142 30.000000000000004
1720.8536466643625 30.000000000000004
1720.5553973103108 30.000000000000004
1721.1518960184142 30.000000000000004
1722.0466440805696 30.000000000000004
1723.5378908508299 30.000000000000004
1723.836140204882 30.000000000000004
1724.4326389129867 30.000000000000004
1725.0291376210914 30.000000000000004
1724.730888267039 30.000000000000004
1725.9238856832494 30.000000000000004
1726.5203843913548 30.000000000000004
1727.7133818075663 30.000000000000004
1727.7133818075663 30.000000000000004
1727.4151324535133 30.000000000000004
1726.222135037302 30.000000000000004
1726.222135037302 30.000000000000004
1726.222135037302 30.000000000000004
1725.6256363291966 30.000000000000004
1725.327386975144 30.000000000000004
1727.1168830994604 30.000000000000004
1727.4151324535133 30.000000000000004
1727.7133818075663 30.000000000000004
1727.1168830994604 30.000000000000004
1726.8186337454076 30.000000000000004
1726.8186337454076 30.000000000000004
1728.0116311616193 30.000000000000004
1727.7133818075663 30.000000000000004
1727.4151324535133 30.000000000000004
1727.1168830994604 30.000000000000004
1726.222135037302 30.000000000000004
1726.222135037302 30.000000000000004
1725.4765116521703 30.000000000000004
1724.8800129440651 30.000000000000004
1724.8800129440651 30.000000000000004
1725.1782622981177 30.000000000000004
1725.1782622981177 30.000000000000004
1725.4765116521703 30.000000000000004
1725.774761006223 30.000000000000004
1726.0730103602755 30.000000000000004
1724.5817635900128 30.000000000000004
1725.1782622981177 30.000000000000004
1724.8800129440651 30.000000000000004
1723.836140204882 30.000000000000004
1724.730888267039 30.000000000000004
1723.836140204882 30.000000000000004
1724.4326389129867 30.000000000000004
1725.0291376210914 30.000000000000004
1725.6256363291966 30.000000000000004
1725.327386975144 30.000000000000004
1724.730888267039 30.000000000000004
1725.0291376210914 30.000000000000004
1725.0291376210914 30.000000000000004
1725.0291376210914 30.000000000000004
1725.6256363291966 30.000000000000004
1726.5203843913548 30.000000000000004
1726.5203843913548 30.000000000000004
1726.8186337454076 30.000000000000004
1726.222135037302 30.000000000000004
1726.222135037302 30.000000000000004
1726.222135037302 30.000000000000004
1727.1168830994604 30.000000000000004
1727.4151324535133 30.000000000000004
1728.6081298697256 30.000000000000004
1728.3098805156726 30.000000000000004
1728.906379223779 30.000000000000004
1729.2046285778324 30.000000000000004
1729.5028779318857 30.000000000000004
1731.2923740562073 30.000000000000004
1731.739748087288 30.000000000000004
1730.8450000251266 30.000000000000004
1730.8450000251266 30.000000000000004
1731.1432493791804 30.000000000000004
1731.739748087288 30.000000000000004
1732.336246795396 30.000000000000004
1733.2309948575582 30.000000000000004
1733.2309948575582 30.000000000000004
1734.4239922737754 30.000000000000004
1733.8274935656668 30.000000000000004
1733.5292442116124 30.000000000000004
1733.8274935656668 30.000000000000004
1732.932745503504 30.000000000000004
1733.8274935656668 30.000000000000004
1735.318740335939 30.000000000000004
1735.9152390440483 30.000000000000004
1736.809987106213 30.000000000000004
1736.511737752158 30.000000000000004
1736.511737752158 30.000000000000004
1736.511737752158 30.000000000000004
1737.406485814323 30.000000000000004
1737.108236460268 30.000000000000004
1739.49423129271 30.000000000000004
1738.8977325845992 30.000000000000004
1739.1959819386548 30.000000000000004
1739.49423129271 30.000000000000004
1739.49423129271 30.000000000000004
1740.0907300008214 30.000000000000004
1740.687228708933 30.000000000000004
1740.687228708933 30.000000000000004
1740.687228708933 30.000000000000004
1740.687228708933 30.000000000000004
1740.687228708933 30.000000000000004
1741.2837274170447 30.000000000000004
1742.1784754792127 30.000000000000004
1742.1784754792127 30.000000000000004
1742.1784754792127 30.000000000000004
1741.8802261251565 30.000000000000004
1743.0732235413811 30.000000000000004
1743.0732235413811 30.000000000000004
1744.266220957607 30.000000000000004
1745.459218373834 30.000000000000004
1745.459218373834 30.000000000000004
1745.7574677278908 30.000000000000004
1746.6522157900617 30.000000000000004
1746.3539664360046 30.000000000000004
1746.3539664360046 30.000000000000004
1748.143462560348 30.000000000000004
1747.5469638522334 30.000000000000004
1748.143462560348 30.000000000000004
1748.143462560348 30.000000000000004
1748.739961268463 30.000000000000004
1748.739961268463 30.000000000000004
1749.0382106225206 30.000000000000004
1748.739961268463 30.000000000000004
1748.4417119144055 30.000000000000004
1749.0382106225206 30.000000000000004
1749.0382106225206 30.000000000000004
1749.0382106225206 30.000000000000004
1749.0382106225206 30.000000000000004
1749.3364599765785 30.000000000000004
1749.3364599765785 30.000000000000004
1748.292587237377 30.000000000000004
1748.292587237377 30.000000000000004
1747.9943378833193 30.000000000000004
1748.5908365914343 30.000000000000004
1750.0820833617229 30.000000000000004
1750.3803327157807 30.000000000000004
1751.2750807779548 30.000000000000004
1751.573330132013 30.000000000000004
1751.8715794860714 30.000000000000004
1752.468078194188 30.000000000000004
1752.7663275482464 30.000000000000004
1753.6610756104221 30.000000000000004
1753.9593249644809 30.000000000000004
1754.5558236725985 30.000000000000004
1754.8540730266577 30.000000000000004
1755.1523223807167 30.000000000000004
1755.1523223807167 30.000000000000004
1755.1523223807167 30.000000000000004
1756.3453197969534 30.000000000000004
1755.7488210888348 30.000000000000004
1756.3453197969534 30.000000000000004
1756.6435691510126 30.000000000000004
1757.2400678591314 30.000000000000004
1756.941818505072 30.000000000000004
1756.7926938280423 30.000000000000004
1757.3891925361613 30.000000000000004
1757.3891925361613 30.000000000000004
1757.9856912442806 30.000000000000004
1759.47693801458 30.000000000000004
1760.0734367227 30.000000000000004
1760.9681847848808 30.000000000000004
1760.6699354308205 30.000000000000004
1760.6699354308205 30.000000000000004
1760.9681847848808 30.000000000000004
1760.9681847848808 30.000000000000004
1760.9681847848808 30.000000000000004
1761.5646834930017 30.000000000000004
1761.8629328470624 30.000000000000004
1761.8629328470624 30.000000000000004
1761.8629328470624 30.000000000000004
1761.5646834930017 30.000000000000004
1761.5646834930017 30.000000000000004
1761.5646834930017 30.000000000000004
