L-SRTDE
1314.4889017903618 30.000000000000004
1298.3834366718486 30.000000000000004
1356.2438113562293 30.000000000000004
1324.331130473825 30.000000000000004
1348.191078797164 30.000000000000004
1357.436808772385 30.000000000000004
1366.9807881016065 30.000000000000004
1357.7350581264236 30.000000000000004
1368.7702842258316 30.000000000000004
1367.2790374556441 30.000000000000004
1355.6473126481515 30.000000000000004
1359.822803604694 30.000000000000004
1359.226304896617 30.000000000000004
1347.2963307350437 30.000000000000004
1359.822803604694 30.000000000000004
1358.6298061885398 30.000000000000004
1353.261317815838 30.000000000000004
1344.3138371946402 30.000000000000004
1344.0155878405997 30.000000000000004
1349.0858268592838 30.000000000000004
1349.3840762133236 30.000000000000004
1345.8050839648424 30.000000000000004
1348.4893281512038 30.000000000000004
1348.4893281512038 30.000000000000004
1346.401582672923 30.000000000000004
1349.980574921403 30.000000000000004
1350.5770736294826 30.000000000000004
1352.0683203996805 30.000000000000004
1358.0333074804623 30.000000000000004
1356.5420607102685 30.000000000000004
1358.6298061885398 30.000000000000004
1366.9807881016065 30.000000000000004
1373.2440245363882 30.000000000000004
1374.4370219525354 30.000000000000004
1375.0335206606087 30.000000000000004
1369.068533579869 30.000000000000004
1371.4545284121664 30.000000000000004
1372.6475258283144 30.000000000000004
1371.7527777662035 30.000000000000004
1375.630019368682 30.000000000000004
1380.402009033263 30.000000000000004
1386.3669961139778 30.000000000000004
1390.2442377164361 30.000000000000004
1399.4899676915093 30.000000000000004
1399.191718337475 30.000000000000004
1398.2969702753724 30.000000000000004
1398.5952196294065 30.000000000000004
1404.5602067100865 30.000000000000004
1403.3672092939514 30.000000000000004
1405.156705418154 30.000000000000004
1407.244450896389 30.000000000000004
1409.6304457286562 30.000000000000004
1410.2269444367228 30.000000000000004
1413.8059366851203 30.000000000000004
1413.2094379770542 30.000000000000004
1413.8059366851203 30.000000000000004
1418.8761757036775 30.000000000000004
1419.770923765775 30.000000000000004
1421.8586692440022 30.000000000000004
1422.1569185980347 30.000000000000004
1426.0341602004535 30.000000000000004
1424.2446640762605 30.000000000000004
1425.4376614923892 30.000000000000004
1426.9289082625496 30.000000000000004
1427.8236563246458 30.000000000000004
1428.1219056786776 30.000000000000004
1428.1219056786776 30.000000000000004
1433.4903940512497 30.000000000000004
1435.876388883502 30.000000000000004
1439.157131777847 30.000000000000004
1440.3501291939722 30.000000000000004
1442.1396253181592 30.000000000000004
1445.4203682125005 30.000000000000004
1448.999360460871 30.000000000000004
1449.894108522963 30.000000000000004
1449.894108522963 30.000000000000004
1448.4028617528093 30.000000000000004
1448.4028617528093 30.000000000000004
1450.7888565850553 30.000000000000004
1449.894108522963 30.000000000000004
1451.3853552931166 30.000000000000004
1451.6836046471474 30.000000000000004
1454.3678488334226 30.000000000000004
1452.8766020632697 30.000000000000004
1452.2801033552087 30.000000000000004
1457.3503423737275 30.000000000000004
1458.8415891438794 30.000000000000004
1457.9468410817883 30.000000000000004
1463.3153294543338 30.000000000000004
1463.9118281623942 30.000000000000004
1463.9118281623942 30.000000000000004
1464.2100775164245 30.000000000000004
1463.9118281623942 30.000000000000004
1463.9118281623942 30.000000000000004
1464.5083268704545 30.000000000000004
1465.701324286575 30.000000000000004
1465.403074932545 30.000000000000004
1468.683817826876 30.000000000000004
1472.561059429266 30.000000000000004
1474.3505555534455 30.000000000000004
1475.2453036155352 30.000000000000004
1474.6488049074753 30.000000000000004
1480.912041342102 30.000000000000004
1480.613791988072 30.000000000000004
1480.912041342102 30.000000000000004
1481.806789404191 30.000000000000004
1486.280529714637 30.000000000000004
1485.9822803606073 30.000000000000004
1485.0875322985182 30.000000000000004
1485.9822803606073 30.000000000000004
1487.4735271307557 30.000000000000004
1485.9822803606073 30.000000000000004
1491.3507687331412 30.000000000000004
1494.0350129194078 30.000000000000004
1495.8245090435855 30.000000000000004
1497.3157558137336 30.000000000000004
1498.508753229852 30.000000000000004
1500.8947480620889 30.000000000000004
1500.5964987080592 30.000000000000004
1502.3859948322367 30.000000000000004
1505.368488372533 30.000000000000004
1505.368488372533 30.000000000000004
1507.75448320477 30.000000000000004
1511.6317248071553 30.000000000000004
1511.6317248071553 30.000000000000004
1511.035226099096 30.000000000000004
1510.4387273910368 30.000000000000004
1517.2984625337197 30.000000000000004
1518.4914599498386 30.000000000000004
1519.9827067199876 30.000000000000004
1521.4739534901366 30.000000000000004
1521.4739534901366 30.000000000000004
1523.2634496143155 30.000000000000004
1525.6494444465545 30.000000000000004
1525.3511950925247 30.000000000000004
1529.526686048944 30.000000000000004
1531.912680881184 30.000000000000004
1534.895174421485 30.000000000000004
1536.386421191636 30.000000000000004
1536.0881718376058 30.000000000000004
1536.6846705456662 30.000000000000004
1536.386421191636 30.000000000000004
1538.772416023878 30.000000000000004
1539.6671640859688 30.000000000000004
1538.772416023878 30.000000000000004
1540.2636627940294 30.000000000000004
1542.0531589182117 30.000000000000004
1542.9479069803028 30.000000000000004
1546.526899228669 30.000000000000004
1546.526899228669 30.000000000000004
1548.6146447068834 30.000000000000004
1551.000639539129 30.000000000000004
1551.000639539129 30.000000000000004
1551.000639539129 30.000000000000004
1552.790135663314 30.000000000000004
1553.9831330794375 30.000000000000004
1557.2638759737786 30.000000000000004
1558.158624035872 30.000000000000004
1562.0358656382782 30.000000000000004
1562.9306137003723 30.000000000000004
1565.9131072406872 30.000000000000004
1567.4043540108453 30.000000000000004
1569.1938501350355 30.000000000000004
1572.4745930293864 30.000000000000004
1573.9658397995465 30.000000000000004
1577.544832047933 30.000000000000004
1578.1413307559978 30.000000000000004
1577.544832047933 30.000000000000004
1579.6325775261598 30.000000000000004
1581.1238242963225 30.000000000000004
1582.0185723584204 30.000000000000004
1582.316821712453 30.000000000000004
1585.001065898748 30.000000000000004
1588.2818087931112 30.000000000000004
1589.474806209244 30.000000000000004
1590.667803625377 30.000000000000004
1591.8608010415105 30.000000000000004
1594.843294581846 30.000000000000004
1596.3345413520149 30.000000000000004
1595.1415439358798 30.000000000000004
1597.5275387681502 30.000000000000004
1596.6327907060486 30.000000000000004
1597.8257881221841 30.000000000000004
1599.0187855383201 30.000000000000004
1598.422286830252 30.000000000000004
1600.2117829544566 30.000000000000004
1599.9135336004224 30.000000000000004
1602.001279078662 30.000000000000004
1604.3872739109374 30.000000000000004
1605.5802713270757 30.000000000000004
1607.668016805319 30.000000000000004
1608.264515513389 30.000000000000004
1610.054011637599 30.000000000000004
1612.1417571158452 30.000000000000004
1611.5452584077748 30.000000000000004
1613.3347545319866 30.000000000000004
1613.9312532400577 30.000000000000004
1613.0365051779513 30.000000000000004
1613.9312532400577 30.000000000000004
1615.4225000102354 30.000000000000004
1617.5102454884855 30.000000000000004
1618.703242904629 30.000000000000004
1620.4927390288453 30.000000000000004
1622.580484507099 30.000000000000004
1623.7734819232448 30.000000000000004
1623.176983215172 30.000000000000004
1624.369980631318 30.000000000000004
1624.6682299853546 30.000000000000004
1625.5629780474646 30.000000000000004
1625.8612274015013 30.000000000000004
1627.9489728797594 30.000000000000004
1627.6507235257225 30.000000000000004
1630.633217066094 30.000000000000004
1630.3349677120564 30.000000000000004
1632.4227131903183 30.000000000000004
1632.4227131903183 30.000000000000004
1632.4227131903183 30.000000000000004
1635.7034560847333 30.000000000000004
1635.852580761752 30.000000000000004
1637.9403262400185 30.000000000000004
1638.8350743021333 30.000000000000004
1638.2385755940568 30.000000000000004
1640.177196395306 30.000000000000004
1641.8175678425182 30.000000000000004
1641.9666925195377 30.000000000000004
1643.7561886437707 30.000000000000004
1643.90531332079 30.000000000000004
1643.90531332079 30.000000000000004
1643.7561886437707 30.000000000000004
1647.036931538201 30.000000000000004
1647.6334302462799 30.000000000000004
1648.5281783083985 30.000000000000004
1649.721175724557 30.000000000000004
1649.1246770164776 30.000000000000004
1651.212422494756 30.000000000000004
1650.3176744326365 30.000000000000004
1649.721175724557 30.000000000000004
1649.721175724557 30.000000000000004
1650.3176744326365 30.000000000000004
1650.3176744326365 30.000000000000004
1652.107170556876 30.000000000000004
1653.8966666811173 30.000000000000004
1655.3879134513193 30.000000000000004
1655.9844121594003 30.000000000000004
1657.7739082836447 30.000000000000004
1660.458152470014 30.000000000000004
1660.7564018240553 30.000000000000004
1659.8616537619316 30.000000000000004
1660.458152470014 30.000000000000004
1660.458152470014 30.000000000000004
1660.458152470014 30.000000000000004
1662.8441473023452 30.000000000000004
1661.0546511780965 30.000000000000004
1661.6511498861792 30.000000000000004
1662.8441473023452 30.000000000000004
1663.4406460104285 30.000000000000004
1663.7388953644702 30.000000000000004
1664.3353940725538 30.000000000000004
1664.0371447185119 30.000000000000004
1663.7388953644702 30.000000000000004
1663.4406460104285 30.000000000000004
1663.1423966563868 30.000000000000004
1663.7388953644702 30.000000000000004
1662.5458979483037 30.000000000000004
1663.1423966563868 30.000000000000004
1663.4406460104285 30.000000000000004
1664.3353940725538 30.000000000000004
1664.3353940725538 30.000000000000004
1666.1248901968054 30.000000000000004
1666.1248901968054 30.000000000000004
1666.7213889048894 30.000000000000004
1669.4056330912708 30.000000000000004
1669.7038824453134 30.000000000000004
1670.002131799356 30.000000000000004
1671.4933785695698 30.000000000000004
1672.984625339785 30.000000000000004
1672.6863759857417 30.000000000000004
1673.282874693828 30.000000000000004
1672.6863759857417 30.000000000000004
1672.6863759857417 30.000000000000004
1672.6863759857417 30.000000000000004
1673.8793734019146 30.000000000000004
1675.9671188802185 30.000000000000004
1675.668869526175 30.000000000000004
1675.668869526175 30.000000000000004
1676.5636175883058 30.000000000000004
1677.1601162963932 30.000000000000004
1677.458365650437 30.000000000000004
1677.7566150044809 30.000000000000004
1678.6513630666127 30.000000000000004
1679.0987370976788 30.000000000000004
1679.0987370976788 30.000000000000004
1679.695235805767 30.000000000000004
1680.5899838679 30.000000000000004
1680.8882332219443 30.000000000000004
1680.8882332219443 30.000000000000004
1680.8882332219443 30.000000000000004
1681.4847319300331 30.000000000000004
1682.9759787002563 30.000000000000004
1682.9759787002563 30.000000000000004
1682.9759787002563 30.000000000000004
1682.6777293462114 30.000000000000004
1683.274228054301 30.000000000000004
1683.274228054301 30.000000000000004
1682.9759787002563 30.000000000000004
1683.8707267623906 30.000000000000004
1685.958472240706 30.000000000000004
1686.5549709487966 30.000000000000004
1686.5549709487966 30.000000000000004
1685.958472240706 30.000000000000004
1685.958472240706 30.000000000000004
1686.853220302842 30.000000000000004
1686.853220302842 30.000000000000004
1687.1514696568872 30.000000000000004
1688.6427164271151 30.000000000000004
1688.4935917500923 30.000000000000004
1688.4935917500923 30.000000000000004
1690.283087874367 30.000000000000004
1691.6252099675744 30.000000000000004
1692.221708675667 30.000000000000004
1691.9234593216206 30.000000000000004
1694.0112047999457 30.000000000000004
1694.6077035080389 30.000000000000004
1694.0112047999457 30.000000000000004
1693.712955445899 30.000000000000004
1694.0112047999457 30.000000000000004
1693.712955445899 30.000000000000004
1693.712955445899 30.000000000000004
1694.9059528620858 30.000000000000004
1695.8007009242262 30.000000000000004
1696.9936983404145 30.000000000000004
1696.6954489863674 30.000000000000004
1697.2919476944617 30.000000000000004
1697.5901970485088 30.000000000000004
1697.5901970485088 30.000000000000004
1697.5901970485088 30.000000000000004
1699.0814438187456 30.000000000000004
1698.7831944646982 30.000000000000004
1699.9761918808886 30.000000000000004
1700.572690588984 30.000000000000004
1699.3796931727932 30.000000000000004
1699.6779425268408 30.000000000000004
1700.572690588984 30.000000000000004
1700.2744412349361 30.000000000000004
1700.2744412349361 30.000000000000004
1701.1691892970796 30.000000000000004
1702.3621867132715 30.000000000000004
1702.958685421368 30.000000000000004
1703.256934775416 30.000000000000004
1704.4499321916096 30.000000000000004
1705.0464308997068 30.000000000000004
1706.3885529929262 30.000000000000004
1705.9411789618528 30.000000000000004
1707.4324257320975 30.000000000000004
1708.3271737942448 30.000000000000004
1708.625423148294 30.000000000000004
1707.7306750861464 30.000000000000004
1708.0289244401956 30.000000000000004
1707.1341763780483 30.000000000000004
1707.4324257320975 30.000000000000004
1707.879799763171 30.000000000000004
1708.0289244401956 30.000000000000004
1708.9236725023434 30.000000000000004
1710.265794595566 30.000000000000004
1710.1166699185412 30.000000000000004
1710.1166699185412 30.000000000000004
1710.1166699185412 30.000000000000004
1711.01141798069 30.000000000000004
1712.2044153968893 30.000000000000004
1712.8009141049895 30.000000000000004
1713.0991634590396 30.000000000000004
1712.8009141049895 30.000000000000004
1712.5026647509394 30.000000000000004
1712.5026647509394 30.000000000000004
1712.8009141049895 30.000000000000004
1713.99391152119 30.000000000000004
1713.0991634590396 30.000000000000004
1713.3974128130897 30.000000000000004
1713.3974128130897 30.000000000000004
1713.3974128130897 30.000000000000004
1715.1869089373918 30.000000000000004
1715.783407645493 30.000000000000004
1716.3799063535944 30.000000000000004
1716.0816569995436 30.000000000000004
1716.9764050616961 30.000000000000004
1717.572903769798 30.000000000000004
1718.4676518319511 30.000000000000004
1718.7659011860023 30.000000000000004
1719.0641505400536 30.000000000000004
1719.0641505400536 30.000000000000004
1719.0641505400536 30.000000000000004
1719.0641505400536 30.000000000000004
1719.362399894105 30.000000000000004
1719.6606492481565 30.000000000000004
1719.9588986022077 30.000000000000004
1720.2571479562594 30.000000000000004
1721.4501453724658 30.000000000000004
1722.0466440805696 30.000000000000004
1720.8536466643625 30.000000000000004
1720.5553973103108 30.000000000000004
1720.8536466643625 30.000000000000004
1721.1518960184142 30.000000000000004
1721.1518960184142 30.000000000000004
1721.7483947265177 30.000000000000004
1722.6431427886735 30.000000000000004
1722.3448934346216 30.000000000000004
1723.5378908508299 30.000000000000004
1722.9413921427256 30.000000000000004
1722.9413921427256 30.000000000000004
1723.5378908508299 30.000000000000004
1723.2396414967775 30.000000000000004
1723.2396414967775 30.000000000000004
1724.1343895589343 30.000000000000004
1723.5378908508299 30.000000000000004
1723.5378908508299 30.000000000000004
1723.2396414967775 30.000000000000004
1722.6431427886735 30.000000000000004
1722.3448934346216 30.000000000000004
1723.836140204882 30.000000000000004
1724.1343895589343 30.000000000000004
1724.1343895589343 30.000000000000004
1722.9413921427256 30.000000000000004
1723.687015527856 30.000000000000004
1723.687015527856 30.000000000000004
1723.985264881908 30.000000000000004
1724.2835142359604 30.000000000000004
1725.6256363291966 30.000000000000004
1728.4590051926991 30.000000000000004
1729.2046285778324 30.000000000000004
1731.888872764315 30.000000000000004
1731.888872764315 30.000000000000004
1732.187122118369 30.000000000000004
1733.6783688886396 30.000000000000004
1736.809987106213 30.000000000000004
1738.599483230544 30.000000000000004
1739.1959819386548 30.000000000000004
1740.0907300008214 30.000000000000004
1740.388979354877 30.000000000000004
1740.9854780629887 30.000000000000004
1741.4328520940726 30.000000000000004
1742.3276001562406 30.000000000000004
1742.4767248332687 30.000000000000004
1742.1784754792127 30.000000000000004
1743.3714728954376 30.000000000000004
1744.713594988692 30.000000000000004
1744.4153456346353 30.000000000000004
1744.4153456346353 30.000000000000004
1745.6083430508622 30.000000000000004
1746.8013404670903 30.000000000000004
1746.8013404670903 30.000000000000004
1747.696088529262 30.000000000000004
1747.9943378833193 30.000000000000004
1747.696088529262 30.000000000000004
1747.5469638522334 30.000000000000004
1746.9504651441189 30.000000000000004
1746.9504651441189 30.000000000000004
1747.5469638522334 30.000000000000004
1748.4417119144055 30.000000000000004
1748.4417119144055 30.000000000000004
1748.4417119144055 30.000000000000004
1747.8452132062907 30.000000000000004
1747.248714498176 30.000000000000004
1747.9943378833193 30.000000000000004
1748.292587237377 30.000000000000004
1747.696088529262 30.000000000000004
1747.8452132062907 30.000000000000004
1749.0382106225206 30.000000000000004
1749.9329586846939 30.000000000000004
1749.9329586846939 30.000000000000004
1749.3364599765785 30.000000000000004
1749.0382106225206 30.000000000000004
1749.3364599765785 30.000000000000004
1749.0382106225206 30.000000000000004
1749.0382106225206 30.000000000000004
1748.739961268463 30.000000000000004
1748.5908365914343 30.000000000000004
1749.4855846536072 30.000000000000004
1749.634709330636 30.000000000000004
1749.634709330636 30.000000000000004
1748.739961268463 30.000000000000004
1748.739961268463 30.000000000000004
1750.3803327157807 30.000000000000004
1750.5294573928097 30.000000000000004
1750.5294573928097 30.000000000000004
1750.5294573928097 30.000000000000004
1750.8277067468678 30.000000000000004
1750.5294573928097 30.000000000000004
1749.634709330636 30.000000000000004
1749.783834007665 30.000000000000004
1749.9329586846939 30.000000000000004
1749.3364599765785 30.000000000000004
1749.634709330636 30.000000000000004
1750.5294573928097 30.000000000000004
1750.8277067468678 30.000000000000004
1750.5294573928097 30.000000000000004
1750.231208038752 30.000000000000004
1750.5294573928097 30.000000000000004
1750.8277067468678 30.000000000000004
1751.1259561009258 30.000000000000004
1751.1259561009258 30.000000000000004
1751.424205454984 30.000000000000004
1751.1259561009258 30.000000000000004
1751.1259561009258 30.000000000000004
1751.1259561009258 30.000000000000004
1750.5294573928097 30.000000000000004
1750.5294573928097 30.000000000000004
1750.5294573928097 30.000000000000004
1751.424205454984 30.000000000000004
1751.7224548090423 30.000000000000004
1751.7224548090423 30.000000000000004
1751.7224548090423 30.000000000000004
1752.0207041631004 30.000000000000004
1752.6172028712172 30.000000000000004
1753.8102002874516 30.000000000000004
1754.406698995569 30.000000000000004
1754.704948349628 30.000000000000004
1754.406698995569 30.000000000000004
1755.3014470577461 30.000000000000004
1755.3014470577461 30.000000000000004
1755.3014470577461 30.000000000000004
1756.047070442894 30.000000000000004
1757.2400678591314 30.000000000000004
1756.941818505072 30.000000000000004
1756.941818505072 30.000000000000004
1756.6435691510126 30.000000000000004
1757.538317213191 30.000000000000004
1757.2400678591314 30.000000000000004
1758.1348159213103 30.000000000000004
1757.8365665672507 30.000000000000004
1758.1348159213103 30.000000000000004
1759.3278133375497 30.000000000000004
1759.6260626916098 30.000000000000004
1759.6260626916098 30.000000000000004
1759.92431204567 30.000000000000004
1760.8190601078509 30.000000000000004
1761.117309461911 30.000000000000004
1762.3103068781534 30.000000000000004
1762.906805586275 30.000000000000004
1763.205054940336 30.000000000000004
1762.906805586275 30.000000000000004
1763.0559302633053 30.000000000000004
1764.099803002519 30.000000000000004
1764.6963017106414 30.000000000000004
1764.9945510647026 30.000000000000004
1765.292800418764 30.000000000000004
1764.9945510647026 30.000000000000004
1766.3366731579795 30.000000000000004
1766.3366731579795 30.000000000000004
1766.9331718661028 30.000000000000004
1767.082296543134 30.000000000000004
1767.6787952512577 30.000000000000004
1767.3805458971956 30.000000000000004
1767.3805458971956 30.000000000000004
1767.082296543134 30.000000000000004
1767.082296543134 30.000000000000004
1768.2752939593818 30.000000000000004
1769.0209173445373 30.000000000000004
1769.9156654067247 30.000000000000004
1769.9156654067247 30.000000000000004
1769.7665407296934 30.000000000000004
1770.2139147607872 30.000000000000004
1770.5121641148498 30.000000000000004
1771.4069121770383 30.000000000000004
1771.705161531101 30.000000000000004
1772.3016602392272 30.000000000000004
1772.3016602392272 30.000000000000004
1772.3016602392272 30.000000000000004
1773.196408301417 30.000000000000004
1773.7929070095438 30.000000000000004
1773.7929070095438 30.000000000000004
1773.6437823325123 30.000000000000004
1774.240281040639 30.000000000000004
1775.1350291028302 30.000000000000004
1774.9859044257985 30.000000000000004
1775.4332784568942 30.000000000000004
1776.3280265190863 30.000000000000004
1775.7315278109581 30.000000000000004
1776.7754005501824 30.000000000000004
1778.1175226434725 30.000000000000004
1778.2666473205047 30.000000000000004
1779.0122707056664 30.000000000000004
1779.1613953826989 30.000000000000004
1779.7578940908286 30.000000000000004
1779.6087694137962 30.000000000000004
1780.5035174759914 30.000000000000004
1780.6526421530239 30.000000000000004
1780.5035174759914 30.000000000000004
1781.5473902152198 30.000000000000004
1782.143888923351 30.000000000000004
1782.143888923351 30.000000000000004
1782.7403876314822 30.000000000000004
1783.336886339614 30.000000000000004
1783.1877616625811 30.000000000000004
1783.486011016647 30.000000000000004
1784.9772577869776 30.000000000000004
1784.8281331099442 30.000000000000004
1784.3807590788451 30.000000000000004
1784.8281331099442 30.000000000000004
1784.8281331099442 30.000000000000004
1784.6790084329114 30.000000000000004
1785.8720058491767 30.000000000000004
1785.7228811721434 30.000000000000004
1785.7228811721434 30.000000000000004
1785.8720058491767 30.000000000000004
1786.6176292343434 30.000000000000004
1786.6176292343434 30.000000000000004
1786.7667539113768 30.000000000000004
1787.214127942477 30.000000000000004
1787.214127942477 30.000000000000004
1787.6615019735775 30.000000000000004
1788.2580006817118 30.000000000000004
1788.556250035779 30.000000000000004
1787.810626650611 30.000000000000004
1787.9597513276447 30.000000000000004
1788.556250035779 30.000000000000004
1789.450998097981 30.000000000000004
1789.3018734209472 30.000000000000004
1789.8983721290824 30.000000000000004
1790.19662148315 30.000000000000004
1789.8983721290824 30.000000000000004
1789.6001227750148 30.000000000000004
1789.6001227750148 30.000000000000004
1789.3018734209472 30.000000000000004
1788.7053747128125 30.000000000000004
1788.7053747128125 30.000000000000004
1789.3018734209472 30.000000000000004
1789.7492474520486 30.000000000000004
1790.3457461601838 30.000000000000004
1790.9422448683194 30.000000000000004
1790.7931201912857 30.000000000000004
1790.7931201912857 30.000000000000004
1790.6439955142516 30.000000000000004
1791.5387435764553 30.000000000000004
1791.3896188994213 30.000000000000004
1791.0913695453535 30.000000000000004
1791.6878682534893 30.000000000000004
1792.1352422845916 30.000000000000004
1793.0299903467965 30.000000000000004
1793.6264890549335 30.000000000000004
1794.5212371171397 30.000000000000004
1794.2229877630707 30.000000000000004
1794.5212371171397 30.000000000000004
1794.3721124401052 30.000000000000004
1794.9686111482429 30.000000000000004
1795.86335921045 30.000000000000004
1797.0563566267274 30.000000000000004
1797.6528553348667 30.000000000000004
1797.354605980797 30.000000000000004
1798.2493540430062 30.000000000000004
1797.9511046889363 30.000000000000004
1799.144102105216 30.000000000000004
1799.442351459286 30.000000000000004
1799.293226782251 30.000000000000004
1799.8897254903914 30.000000000000004
1800.7844735526025 30.000000000000004
1801.082722906673 30.000000000000004
1803.7669670933117 30.000000000000004
1804.0652164473831 30.000000000000004
1805.556463217741 30.000000000000004
1805.556463217741 30.000000000000004
1805.556463217741 30.000000000000004
1806.152961925885 30.000000000000004
1807.3459593421735 30.000000000000004
1808.2407074043908 30.000000000000004
1808.5389567584634 30.000000000000004
1809.1354554666088 30.000000000000004
1810.0302035288278 30.000000000000004
1810.9249515910474 30.000000000000004
1812.7144477154886 30.000000000000004
1813.3109464236363 30.000000000000004
1813.9074451317847 30.000000000000004
1814.8021931940075 30.000000000000004
1815.3986919021563 30.000000000000004
1817.4864373806806 30.000000000000004
1820.1706815673608 30.000000000000004
1821.6619283377415 30.000000000000004
1821.8110530147796 30.000000000000004
1823.0040504310862 30.000000000000004
1823.60054913924 30.000000000000004
1825.091795909626 30.000000000000004
1825.9865439718583 30.000000000000004
1826.8812920340915 30.000000000000004
1827.4777907422476 30.000000000000004
1828.3725388044822 30.000000000000004
1829.2672868667178 30.000000000000004
1829.8637855748752 30.000000000000004
1830.6094089600726 30.000000000000004
1831.2059076682308 30.000000000000004
1831.8024063763894 30.000000000000004
1832.3989050845482 30.000000000000004
1833.2936531467874 30.000000000000004
1833.2936531467874 30.000000000000004
1833.8901518549474 30.000000000000004
1834.4866505631076 30.000000000000004
1834.4866505631076 30.000000000000004
1834.4866505631076 30.000000000000004
1834.4866505631076 30.000000000000004
1834.4866505631076 30.000000000000004
1834.7848999171879 30.000000000000004
1835.3813986253485 30.000000000000004
1835.6796479794289 30.000000000000004
1835.9778973335096 30.000000000000004
1837.469144103914 30.000000000000004
1837.469144103914 30.000000000000004
1838.0656428120765 30.000000000000004
1838.3638921661577 30.000000000000004
1838.3638921661577 30.000000000000004
1838.9603908743206 30.000000000000004
1839.5568895824838 30.000000000000004
1839.5568895824838 30.000000000000004
1839.5568895824838 30.000000000000004
1839.407764905443 30.000000000000004
1839.7060142595249 30.000000000000004
1840.0042636136066 30.000000000000004
1841.197261029935 30.000000000000004
1840.8990116758528 30.000000000000004
1840.8990116758528 30.000000000000004
1840.8990116758528 30.000000000000004
1841.197261029935 30.000000000000004
1841.197261029935 30.000000000000004
1841.4955103840173 30.000000000000004
1841.4955103840173 30.000000000000004
1841.4955103840173 30.000000000000004
1842.092009092182 30.000000000000004
1842.3902584462646 30.000000000000004
1842.98675715443 30.000000000000004
1843.583255862596 30.000000000000004
1843.4341311855542 30.000000000000004
1844.9253779559704 30.000000000000004
1845.5218766641372 30.000000000000004
1845.5218766641372 30.000000000000004
1846.5657494034303 30.000000000000004
1847.4604974656825 30.000000000000004
1847.7587468197667 30.000000000000004
1848.056996173851 30.000000000000004
1848.056996173851 30.000000000000004
1849.6973676213165 30.000000000000004
1850.2938663294867 30.000000000000004
1852.5307364851274 30.000000000000004
1853.4254845473852 30.000000000000004
1854.3202326096439 30.000000000000004
1854.6184819637301 30.000000000000004
1855.3641053489469 30.000000000000004
1855.6623547030335 30.000000000000004
1855.5132300259902 30.000000000000004
1856.5571027652945 30.000000000000004
1856.5571027652945 30.000000000000004
1857.1536014734688 30.000000000000004
1857.4518508275562 30.000000000000004
1858.0483495357312 30.000000000000004
1858.7939729209504 30.000000000000004
1859.9869703373024 30.000000000000004
1860.583469045479 30.000000000000004
1861.7764664618335 30.000000000000004
1862.074715815922 30.000000000000004
1862.3729651700112 30.000000000000004
1862.9694638781893 30.000000000000004
1863.2677132322785 30.000000000000004
1863.2677132322785 30.000000000000004
1864.1624612945468 30.000000000000004
1864.4607106486365 30.000000000000004
1864.758960002726 30.000000000000004
1865.3554587109059 30.000000000000004
1865.3554587109059 30.000000000000004
1865.9519574190858 30.000000000000004
1866.2502067731762 30.000000000000004
1866.2502067731762 30.000000000000004
1866.2502067731762 30.000000000000004
1866.3993314502213 30.000000000000004
1866.3993314502213 30.000000000000004
1866.3993314502213 30.000000000000004
1866.3993314502213 30.000000000000004
1866.3993314502213 30.000000000000004
1866.3993314502213 30.000000000000004
1866.3993314502213 30.000000000000004
1866.3993314502213 30.000000000000004
1866.6975808043117 30.000000000000004
1866.6975808043117 30.000000000000004
1866.6975808043117 30.000000000000004
1866.6975808043117 30.000000000000004
1866.6975808043117 30.000000000000004
1866.6975808043117 30.000000000000004
1866.6975808043117 30.000000000000004
1866.3993314502213 30.000000000000004
1866.3993314502213 30.000000000000004
1866.3993314502213 30.000000000000004
1866.2502067731762 30.000000000000004
1866.2502067731762 30.000000000000004
1867.1449548354474 30.000000000000004
1866.8467054813568 30.000000000000004
1866.5484561272665 30.000000000000004
1866.5484561272665 30.000000000000004
1866.5484561272665 30.000000000000004
1866.5484561272665 30.000000000000004
1866.5484561272665 30.000000000000004
1866.5484561272665 30.000000000000004
1867.1449548354474 30.000000000000004
1867.1449548354474 30.000000000000004
1866.9958301584022 30.000000000000004
1866.9958301584022 30.000000000000004
1866.9958301584022 30.000000000000004
1866.9958301584022 30.000000000000004
1866.9958301584022 30.000000000000004
1866.9958301584022 30.000000000000004
1866.9958301584022 30.000000000000004
1867.2940795124928 30.000000000000004
1867.2940795124928 30.000000000000004
1867.2940795124928 30.000000000000004
1867.2940795124928 30.000000000000004
1867.2940795124928 30.000000000000004
1867.2940795124928 30.000000000000004
1867.2940795124928 30.000000000000004
1867.5923288665833 30.000000000000004
1867.5923288665833 30.000000000000004
1867.5923288665833 30.000000000000004
1867.5923288665833 30.000000000000004
1867.5923288665833 30.000000000000004
1867.5923288665833 30.000000000000004
1868.1888275747651 30.000000000000004
1867.8905782206741 30.000000000000004
1867.8905782206741 30.000000000000004
1868.1888275747651 30.000000000000004
1868.1888275747651 30.000000000000004
1868.1888275747651 30.000000000000004
1868.1888275747651 30.000000000000004
1868.1888275747651 30.000000000000004
1868.1888275747651 30.000000000000004
1868.1888275747651 30.000000000000004
1868.1888275747651 30.000000000000004
1868.1888275747651 30.000000000000004
1868.1888275747651 30.000000000000004
1868.1888275747651 30.000000000000004
1868.1888275747651 30.000000000000004
1868.1888275747651 30.000000000000004
1868.1888275747651 30.000000000000004
1868.1888275747651 30.000000000000004
1868.1888275747651 30.000000000000004
1868.1888275747651 30.000000000000004
1868.1888275747651 30.000000000000004
1868.1888275747651 30.000000000000004
1868.1888275747651 30.000000000000004
1867.8905782206741 30.000000000000004
1867.5923288665833 30.000000000000004
1867.5923288665833 30.000000000000004
1867.5923288665833 30.000000000000004
1867.5923288665833 30.000000000000004
1867.2940795124928 30.000000000000004
1867.2940795124928 30.000000000000004
1867.2940795124928 30.000000000000004
1867.2940795124928 30.000000000000004
1867.2940795124928 30.000000000000004
1867.2940795124928 30.000000000000004
1867.2940795124928 30.000000000000004
1867.2940795124928 30.000000000000004
1867.2940795124928 30.000000000000004
1866.9958301584022 30.000000000000004
1866.6975808043117 30.000000000000004
1866.101082096131 30.000000000000004
1865.653708064996 30.000000000000004
1865.3554587109059 30.000000000000004
1865.3554587109059 30.000000000000004
1865.057209356816 30.000000000000004
1864.758960002726 30.000000000000004
1864.758960002726 30.000000000000004
1864.4607106486365 30.000000000000004
1864.1624612945468 30.000000000000004
1863.8642119404574 30.000000000000004
1863.8642119404574 30.000000000000004
1863.8642119404574 30.000000000000004
1863.7150872634124 30.000000000000004
1863.4168379093232 30.000000000000004
1863.4168379093232 30.000000000000004
1863.1185885552338 30.000000000000004
1863.1185885552338 30.000000000000004
1862.5220898470557 30.000000000000004
1862.5220898470557 30.000000000000004
1862.5220898470557 30.000000000000004
1862.5220898470557 30.000000000000004
1862.5220898470557 30.000000000000004
1862.5220898470557 30.000000000000004
1862.5220898470557 30.000000000000004
1863.1185885552338 30.000000000000004
1864.0133366175019 30.000000000000004
1864.0133366175019 30.000000000000004
1864.0133366175019 30.000000000000004
1863.4168379093232 30.000000000000004
1863.7150872634124 30.000000000000004
1863.7150872634124 30.000000000000004
1863.7150872634124 30.000000000000004
1863.4168379093232 30.000000000000004
1863.4168379093232 30.000000000000004
1863.4168379093232 30.000000000000004
1863.4168379093232 30.000000000000004
1863.4168379093232 30.000000000000004
1863.4168379093232 30.000000000000004
1863.565962586368 30.000000000000004
1863.2677132322785 30.000000000000004
1863.1185885552338 30.000000000000004
1863.1185885552338 30.000000000000004
1863.1185885552338 30.000000000000004
1863.4168379093232 30.000000000000004
1863.7150872634124 30.000000000000004
1863.7150872634124 30.000000000000004
1863.7150872634124 30.000000000000004
1863.7150872634124 30.000000000000004
1863.7150872634124 30.000000000000004
1863.565962586368 30.000000000000004
1863.2677132322785 30.000000000000004
1863.2677132322785 30.000000000000004
1862.9694638781893 30.000000000000004
1862.9694638781893 30.000000000000004
1862.6712145241002 30.000000000000004
1862.6712145241002 30.000000000000004
1862.6712145241002 30.000000000000004
1862.6712145241002 30.000000000000004
1862.6712145241002 30.000000000000004
1862.6712145241002 30.000000000000004
1862.6712145241002 30.000000000000004
1862.6712145241002 30.000000000000004
1862.6712145241002 30.000000000000004
1862.6712145241002 30.000000000000004
1862.9694638781893 30.000000000000004
1862.9694638781893 30.000000000000004
1862.9694638781893 30.000000000000004
1863.8642119404574 30.000000000000004
1864.1624612945468 30.000000000000004
1864.1624612945468 30.000000000000004
1864.1624612945468 30.000000000000004
1864.1624612945468 30.000000000000004
1864.1624612945468 30.000000000000004
1864.1624612945468 30.000000000000004
1864.1624612945468 30.000000000000004
1864.1624612945468 30.000000000000004
1864.1624612945468 30.000000000000004
1864.1624612945468 30.000000000000004
1864.1624612945468 30.000000000000004
1864.1624612945468 30.000000000000004
1864.1624612945468 30.000000000000004
1864.1624612945468 30.000000000000004
1864.1624612945468 30.000000000000004
1864.1624612945468 30.000000000000004
1864.1624612945468 30.000000000000004
1864.1624612945468 30.000000000000004
1864.1624612945468 30.000000000000004
1864.1624612945468 30.000000000000004
1864.1624612945468 30.000000000000004
1863.8642119404574 30.000000000000004
1863.8642119404574 30.000000000000004
1863.8642119404574 30.000000000000004
1863.8642119404574 30.000000000000004
1863.8642119404574 30.000000000000004
1863.8642119404574 30.000000000000004
1863.8642119404574 30.000000000000004
1863.8642119404574 30.000000000000004
1864.1624612945468 30.000000000000004
1863.8642119404574 30.000000000000004
1863.8642119404574 30.000000000000004
1863.4168379093232 30.000000000000004
1863.1185885552338 30.000000000000004
1863.1185885552338 30.000000000000004
1863.1185885552338 30.000000000000004
1862.8203392011446 30.000000000000004
1862.8203392011446 30.000000000000004
1863.1185885552338 30.000000000000004
1862.8203392011446 30.000000000000004
1862.5220898470557 30.000000000000004
1862.5220898470557 30.000000000000004
1862.8203392011446 30.000000000000004
1862.5220898470557 30.000000000000004
1862.5220898470557 30.000000000000004
1862.5220898470557 30.000000000000004
1862.5220898470557 30.000000000000004
1862.5220898470557 30.000000000000004
1862.5220898470557 30.000000000000004
1862.5220898470557 30.000000000000004
1862.5220898470557 30.000000000000004
1862.2238404929667 30.000000000000004
1861.9255911388777 30.000000000000004
1861.627341784789 30.000000000000004
1861.627341784789 30.000000000000004
1861.627341784789 30.000000000000004
1861.4782171077447 30.000000000000004
1861.4782171077447 30.000000000000004
1861.179967753656 30.000000000000004
1861.179967753656 30.000000000000004
1860.8817183995675 30.000000000000004
1860.583469045479 30.000000000000004
1860.583469045479 30.000000000000004
1859.9869703373024 30.000000000000004
1859.9869703373024 30.000000000000004
1859.6887209832144 30.000000000000004
1859.390471629126 30.000000000000004
1859.390471629126 30.000000000000004
1859.390471629126 30.000000000000004
1859.390471629126 30.000000000000004
1859.390471629126 30.000000000000004
1859.390471629126 30.000000000000004
1859.390471629126 30.000000000000004
1859.0922222750382 30.000000000000004
1859.0922222750382 30.000000000000004
