LSHADE
1401.875962523782 30.000000000000004
1385.770497405907 30.000000000000004
1314.787151144407 30.000000000000004
1273.6287402856717 30.000000000000004
1246.4880490666071 30.000000000000004
1255.4355296883364 30.000000000000004
1246.4880490666071 30.000000000000004
1238.7335658610587 30.000000000000004
1238.7335658610587 30.000000000000004
1236.9440697366947 30.000000000000004
1235.7510723204505 30.000000000000004
1241.71605940166 30.000000000000004
1239.9265632773 30.000000000000004
1244.4003035881947 30.000000000000004
1248.575794545016 30.000000000000004
1244.6985529422539 30.000000000000004
1242.909056817898 30.000000000000004
1242.6108074638387 30.000000000000004
1241.1195606935403 30.000000000000004
1241.4178100476001 30.000000000000004
1242.3125581097793 30.000000000000004
1240.8213113394802 30.000000000000004
1245.8915503584897 30.000000000000004
1245.8915503584897 30.000000000000004
1244.4003035881947 30.000000000000004
1247.3827971287828 30.000000000000004
1248.8740438990742 30.000000000000004
1250.9617893774794 30.000000000000004
1249.768791961248 30.000000000000004
1249.4705426071903 30.000000000000004
1248.575794545016 30.000000000000004
1248.2775451909577 30.000000000000004
1251.260038731537 30.000000000000004
1256.0320283964495 30.000000000000004
1256.6285271045624 30.000000000000004
1257.225025812675 30.000000000000004
1258.1197738748435 30.000000000000004
1262.891763539732 30.000000000000004
1261.6987661235114 30.000000000000004
1260.50576870729 30.000000000000004
1261.400516769456 30.000000000000004
1265.27775837217 30.000000000000004
1262.2952648316218 30.000000000000004
1264.9795090181156 30.000000000000004
1266.4707557883876 30.000000000000004
1266.4707557883876 30.000000000000004
1266.7690051424418 30.000000000000004
1264.681259664061 30.000000000000004
1266.4707557883876 30.000000000000004
1270.9444960991943 30.000000000000004
1268.8567506208196 30.000000000000004
1272.1374935154072 30.000000000000004
1271.8392441613541 30.000000000000004
1273.6287402856717 30.000000000000004
1274.8217377018823 30.000000000000004
1275.4182364099872 30.000000000000004
1278.69897930456 30.000000000000004
1283.1727196153295 30.000000000000004
1286.7517118639353 30.000000000000004
1290.330704112533 30.000000000000004
1294.5061950692202 30.000000000000004
1298.6816860258964 30.000000000000004
1301.664179566373 30.000000000000004
1303.4536756906562 30.000000000000004
1305.2431718149376 30.000000000000004
1307.6291666473098 30.000000000000004
1312.9976550201354 30.000000000000004
1311.2081588958622 30.000000000000004
1312.4011563120446 30.000000000000004
1315.383649852497 30.000000000000004
1317.7696446848554 30.000000000000004
1317.7696446848554 30.000000000000004
1319.2608914550779 30.000000000000004
1319.8573901631667 30.000000000000004
1322.541634349563 30.000000000000004
1327.015374660215 30.000000000000004
1330.8926162627718 30.000000000000004
1332.9803617410682 30.000000000000004
1335.6646059274462 30.000000000000004
1340.1383462380684 30.000000000000004
1341.0330943001916 30.000000000000004
1343.1208397784776 30.000000000000004
1343.7173384865591 30.000000000000004
1344.9103359027213 30.000000000000004
1345.5068346108021 30.000000000000004
1348.4893281512038 30.000000000000004
1351.1735723375618 30.000000000000004
1352.963068461799 30.000000000000004
1355.9455620021906 30.000000000000004
1357.7350581264236 30.000000000000004
1359.822803604694 30.000000000000004
1361.6122997289242 30.000000000000004
1366.3842893935314 30.000000000000004
1368.1737855177566 30.000000000000004
1372.0510271202406 30.000000000000004
1378.9107622630825 30.000000000000004
1384.5774999897646 30.000000000000004
1385.173998697836 30.000000000000004
1387.8582428841548 30.000000000000004
1391.735484486611 30.000000000000004
1390.2442377164361 30.000000000000004
1395.314476735028 30.000000000000004
1395.9109754430972 30.000000000000004
1396.2092247971316 30.000000000000004
1397.7004715673038 30.000000000000004
1397.7004715673038 30.000000000000004
1401.2794638157138 30.000000000000004
1402.7707105858835 30.000000000000004
1403.963708002019 30.000000000000004
1406.0514534802548 30.000000000000004
1406.647952188322 30.000000000000004
1407.840949604456 30.000000000000004
1409.6304457286562 30.000000000000004
1410.2269444367228 30.000000000000004
1410.525193790756 30.000000000000004
1414.104186039153 30.000000000000004
1414.4024353931861 30.000000000000004
1416.7884302254488 30.000000000000004
1420.6656718278725 30.000000000000004
1418.8761757036775 30.000000000000004
1421.56041988997 30.000000000000004
1427.8236563246458 30.000000000000004
1430.8061498649645 30.000000000000004
1428.1219056786776 30.000000000000004
1430.2096511569007 30.000000000000004
1432.5956459891547 30.000000000000004
1433.192144697218 30.000000000000004
1432.8938953431864 30.000000000000004
1436.4728875915648 30.000000000000004
1437.9641343617218 30.000000000000004
1440.9466279020346 30.000000000000004
1442.1396253181592 30.000000000000004
1444.2273707963766 30.000000000000004
1443.3326227342836 30.000000000000004
1441.2448772560658 30.000000000000004
1443.6308720883146 30.000000000000004
1444.5256201504076 30.000000000000004
1445.4203682125005 30.000000000000004
1445.7186175665315 30.000000000000004
1448.4028617528093 30.000000000000004
1449.5958591689325 30.000000000000004
1449.2976098149018 30.000000000000004
1449.894108522963 30.000000000000004
1453.473100771331 30.000000000000004
1456.1573449576058 30.000000000000004
1455.8590956035753 30.000000000000004
1456.1573449576058 30.000000000000004
1457.648591727758 30.000000000000004
1458.8415891438794 30.000000000000004
1458.5433397898491 30.000000000000004
1457.3503423737275 30.000000000000004
1462.420581392243 30.000000000000004
1465.403074932545 30.000000000000004
1467.7890697647858 30.000000000000004
1469.8768152429961 30.000000000000004
1469.578565888966 30.000000000000004
1472.561059429266 30.000000000000004
1474.3505555534455 30.000000000000004
1476.7365503856845 30.000000000000004
1479.7190439259828 30.000000000000004
1480.3155426340422 30.000000000000004
1481.806789404191 30.000000000000004
1482.7015374662803 30.000000000000004
1482.9997868203102 30.000000000000004
1484.4910335904588 30.000000000000004
1485.3857816525478 30.000000000000004
1486.8770284226962 30.000000000000004
1485.9822803606073 30.000000000000004
1488.070025838815 30.000000000000004
1488.3682751928447 30.000000000000004
1489.5612726089632 30.000000000000004
1491.3507687331412 30.000000000000004
1491.3507687331412 30.000000000000004
1492.5437661492597 30.000000000000004
1494.9297609814967 30.000000000000004
1497.3157558137336 30.000000000000004
1499.7017506459704 30.000000000000004
1499.7017506459704 30.000000000000004
1501.7894961241777 30.000000000000004
1501.7894961241777 30.000000000000004
1503.5789922483552 30.000000000000004
1504.473740310444 30.000000000000004
1505.9649870805922 30.000000000000004
1508.6492312668588 30.000000000000004
1510.1404780370071 30.000000000000004
1510.7369767450664 30.000000000000004
1510.1404780370071 30.000000000000004
1511.3334754531256 30.000000000000004
1510.7369767450664 30.000000000000004
1511.035226099096 30.000000000000004
1513.1229715773038 30.000000000000004
1512.824722223274 30.000000000000004
1513.1229715773038 30.000000000000004
1511.3334754531256 30.000000000000004
1512.2282235152147 30.000000000000004
1513.4212209313334 30.000000000000004
1514.9124677014818 30.000000000000004
1514.9124677014818 30.000000000000004
1514.3159689934225 30.000000000000004
1515.807215763571 30.000000000000004
1516.7019638256602 30.000000000000004
1516.4037144716303 30.000000000000004
1517.0002131796898 30.000000000000004
1519.087958657898 30.000000000000004
1519.6844573659578 30.000000000000004
1522.070452198196 30.000000000000004
1521.4739534901366 30.000000000000004
1525.3511950925247 30.000000000000004
1528.035439278794 30.000000000000004
1529.2284366949139 30.000000000000004
1531.316182173124 30.000000000000004
1532.2109302352142 30.000000000000004
1534.298675713425 30.000000000000004
1536.386421191636 30.000000000000004
1538.772416023878 30.000000000000004
1540.8601615020902 30.000000000000004
1541.4566602101509 30.000000000000004
1540.2636627940294 30.000000000000004
1541.7549095641812 30.000000000000004
1544.4391537504553 30.000000000000004
1544.7374031044858 30.000000000000004
1544.7374031044858 30.000000000000004
1548.6146447068834 30.000000000000004
1551.29888889316 30.000000000000004
1551.000639539129 30.000000000000004
1552.790135663314 30.000000000000004
1553.6848837254067 30.000000000000004
1555.7726292036234 30.000000000000004
1559.948120160059 30.000000000000004
1560.2463695140902 30.000000000000004
1560.842868222153 30.000000000000004
1562.6323643463409 30.000000000000004
1562.6323643463409 30.000000000000004
1563.5271124084352 30.000000000000004
1564.123611116498 30.000000000000004
1568.0008527189086 30.000000000000004
1568.8956007810038 30.000000000000004
1570.3868475511629 30.000000000000004
1572.1763436753542 30.000000000000004
1572.7728423834183 30.000000000000004
1573.6675904455144 30.000000000000004
1574.860587861643 30.000000000000004
1575.4570865697071 30.000000000000004
1574.860587861643 30.000000000000004
1576.650083985836 30.000000000000004
1577.2465826939008 30.000000000000004
1578.7378294640625 30.000000000000004
1578.7378294640625 30.000000000000004
1580.5273255882573 30.000000000000004
1581.1238242963225 30.000000000000004
1580.229076234225 30.000000000000004
1580.5273255882573 30.000000000000004
1582.6150710664858 30.000000000000004
1583.509819128584 30.000000000000004
1585.001065898748 30.000000000000004
1584.7028165447152 30.000000000000004
1585.5975646068139 30.000000000000004
1586.4923126689127 30.000000000000004
1587.6853100850449 30.000000000000004
1587.9835594390781 30.000000000000004
1589.1765568552107 30.000000000000004
1590.0713049173105 30.000000000000004
1590.3695542713438 30.000000000000004
1590.3695542713438 30.000000000000004
1590.9660529794103 30.000000000000004
1593.6502971657114 30.000000000000004
1594.843294581846 30.000000000000004
1595.1415439358798 30.000000000000004
1595.4397932899135 30.000000000000004
1594.843294581846 30.000000000000004
1594.2467958737789 30.000000000000004
1594.2467958737789 30.000000000000004
1596.3345413520149 30.000000000000004
1596.3345413520149 30.000000000000004
1597.2292894141165 30.000000000000004
1598.7205361842862 30.000000000000004
1600.5100323084907 30.000000000000004
1601.106531016559 30.000000000000004
1602.001279078662 30.000000000000004
1602.5977777867306 30.000000000000004
1602.5977777867306 30.000000000000004
1603.1942764947994 30.000000000000004
1603.1942764947994 30.000000000000004
1602.5977777867306 30.000000000000004
1604.3872739109374 30.000000000000004
1604.9837726190065 30.000000000000004
1607.3697674512844 30.000000000000004
1608.264515513389 30.000000000000004
1607.9662661593538 30.000000000000004
1607.668016805319 30.000000000000004
1607.0715180972495 30.000000000000004
1605.5802713270757 30.000000000000004
1605.8785206811106 30.000000000000004
1606.7732687432147 30.000000000000004
1607.3697674512844 30.000000000000004
1607.668016805319 30.000000000000004
1607.0715180972495 30.000000000000004
1607.9662661593538 30.000000000000004
1607.9662661593538 30.000000000000004
1608.5627648674238 30.000000000000004
1610.650510345669 30.000000000000004
1611.5452584077748 30.000000000000004
1611.2470090537395 30.000000000000004
1610.650510345669 30.000000000000004
1613.3347545319866 30.000000000000004
1612.4400064698805 30.000000000000004
1612.4400064698805 30.000000000000004
1612.4400064698805 30.000000000000004
1611.8435077618099 30.000000000000004
1611.8435077618099 30.000000000000004
1612.4400064698805 30.000000000000004
1613.0365051779513 30.000000000000004
1612.7382558239158 30.000000000000004
1614.5277519481285 30.000000000000004
1615.720749364271 30.000000000000004
1616.3172480723422 30.000000000000004
1617.5102454884855 30.000000000000004
1619.001492258665 30.000000000000004
1620.1944896748091 30.000000000000004
1619.001492258665 30.000000000000004
1620.4927390288453 30.000000000000004
1619.299741612701 30.000000000000004
1619.597990966737 30.000000000000004
1619.597990966737 30.000000000000004
1619.896240320773 30.000000000000004
1619.896240320773 30.000000000000004
1620.4927390288453 30.000000000000004
1620.4927390288453 30.000000000000004
1621.6857364449902 30.000000000000004
1622.2822351530629 30.000000000000004
1621.9839857990264 30.000000000000004
1621.6857364449902 30.000000000000004
1624.0717312772815 30.000000000000004
1625.5629780474646 30.000000000000004
1626.1594767555382 30.000000000000004
1625.8612274015013 30.000000000000004
1624.9664793393913 30.000000000000004
1624.0717312772815 30.000000000000004
1624.369980631318 30.000000000000004
1624.6682299853546 30.000000000000004
1624.9664793393913 30.000000000000004
1625.264728693428 30.000000000000004
1626.4577261095749 30.000000000000004
1624.9664793393913 30.000000000000004
1626.1594767555382 30.000000000000004
1626.1594767555382 30.000000000000004
1626.1594767555382 30.000000000000004
1626.1594767555382 30.000000000000004
1626.4577261095749 30.000000000000004
1625.8612274015013 30.000000000000004
1625.5629780474646 30.000000000000004
1626.4577261095749 30.000000000000004
1627.0542248176487 30.000000000000004
1627.6507235257225 30.000000000000004
1626.7559754636118 30.000000000000004
1626.4577261095749 30.000000000000004
1626.1594767555382 30.000000000000004
1627.0542248176487 30.000000000000004
1627.6507235257225 30.000000000000004
1627.6507235257225 30.000000000000004
1626.4577261095749 30.000000000000004
1625.8612274015013 30.000000000000004
1626.1594767555382 30.000000000000004
1628.2472222337965 30.000000000000004
1630.7823417431125 30.000000000000004
1631.6770898052246 30.000000000000004
1631.6770898052246 30.000000000000004
1632.2735885132995 30.000000000000004
1631.6770898052246 30.000000000000004
1631.0805910971499 30.000000000000004
1631.9753391592621 30.000000000000004
1632.8700872213747 30.000000000000004
1633.4665859294498 30.000000000000004
1632.8700872213747 30.000000000000004
1633.4665859294498 30.000000000000004
1632.8700872213747 30.000000000000004
1632.571837867337 30.000000000000004
1632.8700872213747 30.000000000000004
1633.4665859294498 30.000000000000004
1635.5543314077142 30.000000000000004
1635.5543314077142 30.000000000000004
1635.5543314077142 30.000000000000004
1635.2560820536764 30.000000000000004
1634.3613339915628 30.000000000000004
1634.3613339915628 30.000000000000004
1634.6595833456006 30.000000000000004
1634.9578326996384 30.000000000000004
1636.4490794698281 30.000000000000004
1637.9403262400185 30.000000000000004
1637.6420768859803 30.000000000000004
1637.3438275319422 30.000000000000004
1637.3438275319422 30.000000000000004
1637.6420768859803 30.000000000000004
1638.2385755940568 30.000000000000004
1638.8350743021333 30.000000000000004
1639.1333236561716 30.000000000000004
1638.2385755940568 30.000000000000004
1637.6420768859803 30.000000000000004
1638.8350743021333 30.000000000000004
1637.9403262400185 30.000000000000004
1636.7473288238662 30.000000000000004
1636.4490794698281 30.000000000000004
1635.852580761752 30.000000000000004
1636.4490794698281 30.000000000000004
1636.4490794698281 30.000000000000004
1639.1333236561716 30.000000000000004
1638.8350743021333 30.000000000000004
1639.1333236561716 30.000000000000004
1640.6245704263638 30.000000000000004
1640.0280717182868 30.000000000000004
1640.0280717182868 30.000000000000004
1639.43157301021 30.000000000000004
1640.0280717182868 30.000000000000004
1640.0280717182868 30.000000000000004
1640.0280717182868 30.000000000000004
1640.0280717182868 30.000000000000004
1640.0280717182868 30.000000000000004
1639.7298223642483 30.000000000000004
1639.1333236561716 30.000000000000004
1638.536824948095 30.000000000000004
1638.8350743021333 30.000000000000004
1638.536824948095 30.000000000000004
1638.8350743021333 30.000000000000004
1638.0894509170378 30.000000000000004
1637.3438275319422 30.000000000000004
1637.6420768859803 30.000000000000004
1637.9403262400185 30.000000000000004
1637.6420768859803 30.000000000000004
1637.3438275319422 30.000000000000004
1637.0455781779042 30.000000000000004
1637.3438275319422 30.000000000000004
1637.7912015629995 30.000000000000004
1639.1333236561716 30.000000000000004
1638.2385755940568 30.000000000000004
1638.536824948095 30.000000000000004
1639.43157301021 30.000000000000004
1639.7298223642483 30.000000000000004
1640.0280717182868 30.000000000000004
1640.0280717182868 30.000000000000004
1640.4754457493445 30.000000000000004
1642.2649418735764 30.000000000000004
1642.563191227615 30.000000000000004
1643.0105652586733 30.000000000000004
1643.90531332079 30.000000000000004
1644.2035626748288 30.000000000000004
1644.800061382907 30.000000000000004
1645.9930587990636 30.000000000000004
1644.3526873518485 30.000000000000004
1644.6509367058875 30.000000000000004
1645.843934122044 30.000000000000004
1646.4404328301225 30.000000000000004
1647.036931538201 30.000000000000004
1648.229928954359 30.000000000000004
1647.6334302462799 30.000000000000004
1647.6334302462799 30.000000000000004
1647.6334302462799 30.000000000000004
1647.3351808922405 30.000000000000004
1648.229928954359 30.000000000000004
1648.9755523394579 30.000000000000004
1648.3790536313786 30.000000000000004
1650.1685497556168 30.000000000000004
1650.3176744326365 30.000000000000004
1651.659796525816 30.000000000000004
1652.7036692649563 30.000000000000004
1652.7036692649563 30.000000000000004
1652.7036692649563 30.000000000000004
1652.8527939419764 30.000000000000004
1652.2562952338963 30.000000000000004
1653.0019186189966 30.000000000000004
1653.0019186189966 30.000000000000004
1656.730035544502 30.000000000000004
1657.177409575563 30.000000000000004
1657.7739082836447 30.000000000000004
1657.177409575563 30.000000000000004
1658.0721576376855 30.000000000000004
1662.2476485942623 30.000000000000004
1662.8441473023452 30.000000000000004
1663.5897706874493 30.000000000000004
1663.5897706874493 30.000000000000004
1664.0371447185119 30.000000000000004
1665.2301421346792 30.000000000000004
1664.7827681036165 30.000000000000004
1663.5897706874493 30.000000000000004
1663.2915213334077 30.000000000000004
1663.5897706874493 30.000000000000004
1664.9318927806373 30.000000000000004
1664.9318927806373 30.000000000000004
1663.4406460104285 30.000000000000004
1664.6336434265954 30.000000000000004
1664.4845187495746 30.000000000000004
1664.4845187495746 30.000000000000004
1664.6336434265954 30.000000000000004
1665.6775161657422 30.000000000000004
1665.2301421346792 30.000000000000004
1665.3792668117003 30.000000000000004
1665.5283914887214 30.000000000000004
1665.3792668117003 30.000000000000004
1665.3792668117003 30.000000000000004
1665.5283914887214 30.000000000000004
1666.1248901968054 30.000000000000004
1666.4231395508475 30.000000000000004
1666.4231395508475 30.000000000000004
1667.7652616440373 30.000000000000004
1668.212635675101 30.000000000000004
1668.212635675101 30.000000000000004
1669.1073837372282 30.000000000000004
1669.2565084142495 30.000000000000004
1670.1512564763773 30.000000000000004
1670.5986305074414 30.000000000000004
1670.3003811533988 30.000000000000004
1670.3003811533988 30.000000000000004
1670.44950583042 30.000000000000004
1670.44950583042 30.000000000000004
1670.5986305074414 30.000000000000004
1670.1512564763773 30.000000000000004
1670.747755184463 30.000000000000004
1670.1512564763773 30.000000000000004
1670.002131799356 30.000000000000004
1670.002131799356 30.000000000000004
1670.747755184463 30.000000000000004
1670.3003811533988 30.000000000000004
1669.4056330912708 30.000000000000004
1670.3003811533988 30.000000000000004
1669.5547577682921 30.000000000000004
1668.958259060207 30.000000000000004
1669.1073837372282 30.000000000000004
1669.7038824453134 30.000000000000004
1669.5547577682921 30.000000000000004
1669.4056330912708 30.000000000000004
1669.1073837372282 30.000000000000004
1669.7038824453134 30.000000000000004
1670.002131799356 30.000000000000004
1671.4933785695698 30.000000000000004
1670.5986305074414 30.000000000000004
1670.002131799356 30.000000000000004
1669.7038824453134 30.000000000000004
1669.7038824453134 30.000000000000004
1670.002131799356 30.000000000000004
1668.212635675101 30.000000000000004
1670.1512564763773 30.000000000000004
1670.1512564763773 30.000000000000004
1670.747755184463 30.000000000000004
1670.1512564763773 30.000000000000004
1669.8530071223347 30.000000000000004
1670.44950583042 30.000000000000004
1669.5547577682921 30.000000000000004
1669.7038824453134 30.000000000000004
1669.4056330912708 30.000000000000004
1670.5986305074414 30.000000000000004
1670.747755184463 30.000000000000004
1670.747755184463 30.000000000000004
1670.1512564763773 30.000000000000004
1670.1512564763773 30.000000000000004
1669.4056330912708 30.000000000000004
1668.8091343831857 30.000000000000004
1669.1073837372282 30.000000000000004
1668.5108850291433 30.000000000000004
1667.7652616440373 30.000000000000004
1665.9757655197843 30.000000000000004
1665.8266408427633 30.000000000000004
1665.9757655197843 30.000000000000004
1664.7827681036165 30.000000000000004
1662.993271979366 30.000000000000004
1663.5897706874493 30.000000000000004
1662.2476485942623 30.000000000000004
1661.352900532138 30.000000000000004
1661.0546511780965 30.000000000000004
1661.5020252091585 30.000000000000004
1661.6511498861792 30.000000000000004
1661.8002745632 30.000000000000004
1661.8002745632 30.000000000000004
1660.7564018240553 30.000000000000004
1661.203775855117 30.000000000000004
1660.3090277929932 30.000000000000004
1659.5634044078904 30.000000000000004
1659.712529084911 30.000000000000004
1660.6072771470347 30.000000000000004
1660.458152470014 30.000000000000004
1660.3090277929932 30.000000000000004
1659.2651550538494 30.000000000000004
1658.8177810227878 30.000000000000004
1658.8177810227878 30.000000000000004
1658.3704069917264 30.000000000000004
1657.3265342525833 30.000000000000004
1657.177409575563 30.000000000000004
1657.3265342525833 30.000000000000004
1657.475658929604 30.000000000000004
1657.0282848985426 30.000000000000004
1655.9844121594003 30.000000000000004
1656.2826615134409 30.000000000000004
1657.177409575563 30.000000000000004
1656.730035544502 30.000000000000004
1655.83528748238 30.000000000000004
1655.3879134513193 30.000000000000004
1655.2387887742989 30.000000000000004
1654.7914147432384 30.000000000000004
1655.3879134513193 30.000000000000004
1654.642290066218 30.000000000000004
1654.9405394202586 30.000000000000004
1654.4931653891979 30.000000000000004
1654.1949160351576 30.000000000000004
1654.0457913581374 30.000000000000004
1654.7914147432384 30.000000000000004
1655.2387887742989 30.000000000000004
1654.7914147432384 30.000000000000004
1654.0457913581374 30.000000000000004
1654.1949160351576 30.000000000000004
1655.6861628053598 30.000000000000004
1656.5809108674816 30.000000000000004
1657.177409575563 30.000000000000004
1656.1335368364207 30.000000000000004
1656.2826615134409 30.000000000000004
1656.1335368364207 30.000000000000004
1656.4317861904613 30.000000000000004
1656.4317861904613 30.000000000000004
1655.83528748238 30.000000000000004
1655.0896640972787 30.000000000000004
1655.3879134513193 30.000000000000004
1655.0896640972787 30.000000000000004
1655.3879134513193 30.000000000000004
1656.5809108674816 30.000000000000004
1655.9844121594003 30.000000000000004
1655.3879134513193 30.000000000000004
1655.9844121594003 30.000000000000004
1655.9844121594003 30.000000000000004
1655.9844121594003 30.000000000000004
1655.0896640972787 30.000000000000004
1656.1335368364207 30.000000000000004
1655.83528748238 30.000000000000004
1655.2387887742989 30.000000000000004
1653.598417327077 30.000000000000004
1653.8966666811173 30.000000000000004
1653.8966666811173 30.000000000000004
1653.1510432960165 30.000000000000004
1652.4054199109162 30.000000000000004
1652.107170556876 30.000000000000004
1653.0019186189966 30.000000000000004
1653.1510432960165 30.000000000000004
1652.5545445879363 30.000000000000004
1652.7036692649563 30.000000000000004
1652.7036692649563 30.000000000000004
1653.598417327077 30.000000000000004
1653.747542004097 30.000000000000004
1654.0457913581374 30.000000000000004
1654.9405394202586 30.000000000000004
1654.9405394202586 30.000000000000004
1654.9405394202586 30.000000000000004
1654.4931653891979 30.000000000000004
1654.7914147432384 30.000000000000004
1655.3879134513193 30.000000000000004
1656.8791602215224 30.000000000000004
1656.2826615134409 30.000000000000004
1656.2826615134409 30.000000000000004
1656.5809108674816 30.000000000000004
1655.6861628053598 30.000000000000004
1655.6861628053598 30.000000000000004
1655.3879134513193 30.000000000000004
1655.0896640972787 30.000000000000004
1654.4931653891979 30.000000000000004
1653.8966666811173 30.000000000000004
1654.4931653891979 30.000000000000004
1653.8966666811173 30.000000000000004
1653.0019186189966 30.000000000000004
1651.808921202836 30.000000000000004
1651.808921202836 30.000000000000004
1652.107170556876 30.000000000000004
1651.212422494756 30.000000000000004
1650.6159237866764 30.000000000000004
1650.3176744326365 30.000000000000004
1650.9141731407162 30.000000000000004
1650.6159237866764 30.000000000000004
1650.019425078597 30.000000000000004
1650.3176744326365 30.000000000000004
1650.6159237866764 30.000000000000004
1649.4229263705174 30.000000000000004
1650.019425078597 30.000000000000004
1650.1685497556168 30.000000000000004
1650.1685497556168 30.000000000000004
1649.2738016934975 30.000000000000004
1648.6773029854182 30.000000000000004
1646.5895575071422 30.000000000000004
1647.1860562152208 30.000000000000004
1646.8878068611814 30.000000000000004
1646.5895575071422 30.000000000000004
1647.1860562152208 30.000000000000004
1647.4843055692602 30.000000000000004
1647.9316796003195 30.000000000000004
1647.6334302462799 30.000000000000004
1648.5281783083985 30.000000000000004
1647.9316796003195 30.000000000000004
1647.6334302462799 30.000000000000004
1647.6334302462799 30.000000000000004
1647.6334302462799 30.000000000000004
1647.9316796003195 30.000000000000004
1647.6334302462799 30.000000000000004
1647.3351808922405 30.000000000000004
1647.6334302462799 30.000000000000004
1645.6948094450245 30.000000000000004
1645.3965600909853 30.000000000000004
1645.5456847680048 30.000000000000004
1645.0983107369461 30.000000000000004
1645.843934122044 30.000000000000004
1644.6509367058875 30.000000000000004
1644.3526873518485 30.000000000000004
1644.6509367058875 30.000000000000004
1644.3526873518485 30.000000000000004
1644.9491860599267 30.000000000000004
1644.800061382907 30.000000000000004
1644.0544379978094 30.000000000000004
1644.0544379978094 30.000000000000004
1644.6509367058875 30.000000000000004
1645.2474354139656 30.000000000000004
1644.800061382907 30.000000000000004
1643.90531332079 30.000000000000004
1644.501812028868 30.000000000000004
1644.501812028868 30.000000000000004
1644.800061382907 30.000000000000004
1645.0983107369461 30.000000000000004
1645.6948094450245 30.000000000000004
1645.6948094450245 30.000000000000004
1646.8878068611814 30.000000000000004
1646.5895575071422 30.000000000000004
1646.8878068611814 30.000000000000004
1645.9930587990636 30.000000000000004
1645.9930587990636 30.000000000000004
1645.0983107369461 30.000000000000004
1644.800061382907 30.000000000000004
1644.6509367058875 30.000000000000004
1644.2035626748288 30.000000000000004
1644.800061382907 30.000000000000004
1644.501812028868 30.000000000000004
1644.0544379978094 30.000000000000004
1644.501812028868 30.000000000000004
1644.800061382907 30.000000000000004
1644.2035626748288 30.000000000000004
1644.800061382907 30.000000000000004
1644.6509367058875 30.000000000000004
1645.6948094450245 30.000000000000004
1645.5456847680048 30.000000000000004
1645.5456847680048 30.000000000000004
1645.2474354139656 30.000000000000004
1645.6948094450245 30.000000000000004
1645.5456847680048 30.000000000000004
1647.6334302462799 30.000000000000004
1648.3790536313786 30.000000000000004
1648.229928954359 30.000000000000004
1649.721175724557 30.000000000000004
1649.4229263705174 30.000000000000004
1649.1246770164776 30.000000000000004
1650.019425078597 30.000000000000004
1649.2738016934975 30.000000000000004
1648.5281783083985 30.000000000000004
1649.4229263705174 30.000000000000004
1648.8264276624382 30.000000000000004
1649.1246770164776 30.000000000000004
1649.1246770164776 30.000000000000004
1649.1246770164776 30.000000000000004
1649.721175724557 30.000000000000004
1649.721175724557 30.000000000000004
1649.721175724557 30.000000000000004
1651.212422494756 30.000000000000004
1651.808921202836 30.000000000000004
1651.808921202836 30.000000000000004
1651.808921202836 30.000000000000004
1652.7036692649563 30.000000000000004
1652.4054199109162 30.000000000000004
1652.7036692649563 30.000000000000004
1654.4931653891979 30.000000000000004
1654.0457913581374 30.000000000000004
1654.3440407121777 30.000000000000004
1654.0457913581374 30.000000000000004
1654.9405394202586 30.000000000000004
1655.5370381283394 30.000000000000004
1655.83528748238 30.000000000000004
1654.642290066218 30.000000000000004
1654.9405394202586 30.000000000000004
1654.9405394202586 30.000000000000004
1655.5370381283394 30.000000000000004
1656.1335368364207 30.000000000000004
1656.4317861904613 30.000000000000004
1657.3265342525833 30.000000000000004
1657.0282848985426 30.000000000000004
1657.923032960665 30.000000000000004
1658.2212823147058 30.000000000000004
1659.1160303768288 30.000000000000004
1659.712529084911 30.000000000000004
1660.0107784389522 30.000000000000004
1660.3090277929932 30.000000000000004
1660.3090277929932 30.000000000000004
1660.3090277929932 30.000000000000004
1661.5020252091585 30.000000000000004
1660.9055265010759 30.000000000000004
1660.3090277929932 30.000000000000004
1659.4142797308698 30.000000000000004
1660.6072771470347 30.000000000000004
1660.3090277929932 30.000000000000004
1660.9055265010759 30.000000000000004
1660.9055265010759 30.000000000000004
1660.7564018240553 30.000000000000004
1659.5634044078904 30.000000000000004
1661.0546511780965 30.000000000000004
1661.6511498861792 30.000000000000004
1664.3353940725538 30.000000000000004
1664.6336434265954 30.000000000000004
1664.6336434265954 30.000000000000004
1664.6336434265954 30.000000000000004
1665.2301421346792 30.000000000000004
1665.5283914887214 30.000000000000004
1665.8266408427633 30.000000000000004
1666.4231395508475 30.000000000000004
1666.4231395508475 30.000000000000004
1667.317887612974 30.000000000000004
1666.1248901968054 30.000000000000004
1666.1248901968054 30.000000000000004
1667.317887612974 30.000000000000004
1667.317887612974 30.000000000000004
1667.9143863210586 30.000000000000004
1668.8091343831857 30.000000000000004
1668.8091343831857 30.000000000000004
1668.8091343831857 30.000000000000004
1668.8091343831857 30.000000000000004
1668.8091343831857 30.000000000000004
1668.8091343831857 30.000000000000004
1670.002131799356 30.000000000000004
1670.8968798614842 30.000000000000004
1670.8968798614842 30.000000000000004
1670.3003811533988 30.000000000000004
1671.4933785695698 30.000000000000004
1672.6863759857417 30.000000000000004
1673.282874693828 30.000000000000004
1673.5811240478713 30.000000000000004
1672.6863759857417 30.000000000000004
1672.089877277656 30.000000000000004
1672.3881266316987 30.000000000000004
1672.089877277656 30.000000000000004
1672.3881266316987 30.000000000000004
1672.984625339785 30.000000000000004
1672.6863759857417 30.000000000000004
1672.089877277656 30.000000000000004
1672.3881266316987 30.000000000000004
1672.089877277656 30.000000000000004
1674.1776227559576 30.000000000000004
1675.3706201721313 30.000000000000004
1675.668869526175 30.000000000000004
1675.668869526175 30.000000000000004
1676.8618669423495 30.000000000000004
1677.458365650437 30.000000000000004
1678.0548643585248 30.000000000000004
1678.3531137125688 30.000000000000004
1678.9496124206569 30.000000000000004
1679.8443604827892 30.000000000000004
1678.6513630666127 30.000000000000004
1678.6513630666127 30.000000000000004
1678.0548643585248 30.000000000000004
1678.3531137125688 30.000000000000004
1678.9496124206569 30.000000000000004
1679.8443604827892 30.000000000000004
1678.9496124206569 30.000000000000004
1678.8004877436347 30.000000000000004
1678.2039890355468 30.000000000000004
1677.607490327459 30.000000000000004
1677.607490327459 30.000000000000004
1677.9057396815028 30.000000000000004
1677.9057396815028 30.000000000000004
1678.2039890355468 30.000000000000004
1677.9057396815028 30.000000000000004
1678.8004877436347 30.000000000000004
1679.396986451723 30.000000000000004
1681.1864825759885 30.000000000000004
1682.6777293462114 30.000000000000004
1682.9759787002563 30.000000000000004
1684.1689761164355 30.000000000000004
1683.8707267623906 30.000000000000004
1683.5724774083458 30.000000000000004
1682.3794799921668 30.000000000000004
1683.5724774083458 30.000000000000004
1684.1689761164355 30.000000000000004
1684.7654748245254 30.000000000000004
1684.7654748245254 30.000000000000004
1686.5549709487966 30.000000000000004
1686.256721594751 30.000000000000004
1685.958472240706 30.000000000000004
1686.256721594751 30.000000000000004
1686.5549709487966 30.000000000000004
1687.747968364978 30.000000000000004
1688.3444670730694 30.000000000000004
1689.8357138432982 30.000000000000004
1690.7304619054362 30.000000000000004
1690.7304619054362 30.000000000000004
1690.7304619054362 30.000000000000004
1690.7304619054362 30.000000000000004
1690.7304619054362 30.000000000000004
1691.3269606135282 30.000000000000004
1691.6252099675744 30.000000000000004
1690.7304619054362 30.000000000000004
1690.283087874367 30.000000000000004
1691.4760852905513 30.000000000000004
1692.0725839986437 30.000000000000004
1692.3708333526902 30.000000000000004
1693.8620801229224 30.000000000000004
1693.563830768876 30.000000000000004
1693.2655814148293 30.000000000000004
1694.160329476969 30.000000000000004
1692.9673320607828 30.000000000000004
1694.4585788310155 30.000000000000004
1695.651576247203 30.000000000000004
1696.5463243093438 30.000000000000004
1696.844573663391 30.000000000000004
1697.1428230174379 30.000000000000004
1696.2480749552967 30.000000000000004
1696.5463243093438 30.000000000000004
1697.4410723714852 30.000000000000004
1697.7393217255324 30.000000000000004
1697.7393217255324 30.000000000000004
1697.7393217255324 30.000000000000004
1697.4410723714852 30.000000000000004
1698.335820433627 30.000000000000004
1697.7393217255324 30.000000000000004
1698.6340697876744 30.000000000000004
1698.335820433627 30.000000000000004
1699.8270672038645 30.000000000000004
1699.528817849817 30.000000000000004
1698.335820433627 30.000000000000004
1698.6340697876744 30.000000000000004
1698.932319141722 30.000000000000004
1698.932319141722 30.000000000000004
1699.528817849817 30.000000000000004
1700.1253165579124 30.000000000000004
1700.1253165579124 30.000000000000004
1699.528817849817 30.000000000000004
1699.8270672038645 30.000000000000004
1699.8270672038645 30.000000000000004
1701.0200646200556 30.000000000000004
1700.4235659119602 30.000000000000004
1700.4235659119602 30.000000000000004
1699.8270672038645 30.000000000000004
1699.528817849817 30.000000000000004
1700.4235659119602 30.000000000000004
1700.7218152660078 30.000000000000004
1701.0200646200556 30.000000000000004
1701.0200646200556 30.000000000000004
1701.0200646200556 30.000000000000004
1701.0200646200556 30.000000000000004
1701.6165633281514 30.000000000000004
1701.9148126821995 30.000000000000004
1701.9148126821995 30.000000000000004
1701.6165633281514 30.000000000000004
1701.3183139741036 30.000000000000004
1701.3183139741036 30.000000000000004
1701.3183139741036 30.000000000000004
1701.0200646200556 30.000000000000004
1701.6165633281514 30.000000000000004
1701.3183139741036 30.000000000000004
1701.6165633281514 30.000000000000004
1701.3183139741036 30.000000000000004
1701.6165633281514 30.000000000000004
1701.9148126821995 30.000000000000004
1702.3621867132715 30.000000000000004
1702.0639373592235 30.000000000000004
1702.3621867132715 30.000000000000004
1702.3621867132715 30.000000000000004
1702.3621867132715 30.000000000000004
1702.6604360673198 30.000000000000004
1702.3621867132715 30.000000000000004
1702.3621867132715 30.000000000000004
1702.0639373592235 30.000000000000004
1702.0639373592235 30.000000000000004
1701.7656880051754 30.000000000000004
1701.4674386511274 30.000000000000004
1701.7656880051754 30.000000000000004
1700.8709399430318 30.000000000000004
1701.1691892970796 30.000000000000004
1700.8709399430318 30.000000000000004
1700.8709399430318 30.000000000000004
1701.1691892970796 30.000000000000004
1700.2744412349361 30.000000000000004
1700.572690588984 30.000000000000004
1700.572690588984 30.000000000000004
1700.572690588984 30.000000000000004
1700.572690588984 30.000000000000004
1700.572690588984 30.000000000000004
1700.7218152660078 30.000000000000004
1700.1253165579124 30.000000000000004
1700.1253165579124 30.000000000000004
1700.1253165579124 30.000000000000004
1699.8270672038645 30.000000000000004
1699.8270672038645 30.000000000000004
1699.528817849817 30.000000000000004
1700.1253165579124 30.000000000000004
1700.1253165579124 30.000000000000004
1700.1253165579124 30.000000000000004
1700.1253165579124 30.000000000000004
1700.1253165579124 30.000000000000004
1700.1253165579124 30.000000000000004
1700.1253165579124 30.000000000000004
1700.1253165579124 30.000000000000004
1700.1253165579124 30.000000000000004
1700.1253165579124 30.000000000000004
1700.1253165579124 30.000000000000004
1700.1253165579124 30.000000000000004
