mLSHADE-RL
1446.0168669205625 30.000000000000004
1458.8415891438794 30.000000000000004
1404.8584560641202 30.000000000000004
1400.6829651076457 30.000000000000004
1379.5072609711547 30.000000000000004
1386.3669961139778 30.000000000000004
1370.2615309960179 30.000000000000004
1375.3317700146454 30.000000000000004
1384.279250635729 30.000000000000004
1370.5597803500552 30.000000000000004
1375.630019368682 30.000000000000004
1368.7702842258316 30.000000000000004
1373.5422738904251 30.000000000000004
1367.5772868096817 30.000000000000004
1376.2265180767552 30.000000000000004
1368.1737855177566 30.000000000000004
1378.3142635550098 30.000000000000004
1396.507474151166 30.000000000000004
1390.2442377164361 30.000000000000004
1399.4899676915093 30.000000000000004
1391.735484486611 30.000000000000004
1403.6654586479851 30.000000000000004
1400.9812144616799 30.000000000000004
1408.1391989584895 30.000000000000004
1411.7181912068888 30.000000000000004
1409.9286950826895 30.000000000000004
1417.0866795794816 30.000000000000004
1414.700684747219 30.000000000000004
1421.2621705359375 30.000000000000004
1419.17442505771 30.000000000000004
1425.7359108464213 30.000000000000004
1429.3149030948052 30.000000000000004
1425.7359108464213 30.000000000000004
1431.4026485730278 30.000000000000004
1427.8236563246458 30.000000000000004
1430.2096511569007 30.000000000000004
1428.4201550327095 30.000000000000004
1434.3851421133445 30.000000000000004
1436.1746382375334 30.000000000000004
1434.3851421133445 30.000000000000004
1440.3501291939722 30.000000000000004
1438.5606330697844 30.000000000000004
1441.2448772560658 30.000000000000004
1439.157131777847 30.000000000000004
1442.7361240262214 30.000000000000004
1448.1046123987785 30.000000000000004
1446.0168669205625 30.000000000000004
1457.3503423737275 30.000000000000004
1454.069599479392 30.000000000000004
1467.4908204107558 30.000000000000004
1472.8593087832958 30.000000000000004
1468.683817826876 30.000000000000004
1471.666311367176 30.000000000000004
1468.087319118816 30.000000000000004
1474.6488049074753 30.000000000000004
1471.964560721206 30.000000000000004
1476.4383010316546 30.000000000000004
1476.4383010316546 30.000000000000004
1473.1575581373259 30.000000000000004
1476.7365503856845 30.000000000000004
1474.9470542615052 30.000000000000004
1476.7365503856845 30.000000000000004
1477.631298447774 30.000000000000004
1476.1400516776248 30.000000000000004
1476.4383010316546 30.000000000000004
1475.543552969565 30.000000000000004
1477.3330490937442 30.000000000000004
1479.122545217923 30.000000000000004
1478.2277971558337 30.000000000000004
1478.8242958638932 30.000000000000004
1477.631298447774 30.000000000000004
1479.7190439259828 30.000000000000004
1480.613791988072 30.000000000000004
1479.122545217923 30.000000000000004
1479.420794571953 30.000000000000004
1479.122545217923 30.000000000000004
1482.1050387582209 30.000000000000004
1481.5085400501614 30.000000000000004
1480.3155426340422 30.000000000000004
1482.1050387582209 30.000000000000004
1480.0172932800124 30.000000000000004
1481.806789404191 30.000000000000004
1482.1050387582209 30.000000000000004
1481.2102906961316 30.000000000000004
1480.613791988072 30.000000000000004
1480.0172932800124 30.000000000000004
1480.3155426340422 30.000000000000004
1480.912041342102 30.000000000000004
1479.7190439259828 30.000000000000004
1480.0172932800124 30.000000000000004
1477.631298447774 30.000000000000004
1476.7365503856845 30.000000000000004
1480.3155426340422 30.000000000000004
1479.420794571953 30.000000000000004
1481.5085400501614 30.000000000000004
1485.6840310065775 30.000000000000004
1483.5962855283697 30.000000000000004
1484.192784236429 30.000000000000004
1481.806789404191 30.000000000000004
1482.9997868203102 30.000000000000004
1484.4910335904588 30.000000000000004
1483.2980361743398 30.000000000000004
1484.7892829444884 30.000000000000004
1483.5962855283697 30.000000000000004
1486.280529714637 30.000000000000004
1489.2630232549336 30.000000000000004
1488.964773900904 30.000000000000004
1491.9472674412004 30.000000000000004
1496.4210077516448 30.000000000000004
1495.8245090435855 30.000000000000004
1497.017506459704 30.000000000000004
1496.4210077516448 30.000000000000004
1497.9122545217929 30.000000000000004
1501.7894961241777 30.000000000000004
1501.7894961241777 30.000000000000004
1503.2807428943256 30.000000000000004
1502.982493540296 30.000000000000004
1502.0877454782071 30.000000000000004
1502.3859948322367 30.000000000000004
1502.0877454782071 30.000000000000004
1505.0702390185033 30.000000000000004
1506.2632364346218 30.000000000000004
1504.473740310444 30.000000000000004
1504.7719896644737 30.000000000000004
1506.2632364346218 30.000000000000004
1506.2632364346218 30.000000000000004
1508.6492312668588 30.000000000000004
1505.9649870805922 30.000000000000004
1509.8422286829773 30.000000000000004
1511.929974161185 30.000000000000004
1511.3334754531256 30.000000000000004
1514.9124677014818 30.000000000000004
1515.807215763571 30.000000000000004
1515.807215763571 30.000000000000004
1518.193210595809 30.000000000000004
1522.368701552226 30.000000000000004
1521.4739534901366 30.000000000000004
1522.6669509062558 30.000000000000004
1525.0529457384948 30.000000000000004
1524.158197676405 30.000000000000004
1527.1406912167042 30.000000000000004
1526.5441925086443 30.000000000000004
1528.631937986854 30.000000000000004
1529.526686048944 30.000000000000004
1528.930187340884 30.000000000000004
1532.8074289432743 30.000000000000004
1536.9829198996965 30.000000000000004
1536.6846705456662 30.000000000000004
1538.4741666698476 30.000000000000004
1543.544405688364 30.000000000000004
1542.9479069803028 30.000000000000004
1546.526899228669 30.000000000000004
1549.2111434149447 30.000000000000004
1548.6146447068834 30.000000000000004
1549.5093927689754 30.000000000000004
1550.105891477037 30.000000000000004
1549.5093927689754 30.000000000000004
1553.9831330794375 30.000000000000004
1557.5621253278098 30.000000000000004
1557.2638759737786 30.000000000000004
1559.0533720979654 30.000000000000004
1561.4393669302156 30.000000000000004
1561.1411175761841 30.000000000000004
1565.316608532624 30.000000000000004
1568.2991020729403 30.000000000000004
1566.807855302782 30.000000000000004
1568.0008527189086 30.000000000000004
1567.1061046568136 30.000000000000004
1567.1061046568136 30.000000000000004
1570.3868475511629 30.000000000000004
1570.3868475511629 30.000000000000004
1568.8956007810038 30.000000000000004
1570.3868475511629 30.000000000000004
1570.3868475511629 30.000000000000004
1570.088598197131 30.000000000000004
1572.4745930293864 30.000000000000004
1574.860587861643 30.000000000000004
1574.860587861643 30.000000000000004
1573.3693410914823 30.000000000000004
1574.5623385076108 30.000000000000004
1573.6675904455144 30.000000000000004
1573.6675904455144 30.000000000000004
1574.5623385076108 30.000000000000004
1573.9658397995465 30.000000000000004
1575.158837215675 30.000000000000004
1574.5623385076108 30.000000000000004
1574.2640891535787 30.000000000000004
1575.4570865697071 30.000000000000004
1574.5623385076108 30.000000000000004
1574.2640891535787 30.000000000000004
1575.158837215675 30.000000000000004
1575.4570865697071 30.000000000000004
1574.860587861643 30.000000000000004
1575.158837215675 30.000000000000004
1575.7553359237395 30.000000000000004
1575.158837215675 30.000000000000004
1575.7553359237395 30.000000000000004
1576.3518346318037 30.000000000000004
1576.650083985836 30.000000000000004
1575.7553359237395 30.000000000000004
1576.650083985836 30.000000000000004
1575.7553359237395 30.000000000000004
1575.4570865697071 30.000000000000004
1574.5623385076108 30.000000000000004
1573.9658397995465 30.000000000000004
1573.6675904455144 30.000000000000004
1573.9658397995465 30.000000000000004
1574.860587861643 30.000000000000004
1574.860587861643 30.000000000000004
1574.2640891535787 30.000000000000004
1574.2640891535787 30.000000000000004
1574.2640891535787 30.000000000000004
1573.6675904455144 30.000000000000004
1573.9658397995465 30.000000000000004
1574.2640891535787 30.000000000000004
1573.6675904455144 30.000000000000004
1573.3693410914823 30.000000000000004
1573.3693410914823 30.000000000000004
1572.7728423834183 30.000000000000004
1571.2815956132586 30.000000000000004
1571.2815956132586 30.000000000000004
1571.5798449672905 30.000000000000004
1570.9833462592267 30.000000000000004
1570.6850969051948 30.000000000000004
1570.6850969051948 30.000000000000004
1570.3868475511629 30.000000000000004
1570.088598197131 30.000000000000004
1570.088598197131 30.000000000000004
1569.7903488430993 30.000000000000004
1569.4920994890674 30.000000000000004
1569.7903488430993 30.000000000000004
1568.8956007810038 30.000000000000004
1568.5973514269722 30.000000000000004
1567.4043540108453 30.000000000000004
1567.4043540108453 30.000000000000004
1567.702603364877 30.000000000000004
1567.702603364877 30.000000000000004
1567.4043540108453 30.000000000000004
1567.702603364877 30.000000000000004
1568.0008527189086 30.000000000000004
1566.807855302782 30.000000000000004
1567.1061046568136 30.000000000000004
1566.807855302782 30.000000000000004
1566.5096059487503 30.000000000000004
1566.5096059487503 30.000000000000004
1566.5096059487503 30.000000000000004
1566.807855302782 30.000000000000004
1566.5096059487503 30.000000000000004
1566.2113565947188 30.000000000000004
1567.4043540108453 30.000000000000004
1568.0008527189086 30.000000000000004
1567.702603364877 30.000000000000004
1567.4043540108453 30.000000000000004
1566.5096059487503 30.000000000000004
1566.2113565947188 30.000000000000004
1566.2113565947188 30.000000000000004
1565.7639825636713 30.000000000000004
1565.46573320964 30.000000000000004
1565.46573320964 30.000000000000004
1564.5709851475453 30.000000000000004
1564.2727357935137 30.000000000000004
1563.9744864394822 30.000000000000004
1562.7814890233565 30.000000000000004
1562.7814890233565 30.000000000000004
1562.7814890233565 30.000000000000004
1562.1849903152938 30.000000000000004
1562.4832396693253 30.000000000000004
1562.1849903152938 30.000000000000004
1561.8867409612624 30.000000000000004
1561.5884916072312 30.000000000000004
1561.2902422531997 30.000000000000004
1561.2902422531997 30.000000000000004
1560.3954941911059 30.000000000000004
1560.6937435451373 30.000000000000004
1560.3954941911059 30.000000000000004
1560.3954941911059 30.000000000000004
1560.3954941911059 30.000000000000004
1560.3954941911059 30.000000000000004
1560.0972448370746 30.000000000000004
1560.3954941911059 30.000000000000004
1560.3954941911059 30.000000000000004
1560.6937435451373 30.000000000000004
1560.6937435451373 30.000000000000004
1560.3954941911059 30.000000000000004
1560.3954941911059 30.000000000000004
1560.6937435451373 30.000000000000004
1560.0972448370746 30.000000000000004
1559.948120160059 30.000000000000004
1559.3516214519966 30.000000000000004
1559.0533720979654 30.000000000000004
1559.7989954830434 30.000000000000004
1560.0972448370746 30.000000000000004
1560.6937435451373 30.000000000000004
1560.0972448370746 30.000000000000004
1560.0972448370746 30.000000000000004
1559.6498708060278 30.000000000000004
1560.5446188681215 30.000000000000004
1560.2463695140902 30.000000000000004
1559.6498708060278 30.000000000000004
1559.6498708060278 30.000000000000004
1559.7989954830434 30.000000000000004
1559.5007461290122 30.000000000000004
1559.5007461290122 30.000000000000004
1558.9042474209498 30.000000000000004
1558.6059980669186 30.000000000000004
1557.7112500048252 30.000000000000004
1557.4130006507942 30.000000000000004
1557.4130006507942 30.000000000000004
1557.4130006507942 30.000000000000004
1558.158624035872 30.000000000000004
1557.5621253278098 30.000000000000004
1558.158624035872 30.000000000000004
1557.5621253278098 30.000000000000004
1557.2638759737786 30.000000000000004
1556.6673772657164 30.000000000000004
1556.9656266197476 30.000000000000004
1557.2638759737786 30.000000000000004
1556.6673772657164 30.000000000000004
1556.3691279116854 30.000000000000004
1556.3691279116854 30.000000000000004
1556.3691279116854 30.000000000000004
1556.6673772657164 30.000000000000004
1557.2638759737786 30.000000000000004
1556.9656266197476 30.000000000000004
1556.6673772657164 30.000000000000004
1556.9656266197476 30.000000000000004
1556.6673772657164 30.000000000000004
1556.6673772657164 30.000000000000004
1556.0708785576544 30.000000000000004
1555.7726292036234 30.000000000000004
1554.8778811415305 30.000000000000004
1554.2813824334685 30.000000000000004
1554.5796317874995 30.000000000000004
1554.8778811415305 30.000000000000004
1555.1761304955614 30.000000000000004
1554.8778811415305 30.000000000000004
1554.8778811415305 30.000000000000004
1554.5796317874995 30.000000000000004
1554.8778811415305 30.000000000000004
1555.7726292036234 30.000000000000004
1555.4743798495924 30.000000000000004
1555.1761304955614 30.000000000000004
1554.5796317874995 30.000000000000004
1554.5796317874995 30.000000000000004
1554.8778811415305 30.000000000000004
1555.1761304955614 30.000000000000004
1554.8778811415305 30.000000000000004
1554.5796317874995 30.000000000000004
1555.4743798495924 30.000000000000004
1555.1761304955614 30.000000000000004
1554.8778811415305 30.000000000000004
1554.8778811415305 30.000000000000004
1556.6673772657164 30.000000000000004
1556.9656266197476 30.000000000000004
1556.3691279116854 30.000000000000004
1556.3691279116854 30.000000000000004
1556.0708785576544 30.000000000000004
1556.9656266197476 30.000000000000004
1557.2638759737786 30.000000000000004
1557.5621253278098 30.000000000000004
1557.5621253278098 30.000000000000004
1557.5621253278098 30.000000000000004
1556.9656266197476 30.000000000000004
1556.9656266197476 30.000000000000004
1556.9656266197476 30.000000000000004
1557.5621253278098 30.000000000000004
1556.9656266197476 30.000000000000004
1556.6673772657164 30.000000000000004
1556.6673772657164 30.000000000000004
1556.3691279116854 30.000000000000004
1556.0708785576544 30.000000000000004
1556.0708785576544 30.000000000000004
1557.2638759737786 30.000000000000004
1556.9656266197476 30.000000000000004
1556.9656266197476 30.000000000000004
1557.2638759737786 30.000000000000004
1557.2638759737786 30.000000000000004
1557.2638759737786 30.000000000000004
1556.9656266197476 30.000000000000004
1556.6673772657164 30.000000000000004
1556.3691279116854 30.000000000000004
1556.6673772657164 30.000000000000004
1557.2638759737786 30.000000000000004
1556.9656266197476 30.000000000000004
1557.2638759737786 30.000000000000004
1557.2638759737786 30.000000000000004
1557.2638759737786 30.000000000000004
1556.9656266197476 30.000000000000004
1556.9656266197476 30.000000000000004
1556.9656266197476 30.000000000000004
1556.9656266197476 30.000000000000004
1556.6673772657164 30.000000000000004
1556.3691279116854 30.000000000000004
1556.3691279116854 30.000000000000004
1556.0708785576544 30.000000000000004
1556.6673772657164 30.000000000000004
1557.2638759737786 30.000000000000004
1557.4130006507942 30.000000000000004
1557.4130006507942 30.000000000000004
1557.4130006507942 30.000000000000004
1557.4130006507942 30.000000000000004
1557.8603746818408 30.000000000000004
1557.8603746818408 30.000000000000004
1558.4568733899032 30.000000000000004
1558.7551227439342 30.000000000000004
1558.4568733899032 30.000000000000004
1558.7551227439342 30.000000000000004
1558.158624035872 30.000000000000004
1558.3077487128876 30.000000000000004
1558.3077487128876 30.000000000000004
1558.4568733899032 30.000000000000004
1558.6059980669186 30.000000000000004
1558.3077487128876 30.000000000000004
1558.3077487128876 30.000000000000004
1558.0094993588564 30.000000000000004
1558.158624035872 30.000000000000004
1559.0533720979654 30.000000000000004
1561.7376162842468 30.000000000000004
1561.1411175761841 30.000000000000004
1561.4393669302156 30.000000000000004
1561.4393669302156 30.000000000000004
1561.7376162842468 30.000000000000004
1561.4393669302156 30.000000000000004
1561.1411175761841 30.000000000000004
1561.4393669302156 30.000000000000004
1561.1411175761841 30.000000000000004
1560.842868222153 30.000000000000004
1561.1411175761841 30.000000000000004
1561.1411175761841 30.000000000000004
1560.842868222153 30.000000000000004
1560.842868222153 30.000000000000004
1560.842868222153 30.000000000000004
1561.4393669302156 30.000000000000004
1561.7376162842468 30.000000000000004
1562.6323643463409 30.000000000000004
1562.6323643463409 30.000000000000004
1563.2288630544037 30.000000000000004
1562.9306137003723 30.000000000000004
1562.9306137003723 30.000000000000004
1562.9306137003723 30.000000000000004
1562.6323643463409 30.000000000000004
1562.3341149923094 30.000000000000004
1562.3341149923094 30.000000000000004
1562.3341149923094 30.000000000000004
1562.9306137003723 30.000000000000004
1564.4218604705295 30.000000000000004
1565.9131072406872 30.000000000000004
1565.9131072406872 30.000000000000004
1566.062231917703 30.000000000000004
1565.46573320964 30.000000000000004
1565.46573320964 30.000000000000004
1565.46573320964 30.000000000000004
1565.46573320964 30.000000000000004
1565.46573320964 30.000000000000004
1565.46573320964 30.000000000000004
1565.7639825636713 30.000000000000004
1566.062231917703 30.000000000000004
1565.1674838556082 30.000000000000004
1564.8692345015768 30.000000000000004
1564.8692345015768 30.000000000000004
1564.8692345015768 30.000000000000004
1565.1674838556082 30.000000000000004
1565.1674838556082 30.000000000000004
1564.8692345015768 30.000000000000004
1564.8692345015768 30.000000000000004
1564.8692345015768 30.000000000000004
1564.5709851475453 30.000000000000004
1564.8692345015768 30.000000000000004
1564.8692345015768 30.000000000000004
1565.1674838556082 30.000000000000004
1564.8692345015768 30.000000000000004
1564.5709851475453 30.000000000000004
1564.2727357935137 30.000000000000004
1564.5709851475453 30.000000000000004
1565.1674838556082 30.000000000000004
1565.1674838556082 30.000000000000004
1565.1674838556082 30.000000000000004
1565.1674838556082 30.000000000000004
1565.1674838556082 30.000000000000004
1565.46573320964 30.000000000000004
1566.062231917703 30.000000000000004
1566.658730625766 30.000000000000004
1567.2552293338294 30.000000000000004
1566.658730625766 30.000000000000004
1566.658730625766 30.000000000000004
1566.9569799797978 30.000000000000004
1567.5534786878611 30.000000000000004
1567.5534786878611 30.000000000000004
1567.8517280418928 30.000000000000004
1568.4482267499561 30.000000000000004
1568.746476103988 30.000000000000004
1568.746476103988 30.000000000000004
1569.0447254580197 30.000000000000004
1569.3429748120516 30.000000000000004
1570.5359722281787 30.000000000000004
1570.5359722281787 30.000000000000004
1571.1324709362425 30.000000000000004
1571.7289696443063 30.000000000000004
1572.6237177064022 30.000000000000004
1572.6237177064022 30.000000000000004
1573.2202164144664 30.000000000000004
1573.2202164144664 30.000000000000004
1573.5184657684983 30.000000000000004
1573.8167151225305 30.000000000000004
1575.009712538659 30.000000000000004
1575.009712538659 30.000000000000004
1575.307961892691 30.000000000000004
1574.7114631846268 30.000000000000004
1575.009712538659 30.000000000000004
1575.6062112467232 30.000000000000004
1576.2027099547877 30.000000000000004
1575.9044606007556 30.000000000000004
1575.9044606007556 30.000000000000004
1576.2027099547877 30.000000000000004
1576.2027099547877 30.000000000000004
1576.50095930882 30.000000000000004
1577.0974580168845 30.000000000000004
1577.3957073709169 30.000000000000004
1577.3957073709169 30.000000000000004
1577.3957073709169 30.000000000000004
1577.3957073709169 30.000000000000004
1577.9922060789816 30.000000000000004
1577.9922060789816 30.000000000000004
1579.4834528491435 30.000000000000004
1579.781702203176 30.000000000000004
1579.781702203176 30.000000000000004
1582.7641957435021 30.000000000000004
1582.4659463894693 30.000000000000004
1582.7641957435021 30.000000000000004
1583.062445097535 30.000000000000004
1582.7641957435021 30.000000000000004
1583.062445097535 30.000000000000004
1583.3606944515675 30.000000000000004
1583.957193159633 30.000000000000004
1583.957193159633 30.000000000000004
1583.6589438056003 30.000000000000004
1583.3606944515675 30.000000000000004
1583.957193159633 30.000000000000004
1584.255442513666 30.000000000000004
1585.1501905757646 30.000000000000004
1586.0449386378632 30.000000000000004
1586.6414373459293 30.000000000000004
1586.9396866999623 30.000000000000004
1587.2379360539953 30.000000000000004
1587.2379360539953 30.000000000000004
1587.2379360539953 30.000000000000004
1587.9835594390781 30.000000000000004
1589.1765568552107 30.000000000000004
1589.7730555632772 30.000000000000004
1589.1765568552107 30.000000000000004
1589.3256815322272 30.000000000000004
1589.6239308862605 30.000000000000004
1590.5186789483603 30.000000000000004
1590.667803625377 30.000000000000004
1590.667803625377 30.000000000000004
1591.7116763644938 30.000000000000004
1592.6064244265942 30.000000000000004
1592.755549103611 30.000000000000004
1592.9046737806277 30.000000000000004
1593.352047811678 30.000000000000004
1593.6502971657114 30.000000000000004
1593.5011724886947 30.000000000000004
1593.5011724886947 30.000000000000004
1593.6502971657114 30.000000000000004
1594.9924192588628 30.000000000000004
1594.9924192588628 30.000000000000004
1595.7380426439472 30.000000000000004
1595.7380426439472 30.000000000000004
1598.5714115072692 30.000000000000004
1599.167910215337 30.000000000000004
1599.167910215337 30.000000000000004
1599.6152842463882 30.000000000000004
1599.6152842463882 30.000000000000004
1600.5100323084907 30.000000000000004
1600.5100323084907 30.000000000000004
1600.808281662525 30.000000000000004
1601.106531016559 30.000000000000004
1601.7030297246276 30.000000000000004
1602.5977777867306 30.000000000000004
1603.1942764947994 30.000000000000004
1603.3434011718166 30.000000000000004
1604.3872739109374 30.000000000000004
1604.685523264972 30.000000000000004
1604.9837726190065 30.000000000000004
1604.9837726190065 30.000000000000004
1606.0276453581278 30.000000000000004
1606.6241440661972 30.000000000000004
1606.922393420232 30.000000000000004
1607.8171414823366 30.000000000000004
1607.5188921283016 30.000000000000004
1607.5188921283016 30.000000000000004
1609.3083882525113 30.000000000000004
1609.3083882525113 30.000000000000004
1609.1592635754937 30.000000000000004
1609.0101388984763 30.000000000000004
1609.4575129295288 30.000000000000004
1609.7557622835639 30.000000000000004
1610.7996350226867 30.000000000000004
1610.7996350226867 30.000000000000004
1612.4400064698805 30.000000000000004
1612.1417571158452 30.000000000000004
1612.4400064698805 30.000000000000004
1612.8873805009337 30.000000000000004
1613.4838792090045 30.000000000000004
1615.1242506561996 30.000000000000004
1615.2733753332175 30.000000000000004
1615.1242506561996 30.000000000000004
1616.46637274936 30.000000000000004
1616.615497426378 30.000000000000004
1618.106744196557 30.000000000000004
1618.404993550593 30.000000000000004
1618.106744196557 30.000000000000004
1618.5541182276108 30.000000000000004
1619.299741612701 30.000000000000004
1619.299741612701 30.000000000000004
1619.299741612701 30.000000000000004
1620.4927390288453 30.000000000000004
1620.4927390288453 30.000000000000004
1620.1944896748091 30.000000000000004
1620.4927390288453 30.000000000000004
1620.7909883828813 30.000000000000004
1620.4927390288453 30.000000000000004
1620.4927390288453 30.000000000000004
1621.3874870909538 30.000000000000004
1621.0892377369175 30.000000000000004
1621.0892377369175 30.000000000000004
1621.0892377369175 30.000000000000004
1620.7909883828813 30.000000000000004
1620.4927390288453 30.000000000000004
1620.1944896748091 30.000000000000004
1621.0892377369175 30.000000000000004
1620.7909883828813 30.000000000000004
1620.9401130598994 30.000000000000004
1620.9401130598994 30.000000000000004
1621.2383624139356 30.000000000000004
1621.2383624139356 30.000000000000004
1621.6857364449902 30.000000000000004
1621.9839857990264 30.000000000000004
1621.9839857990264 30.000000000000004
1621.9839857990264 30.000000000000004
1621.6857364449902 30.000000000000004
1621.6857364449902 30.000000000000004
1622.7296091841174 30.000000000000004
1622.1331104760445 30.000000000000004
1622.1331104760445 30.000000000000004
1622.7296091841174 30.000000000000004
1623.3261078921903 30.000000000000004
1623.3261078921903 30.000000000000004
1623.6243572462267 30.000000000000004
1623.6243572462267 30.000000000000004
1623.3261078921903 30.000000000000004
1623.6243572462267 30.000000000000004
1623.6243572462267 30.000000000000004
1623.6243572462267 30.000000000000004
1623.9226066002632 30.000000000000004
1623.6243572462267 30.000000000000004
1623.6243572462267 30.000000000000004
1623.6243572462267 30.000000000000004
1623.3261078921903 30.000000000000004
1623.3261078921903 30.000000000000004
1623.0278585381539 30.000000000000004
1623.3261078921903 30.000000000000004
1623.6243572462267 30.000000000000004
1623.6243572462267 30.000000000000004
1623.3261078921903 30.000000000000004
1623.0278585381539 30.000000000000004
1622.7296091841174 30.000000000000004
1623.0278585381539 30.000000000000004
1623.6243572462267 30.000000000000004
1623.6243572462267 30.000000000000004
1623.176983215172 30.000000000000004
1623.176983215172 30.000000000000004
1623.176983215172 30.000000000000004
1623.4752325692084 30.000000000000004
1623.4752325692084 30.000000000000004
1623.176983215172 30.000000000000004
1623.9226066002632 30.000000000000004
1625.4138533704463 30.000000000000004
1625.4138533704463 30.000000000000004
1625.1156040164096 30.000000000000004
1625.712102724483 30.000000000000004
1625.712102724483 30.000000000000004
1626.0103520785196 30.000000000000004
1626.0103520785196 30.000000000000004
1626.6068507865934 30.000000000000004
1626.90510014063 30.000000000000004
1627.9489728797594 30.000000000000004
1628.8437209418705 30.000000000000004
1629.7384690039821 30.000000000000004
1629.1419702959076 30.000000000000004
1629.7384690039821 30.000000000000004
1629.7384690039821 30.000000000000004
1630.0367183580192 30.000000000000004
1630.0367183580192 30.000000000000004
1629.7384690039821 30.000000000000004
1630.0367183580192 30.000000000000004
1630.3349677120564 30.000000000000004
1630.633217066094 30.000000000000004
1630.3349677120564 30.000000000000004
1630.0367183580192 30.000000000000004
1630.0367183580192 30.000000000000004
1630.3349677120564 30.000000000000004
1630.3349677120564 30.000000000000004
1630.0367183580192 30.000000000000004
1630.0367183580192 30.000000000000004
1630.3349677120564 30.000000000000004
1630.3349677120564 30.000000000000004
1630.931466420131 30.000000000000004
1630.633217066094 30.000000000000004
1630.3349677120564 30.000000000000004
1630.633217066094 30.000000000000004
1630.633217066094 30.000000000000004
1630.633217066094 30.000000000000004
1630.931466420131 30.000000000000004
1631.2297157741684 30.000000000000004
1630.931466420131 30.000000000000004
1630.931466420131 30.000000000000004
1631.8262144822434 30.000000000000004
1632.4227131903183 30.000000000000004
1632.4227131903183 30.000000000000004
1633.6157106064686 30.000000000000004
1634.212209314544 30.000000000000004
1634.212209314544 30.000000000000004
1634.212209314544 30.000000000000004
1634.5104586685818 30.000000000000004
1634.212209314544 30.000000000000004
1634.5104586685818 30.000000000000004
1635.5543314077142 30.000000000000004
1635.2560820536764 30.000000000000004
1635.2560820536764 30.000000000000004
1635.2560820536764 30.000000000000004
1635.2560820536764 30.000000000000004
1634.6595833456006 30.000000000000004
1634.6595833456006 30.000000000000004
1634.9578326996384 30.000000000000004
1634.9578326996384 30.000000000000004
1636.15083011579 30.000000000000004
1636.15083011579 30.000000000000004
1636.15083011579 30.000000000000004
1636.15083011579 30.000000000000004
1636.15083011579 30.000000000000004
1636.15083011579 30.000000000000004
1636.15083011579 30.000000000000004
1635.5543314077142 30.000000000000004
1635.2560820536764 30.000000000000004
1635.2560820536764 30.000000000000004
1635.5543314077142 30.000000000000004
1635.5543314077142 30.000000000000004
1636.15083011579 30.000000000000004
1636.15083011579 30.000000000000004
1637.4929522089612 30.000000000000004
1638.0894509170378 30.000000000000004
1638.0894509170378 30.000000000000004
1637.7912015629995 30.000000000000004
1637.7912015629995 30.000000000000004
1637.7912015629995 30.000000000000004
1637.7912015629995 30.000000000000004
1637.7912015629995 30.000000000000004
1638.685949625114 30.000000000000004
1638.685949625114 30.000000000000004
1638.685949625114 30.000000000000004
1638.685949625114 30.000000000000004
1638.685949625114 30.000000000000004
1638.9841989791526 30.000000000000004
1638.9841989791526 30.000000000000004
1638.9841989791526 30.000000000000004
1638.3877002710758 30.000000000000004
1638.0894509170378 30.000000000000004
1639.1333236561716 30.000000000000004
1639.1333236561716 30.000000000000004
1639.1333236561716 30.000000000000004
1639.43157301021 30.000000000000004
1639.43157301021 30.000000000000004
1639.43157301021 30.000000000000004
1640.0280717182868 30.000000000000004
1640.0280717182868 30.000000000000004
1640.0280717182868 30.000000000000004
1640.0280717182868 30.000000000000004
1639.7298223642483 30.000000000000004
1639.7298223642483 30.000000000000004
1640.0280717182868 30.000000000000004
1640.0280717182868 30.000000000000004
1640.0280717182868 30.000000000000004
1640.0280717182868 30.000000000000004
1640.0280717182868 30.000000000000004
1640.0280717182868 30.000000000000004
1640.0280717182868 30.000000000000004
1640.0280717182868 30.000000000000004
1640.0280717182868 30.000000000000004
1640.3263210723253 30.000000000000004
1640.3263210723253 30.000000000000004
1640.3263210723253 30.000000000000004
1640.6245704263638 30.000000000000004
1641.5193184884797 30.000000000000004
1642.115817196557 30.000000000000004
1642.4140665505956 30.000000000000004
1642.4140665505956 30.000000000000004
1642.115817196557 30.000000000000004
1642.4140665505956 30.000000000000004
1642.4140665505956 30.000000000000004
1642.7123159046346 30.000000000000004
1643.308814612712 30.000000000000004
1643.308814612712 30.000000000000004
1643.607063966751 30.000000000000004
1643.90531332079 30.000000000000004
1644.2035626748288 30.000000000000004
1643.90531332079 30.000000000000004
1643.90531332079 30.000000000000004
1643.90531332079 30.000000000000004
1643.90531332079 30.000000000000004
1643.90531332079 30.000000000000004
1643.90531332079 30.000000000000004
1644.2035626748288 30.000000000000004
1644.2035626748288 30.000000000000004
1644.2035626748288 30.000000000000004
1644.2035626748288 30.000000000000004
1644.2035626748288 30.000000000000004
1644.501812028868 30.000000000000004
1645.0983107369461 30.000000000000004
1645.9930587990636 30.000000000000004
1646.8878068611814 30.000000000000004
1646.8878068611814 30.000000000000004
1646.8878068611814 30.000000000000004
1646.8878068611814 30.000000000000004
1647.1860562152208 30.000000000000004
1647.1860562152208 30.000000000000004
1647.7825549232996 30.000000000000004
1648.0808042773392 30.000000000000004
1648.6773029854182 30.000000000000004
1649.2738016934975 30.000000000000004
1649.5720510475371 30.000000000000004
1649.5720510475371 30.000000000000004
1649.5720510475371 30.000000000000004
1649.870300401577 30.000000000000004
1651.0632978177362 30.000000000000004
1651.0632978177362 30.000000000000004
1651.3615471717762 30.000000000000004
1651.9580458798562 30.000000000000004
1652.2562952338963 30.000000000000004
1651.9580458798562 30.000000000000004
1651.9580458798562 30.000000000000004
1651.9580458798562 30.000000000000004
1651.9580458798562 30.000000000000004
1652.2562952338963 30.000000000000004
1652.2562952338963 30.000000000000004
1652.8527939419764 30.000000000000004
1653.4492926500568 30.000000000000004
1653.4492926500568 30.000000000000004
1654.0457913581374 30.000000000000004
1654.3440407121777 30.000000000000004
1654.9405394202586 30.000000000000004
1659.4142797308698 30.000000000000004
1660.3090277929932 30.000000000000004
1662.993271979366 30.000000000000004
1663.5897706874493 30.000000000000004
1664.1862693955327 30.000000000000004
1666.2740148738262 30.000000000000004
1671.3442538925485 30.000000000000004
1674.6249967870228 30.000000000000004
1675.519744849153 30.000000000000004
1676.1162435572403 30.000000000000004
1679.9934851598114 30.000000000000004
1684.1689761164355 30.000000000000004
1685.0637241785705 30.000000000000004
1687.747968364978 30.000000000000004
1690.133963197344 30.000000000000004
1691.9234593216206 30.000000000000004
1692.8182073837597 30.000000000000004
1693.712955445899 30.000000000000004
1694.0112047999457 30.000000000000004
1694.9059528620858 30.000000000000004
1695.2042022161324 30.000000000000004
1695.2042022161324 30.000000000000004
1695.2042022161324 30.000000000000004
1698.4849451106506 30.000000000000004
1699.9761918808886 30.000000000000004
1701.1691892970796 30.000000000000004
1702.6604360673198 30.000000000000004
1703.256934775416 30.000000000000004
1703.256934775416 30.000000000000004
1703.256934775416 30.000000000000004
1703.256934775416 30.000000000000004
1703.256934775416 30.000000000000004
1703.5551841294646 30.000000000000004
1703.5551841294646 30.000000000000004
1703.5551841294646 30.000000000000004
1704.1516828375613 30.000000000000004
1704.748181545658 30.000000000000004
1705.642929607804 30.000000000000004
1705.642929607804 30.000000000000004
1705.9411789618528 30.000000000000004
1705.9411789618528 30.000000000000004
1705.9411789618528 30.000000000000004
1706.2394283159017 30.000000000000004
1706.5376776699504 30.000000000000004
1706.5376776699504 30.000000000000004
1706.5376776699504 30.000000000000004
1706.8359270239994 30.000000000000004
1706.8359270239994 30.000000000000004
1707.4324257320975 30.000000000000004
1707.4324257320975 30.000000000000004
1707.4324257320975 30.000000000000004
1708.3271737942448 30.000000000000004
1708.625423148294 30.000000000000004
1708.625423148294 30.000000000000004
1709.2219218563928 30.000000000000004
1709.2219218563928 30.000000000000004
1711.3096673347397 30.000000000000004
1711.01141798069 30.000000000000004
1711.01141798069 30.000000000000004
1711.01141798069 30.000000000000004
1711.3096673347397 30.000000000000004
1711.6079166887896 30.000000000000004
1711.6079166887896 30.000000000000004
1711.6079166887896 30.000000000000004
1711.6079166887896 30.000000000000004
1711.6079166887896 30.000000000000004
1711.6079166887896 30.000000000000004
1711.9061660428395 30.000000000000004
1711.9061660428395 30.000000000000004
1711.9061660428395 30.000000000000004
1711.9061660428395 30.000000000000004
1713.99391152119 30.000000000000004
1713.69566216714 30.000000000000004
1713.99391152119 30.000000000000004
1713.3974128130897 30.000000000000004
1713.99391152119 30.000000000000004
1713.99391152119 30.000000000000004
1713.99391152119 30.000000000000004
1713.99391152119 30.000000000000004
1713.99391152119 30.000000000000004
1713.99391152119 30.000000000000004
1713.99391152119 30.000000000000004
1713.99391152119 30.000000000000004
1713.99391152119 30.000000000000004
1713.99391152119 30.000000000000004
1713.99391152119 30.000000000000004
1714.2921608752404 30.000000000000004
1714.2921608752404 30.000000000000004
1714.590410229291 30.000000000000004
1714.8886595833415 30.000000000000004
1715.1869089373918 30.000000000000004
1715.1869089373918 30.000000000000004
1715.1869089373918 30.000000000000004
1714.8886595833415 30.000000000000004
1714.8886595833415 30.000000000000004
1715.1869089373918 30.000000000000004
1715.1869089373918 30.000000000000004
1715.1869089373918 30.000000000000004
1715.1869089373918 30.000000000000004
1715.1869089373918 30.000000000000004
1715.1869089373918 30.000000000000004
1714.8886595833415 30.000000000000004
1714.8886595833415 30.000000000000004
1714.8886595833415 30.000000000000004
1714.8886595833415 30.000000000000004
1714.8886595833415 30.000000000000004
1714.4412855522658 30.000000000000004
1714.4412855522658 30.000000000000004
1714.739534906316 30.000000000000004
1715.3360336144171 30.000000000000004
1715.3360336144171 30.000000000000004
1715.9325323225185 30.000000000000004
1716.3799063535944 30.000000000000004
1716.0816569995436 30.000000000000004
1716.0816569995436 30.000000000000004
1716.0816569995436 30.000000000000004
1715.9325323225185 30.000000000000004
1716.230781676569 30.000000000000004
1716.230781676569 30.000000000000004
1716.230781676569 30.000000000000004
1716.230781676569 30.000000000000004
1716.230781676569 30.000000000000004
1716.230781676569 30.000000000000004
1716.230781676569 30.000000000000004
1716.8272803846705 30.000000000000004
1716.8272803846705 30.000000000000004
1716.8272803846705 30.000000000000004
1716.8272803846705 30.000000000000004
1716.8272803846705 30.000000000000004
1716.8272803846705 30.000000000000004
1716.8272803846705 30.000000000000004
1716.8272803846705 30.000000000000004
1717.4237790927725 30.000000000000004
1717.4237790927725 30.000000000000004
1717.4237790927725 30.000000000000004
1717.4237790927725 30.000000000000004
1717.4237790927725 30.000000000000004
1717.4237790927725 30.000000000000004
1717.4237790927725 30.000000000000004
1717.1255297387215 30.000000000000004
1717.4237790927725 30.000000000000004
1717.4237790927725 30.000000000000004
1717.4237790927725 30.000000000000004
1717.4237790927725 30.000000000000004
1717.4237790927725 30.000000000000004
1717.4237790927725 30.000000000000004
1717.4237790927725 30.000000000000004
1717.7220284468235 30.000000000000004
1717.7220284468235 30.000000000000004
