PO
1853.1272351932992 30.000000000000004
1865.057209356816 30.000000000000004
1856.109728734164 30.000000000000004
1862.074715815922 30.000000000000004
1859.9869703373024 30.000000000000004
1864.758960002726 30.000000000000004
1864.758960002726 30.000000000000004
1861.179967753656 30.000000000000004
1861.179967753656 30.000000000000004
1862.074715815922 30.000000000000004
1859.6887209832144 30.000000000000004
1857.8992248586874 30.000000000000004
1861.179967753656 30.000000000000004
1859.390471629126 30.000000000000004
1860.583469045479 30.000000000000004
1860.8817183995675 30.000000000000004
1860.2852196913905 30.000000000000004
1862.6712145241002 30.000000000000004
1861.4782171077447 30.000000000000004
1863.8642119404574 30.000000000000004
1863.2677132322785 30.000000000000004
1861.7764664618335 30.000000000000004
1861.179967753656 30.000000000000004
1864.4607106486365 30.000000000000004
1862.074715815922 30.000000000000004
1865.057209356816 30.000000000000004
1859.9869703373024 30.000000000000004
1861.179967753656 30.000000000000004
1860.8817183995675 30.000000000000004
1860.583469045479 30.000000000000004
1858.7939729209504 30.000000000000004
1858.4957235668626 30.000000000000004
1856.407978088251 30.000000000000004
1856.407978088251 30.000000000000004
1855.5132300259902 30.000000000000004
1854.3202326096439 30.000000000000004
1853.7237339014714 30.000000000000004
1850.7412403606143 30.000000000000004
1849.2499935901892 30.000000000000004
1849.2499935901892 30.000000000000004
1848.9517442361046 30.000000000000004
1846.2675000493464 30.000000000000004
1843.8815052166788 30.000000000000004
1843.2850065085129 30.000000000000004
1841.197261029935 30.000000000000004
1838.5130168431983 30.000000000000004
1836.12702201055 30.000000000000004
1834.3375258860674 30.000000000000004
1834.0392765319873 30.000000000000004
1830.4602842830332 30.000000000000004
1827.4777907422476 30.000000000000004
1824.197047847394 30.000000000000004
1821.8110530147796 30.000000000000004
1820.0215568903227 30.000000000000004
1816.740813995493 30.000000000000004
1813.4600711006735 30.000000000000004
1806.3020866029208 30.000000000000004
1802.1265956459206 30.000000000000004
1797.9511046889363 30.000000000000004
1796.1616085645194 30.000000000000004
1793.4773643778992 30.000000000000004
1792.8808656697622 30.000000000000004
1791.3896188994213 30.000000000000004
1790.7931201912857 30.000000000000004
1789.6001227750148 30.000000000000004
1787.512377296544 30.000000000000004
1784.529883755878 30.000000000000004
1783.1877616625811 30.000000000000004
1780.5035174759914 30.000000000000004
1778.415771997537 30.000000000000004
1777.8192732894079 30.000000000000004
1776.0297771650223 30.000000000000004
1773.0472836243853 30.000000000000004
1770.064790083756 30.000000000000004
1767.3805458971956 30.000000000000004
1765.8892991268872 30.000000000000004
1764.9945510647026 30.000000000000004
1763.503304294397 30.000000000000004
1762.0120575240928 30.000000000000004
1759.92431204567 30.000000000000004
1759.0295639834899 30.000000000000004
1757.2400678591314 30.000000000000004
1755.4505717347756 30.000000000000004
1754.8540730266577 30.000000000000004
1753.9593249644809 30.000000000000004
1753.6610756104221 30.000000000000004
1752.468078194188 30.000000000000004
1749.1873352995494 30.000000000000004
1748.8890859454918 30.000000000000004
1747.0995898211474 30.000000000000004
1744.4153456346353 30.000000000000004
1743.5205975724657 30.000000000000004
1740.538104031905 30.000000000000004
1739.643355969738 30.000000000000004
1736.6608624291855 30.000000000000004
1735.1696156589117 30.000000000000004
1733.6783688886396 30.000000000000004
1731.888872764315 30.000000000000004
1730.9941247021534 30.000000000000004
1729.8011272859392 30.000000000000004
1726.5203843913548 30.000000000000004
1725.0291376210914 30.000000000000004
1722.6431427886735 30.000000000000004
1720.2571479562594 30.000000000000004
1718.7659011860023 30.000000000000004
1715.4851582914425 30.000000000000004
1713.3974128130897 30.000000000000004
1711.9061660428395 30.000000000000004
1710.7131686266403 30.000000000000004
1709.2219218563928 30.000000000000004
1706.5376776699504 30.000000000000004
1705.642929607804 30.000000000000004
1702.2130620362477 30.000000000000004
1699.528817849817 30.000000000000004
1698.335820433627 30.000000000000004
1694.7568281850624 30.000000000000004
1693.8620801229224 30.000000000000004
1693.8620801229224 30.000000000000004
1692.8182073837597 30.000000000000004
1691.6252099675744 30.000000000000004
1689.5374644892522 30.000000000000004
1687.747968364978 30.000000000000004
1684.4672254704803 30.000000000000004
1682.9759787002563 30.000000000000004
1681.4847319300331 30.000000000000004
1680.5899838679 30.000000000000004
1680.2917345138555 30.000000000000004
1678.5022383895907 30.000000000000004
1674.028498078936 30.000000000000004
1673.1337500168065 30.000000000000004
1671.3442538925485 30.000000000000004
1669.8530071223347 30.000000000000004
1669.8530071223347 30.000000000000004
1668.6600097061646 30.000000000000004
1667.1687629359528 30.000000000000004
1665.3792668117003 30.000000000000004
1664.4845187495746 30.000000000000004
1662.3967732712829 30.000000000000004
1661.8002745632 30.000000000000004
1661.5020252091585 30.000000000000004
1659.712529084911 30.000000000000004
1658.5195316687468 30.000000000000004
1655.5370381283394 30.000000000000004
1654.3440407121777 30.000000000000004
1652.8527939419764 30.000000000000004
1649.5720510475371 30.000000000000004
1648.6773029854182 30.000000000000004
1647.4843055692602 30.000000000000004
1645.0983107369461 30.000000000000004
1643.90531332079 30.000000000000004
1641.8175678425182 30.000000000000004
1639.7298223642483 30.000000000000004
1637.6420768859803 30.000000000000004
1635.2560820536764 30.000000000000004
1633.4665859294498 30.000000000000004
1632.571837867337 30.000000000000004
1630.7823417431125 30.000000000000004
1629.2910949729262 30.000000000000004
1626.6068507865934 30.000000000000004
1625.1156040164096 30.000000000000004
1623.9226066002632 30.000000000000004
1621.536611767972 30.000000000000004
1620.3436143518272 30.000000000000004
1619.1506169356828 30.000000000000004
1616.7646221033958 30.000000000000004
1615.571624687253 30.000000000000004
1614.0803779170753 30.000000000000004
1612.8873805009337 30.000000000000004
1610.7996350226867 30.000000000000004
1609.9048869605813 30.000000000000004
1607.8171414823366 30.000000000000004
1605.7293960040931 30.000000000000004
1604.5363985879546 30.000000000000004
1602.7469024637478 30.000000000000004
1602.1504037556792 30.000000000000004
1602.1504037556792 30.000000000000004
1600.3609076314735 30.000000000000004
1599.167910215337 30.000000000000004
1596.185416674998 30.000000000000004
1594.6941699048293 30.000000000000004
1593.5011724886947 30.000000000000004
1591.7116763644938 30.000000000000004
1591.115177656427 30.000000000000004
1589.9221802402938 30.000000000000004
1588.4309334701277 30.000000000000004
1587.8344347620614 30.000000000000004
1586.6414373459293 30.000000000000004
1586.3431879918962 30.000000000000004
1584.8519412217315 30.000000000000004
1582.7641957435021 30.000000000000004
1581.2729489733388 30.000000000000004
1580.0799515572085 30.000000000000004
1578.290455433014 30.000000000000004
1577.0974580168845 30.000000000000004
1575.6062112467232 30.000000000000004
1574.7114631846268 30.000000000000004
1574.4132138305947 30.000000000000004
1572.9219670604343 30.000000000000004
1572.9219670604343 30.000000000000004
1571.4307202902744 30.000000000000004
1570.237722874147 30.000000000000004
1568.746476103988 30.000000000000004
1567.8517280418928 30.000000000000004
1566.062231917703 30.000000000000004
1566.062231917703 30.000000000000004
1564.2727357935137 30.000000000000004
1563.6762370854508 30.000000000000004
1561.5884916072312 30.000000000000004
1561.2902422531997 30.000000000000004
1559.7989954830434 30.000000000000004
1558.6059980669186 30.000000000000004
1558.0094993588564 30.000000000000004
1557.114751296763 30.000000000000004
1555.0270058185458 30.000000000000004
1554.132257756453 30.000000000000004
1552.0445122782369 30.000000000000004
1552.3427616322676 30.000000000000004
1550.8515148621136 30.000000000000004
1550.255016154052 30.000000000000004
1549.0620187379293 30.000000000000004
1547.8690213218067 30.000000000000004
1546.6760239056844 30.000000000000004
1546.3777745516536 30.000000000000004
1546.6760239056844 30.000000000000004
1546.079525197623 30.000000000000004
1545.1847771355315 30.000000000000004
1544.2900290734399 30.000000000000004
1543.9917797194096 30.000000000000004
1543.3952810113485 30.000000000000004
1543.0970316573182 30.000000000000004
1542.2022835952268 30.000000000000004
1541.3075355331357 30.000000000000004
1540.1145381170143 30.000000000000004
1539.2197900549234 30.000000000000004
1537.728543284772 30.000000000000004
1537.728543284772 30.000000000000004
1536.8337952226814 30.000000000000004
1535.9390471605907 30.000000000000004
1535.0442990985002 30.000000000000004
1533.5530523283496 30.000000000000004
1533.5530523283496 30.000000000000004
1532.360054912229 30.000000000000004
1530.5705587880489 30.000000000000004
1529.974060079989 30.000000000000004
1529.3775613719288 30.000000000000004
1528.482813309839 30.000000000000004
1528.184563955809 30.000000000000004
1527.2898158937192 30.000000000000004
1526.991566539689 30.000000000000004
1526.3950678316294 30.000000000000004
1525.5003197695396 30.000000000000004
1524.6055717074498 30.000000000000004
1523.1143249373006 30.000000000000004
1522.8160755832707 30.000000000000004
1521.3248288131217 30.000000000000004
1521.3248288131217 30.000000000000004
1520.728330105062 30.000000000000004
1520.1318313970023 30.000000000000004
1520.1318313970023 30.000000000000004
1519.237083334913 30.000000000000004
1518.9388339808834 30.000000000000004
1518.044085918794 30.000000000000004
1517.7458365647642 30.000000000000004
1517.1493378567047 30.000000000000004
1516.2545897946156 30.000000000000004
1515.6580910865562 30.000000000000004
1515.0615923784967 30.000000000000004
1514.1668443164076 30.000000000000004
1513.868594962378 30.000000000000004
1513.5703456083481 30.000000000000004
1513.2720962543185 30.000000000000004
1512.0790988381998 30.000000000000004
1511.184350776111 30.000000000000004
1509.394854651933 30.000000000000004
1508.7983559438737 30.000000000000004
1508.2018572358145 30.000000000000004
1507.6053585277552 30.000000000000004
1507.3071091737254 30.000000000000004
1507.3071091737254 30.000000000000004
1507.3071091737254 30.000000000000004
1506.7106104656662 30.000000000000004
1506.4123611116365 30.000000000000004
1504.622864987459 30.000000000000004
1504.0263662793998 30.000000000000004
1502.8333688632813 30.000000000000004
1502.236870155222 30.000000000000004
1501.0438727391036 30.000000000000004
1501.0438727391036 30.000000000000004
1500.4473740310443 30.000000000000004
1500.4473740310443 30.000000000000004
1500.1491246770147 30.000000000000004
1500.4473740310443 30.000000000000004
1500.1491246770147 30.000000000000004
1499.5526259689557 30.000000000000004
1498.6578779068668 30.000000000000004
1498.0613791988076 30.000000000000004
1497.763129844778 30.000000000000004
1496.868381782689 30.000000000000004
1495.6753843665706 30.000000000000004
1495.377135012541 30.000000000000004
1495.377135012541 30.000000000000004
1495.0788856585116 30.000000000000004
1494.4823869504523 30.000000000000004
1493.5876388883635 30.000000000000004
1493.4385142113485 30.000000000000004
1492.8420155032893 30.000000000000004
1492.6928908262746 30.000000000000004
1492.3946414722448 30.000000000000004
1491.9472674412004 30.000000000000004
1491.3507687331412 30.000000000000004
1491.6490180871708 30.000000000000004
1490.754270025082 30.000000000000004
1490.1577713170225 30.000000000000004
1490.605145348067 30.000000000000004
1490.605145348067 30.000000000000004
1490.0086466400078 30.000000000000004
1488.5173998698594 30.000000000000004
1488.5173998698594 30.000000000000004
1487.9209011618002 30.000000000000004
1487.7717764847853 30.000000000000004
1486.5787790686666 30.000000000000004
1486.280529714637 30.000000000000004
1486.4296543916519 30.000000000000004
1485.5349063295628 30.000000000000004
1485.5349063295628 30.000000000000004
1485.0875322985182 30.000000000000004
1483.5962855283697 30.000000000000004
1484.0436595594142 30.000000000000004
1483.7454102053844 30.000000000000004
1483.148911497325 30.000000000000004
1482.5524127892654 30.000000000000004
1482.5524127892654 30.000000000000004
1481.5085400501614 30.000000000000004
1481.0611660191166 30.000000000000004
1480.762916665087 30.000000000000004
1479.8681686029977 30.000000000000004
1480.613791988072 30.000000000000004
1480.0172932800124 30.000000000000004
1479.420794571953 30.000000000000004
1478.5260465098634 30.000000000000004
1478.9734205409081 30.000000000000004
1479.271669894938 30.000000000000004
1478.0786724788188 30.000000000000004
1477.780423124789 30.000000000000004
1476.8856750626994 30.000000000000004
1476.8856750626994 30.000000000000004
1476.2891763546397 30.000000000000004
1476.2891763546397 30.000000000000004
1475.69267764658 30.000000000000004
1475.3944282925502 30.000000000000004
1475.09617893852 30.000000000000004
1474.7979295844902 30.000000000000004
1473.9031815224007 30.000000000000004
1472.7101841062808 30.000000000000004
1472.411934752251 30.000000000000004
1471.964560721206 30.000000000000004
1471.964560721206 30.000000000000004
1471.964560721206 30.000000000000004
1471.964560721206 30.000000000000004
1471.964560721206 30.000000000000004
1472.561059429266 30.000000000000004
1472.561059429266 30.000000000000004
1472.2628100752358 30.000000000000004
1472.561059429266 30.000000000000004
1471.666311367176 30.000000000000004
1471.069812659116 30.000000000000004
1471.069812659116 30.000000000000004
1470.473313951056 30.000000000000004
1470.473313951056 30.000000000000004
1469.8768152429961 30.000000000000004
1469.8768152429961 30.000000000000004
1469.280316534936 30.000000000000004
1468.9820671809061 30.000000000000004
1468.9820671809061 30.000000000000004
1468.683817826876 30.000000000000004
1468.385568472846 30.000000000000004
1467.9381944418008 30.000000000000004
1467.639945087771 30.000000000000004
1467.0434463797108 30.000000000000004
1466.7451970256805 30.000000000000004
1466.4469476716504 30.000000000000004
1466.4469476716504 30.000000000000004
1466.1486983176203 30.000000000000004
1465.5521996095601 30.000000000000004
1465.104825578515 30.000000000000004
1465.403074932545 30.000000000000004
1465.701324286575 30.000000000000004
1465.104825578515 30.000000000000004
1463.9118281623942 30.000000000000004
1463.613578808364 30.000000000000004
1463.3153294543338 30.000000000000004
1462.5697060692582 30.000000000000004
1462.5697060692582 30.000000000000004
1461.9732073611976 30.000000000000004
1461.3767086531373 30.000000000000004
1460.7802099450766 30.000000000000004
1460.183711237016 30.000000000000004
1459.8854618829857 30.000000000000004
1459.5872125289554 30.000000000000004
1459.2889631749251 30.000000000000004
1458.6924644668643 30.000000000000004
1458.6924644668643 30.000000000000004
1458.394215112834 30.000000000000004
1458.0959657588035 30.000000000000004
1457.7977164047732 30.000000000000004
1457.2012176967123 30.000000000000004
1456.306469634621 30.000000000000004
1455.7099709265601 30.000000000000004
1455.7099709265601 30.000000000000004
1455.7099709265601 30.000000000000004
1455.7099709265601 30.000000000000004
1455.7099709265601 30.000000000000004
1455.4117215725296 30.000000000000004
1454.2187241564075 30.000000000000004
1454.2187241564075 30.000000000000004
1453.920474802377 30.000000000000004
1453.6222254483464 30.000000000000004
1452.7274773862546 30.000000000000004
1452.7274773862546 30.000000000000004
1451.8327293241628 30.000000000000004
1451.8327293241628 30.000000000000004
1451.8327293241628 30.000000000000004
1450.9379812620707 30.000000000000004
1450.7888565850553 30.000000000000004
1450.1923578769938 30.000000000000004
1449.4467344919171 30.000000000000004
1448.5519864298246 30.000000000000004
1447.8063630447477 30.000000000000004
1447.5081136907168 30.000000000000004
1446.4642409516089 30.000000000000004
1446.4642409516089 30.000000000000004
1446.4642409516089 30.000000000000004
1446.0168669205625 30.000000000000004
1444.8238695044386 30.000000000000004
1444.6747448274232 30.000000000000004
1444.0782461193612 30.000000000000004
1443.6308720883146 30.000000000000004
1443.3326227342836 30.000000000000004
1443.0343733802524 30.000000000000004
1442.7361240262214 30.000000000000004
1441.841375964128 30.000000000000004
1440.6483785480034 30.000000000000004
1440.3501291939722 30.000000000000004
1440.3501291939722 30.000000000000004
1440.3501291939722 30.000000000000004
1440.051879839941 30.000000000000004
1440.051879839941 30.000000000000004
1439.157131777847 30.000000000000004
1438.8588824238159 30.000000000000004
1438.2623837157532 30.000000000000004
1437.9641343617218 30.000000000000004
1437.6658850076906 30.000000000000004
1437.3676356536591 30.000000000000004
1436.7711369455963 30.000000000000004
1436.7711369455963 30.000000000000004
1436.7711369455963 30.000000000000004
1436.4728875915648 30.000000000000004
1436.4728875915648 30.000000000000004
1436.4728875915648 30.000000000000004
1436.1746382375334 30.000000000000004
1436.1746382375334 30.000000000000004
1435.876388883502 30.000000000000004
1435.7272642064863 30.000000000000004
1435.4290148524547 30.000000000000004
1435.1307654984232 30.000000000000004
1435.1307654984232 30.000000000000004
1434.8325161443918 30.000000000000004
1434.2360174363287 30.000000000000004
1433.6395187282656 30.000000000000004
1433.341269374234 30.000000000000004
1432.5956459891547 30.000000000000004
1431.9991472810914 30.000000000000004
1431.7008979270597 30.000000000000004
1431.7008979270597 30.000000000000004
1431.4026485730278 30.000000000000004
1430.6570251879484 30.000000000000004
1430.5079005109326 30.000000000000004
1429.762277125853 30.000000000000004
1429.762277125853 30.000000000000004
1429.4640277718213 30.000000000000004
1429.3149030948052 30.000000000000004
1429.0166537407733 30.000000000000004
1428.5692797097256 30.000000000000004
1428.5692797097256 30.000000000000004
1428.5692797097256 30.000000000000004
1428.1219056786776 30.000000000000004
1427.8236563246458 30.000000000000004
1427.5254069706136 30.000000000000004
1427.5254069706136 30.000000000000004
1427.5254069706136 30.000000000000004
1427.5254069706136 30.000000000000004
1427.2271576165817 30.000000000000004
1426.9289082625496 30.000000000000004
1426.6306589085177 30.000000000000004
1426.0341602004535 30.000000000000004
1424.841162784325 30.000000000000004
1424.841162784325 30.000000000000004
1424.2446640762605 30.000000000000004
1424.2446640762605 30.000000000000004
1424.2446640762605 30.000000000000004
1424.5429134302929 30.000000000000004
1423.9464147222284 30.000000000000004
1423.349916014164 30.000000000000004
1422.7534173060992 30.000000000000004
1422.7534173060992 30.000000000000004
1423.0516666601316 30.000000000000004
1423.0516666601316 30.000000000000004
1422.7534173060992 30.000000000000004
1422.455167952067 30.000000000000004
1422.455167952067 30.000000000000004
1422.455167952067 30.000000000000004
1421.8586692440022 30.000000000000004
1421.2621705359375 30.000000000000004
1420.963921181905 30.000000000000004
1420.3674224738402 30.000000000000004
1420.0691731198076 30.000000000000004
1419.4726744117427 30.000000000000004
1419.4726744117427 30.000000000000004
1419.4726744117427 30.000000000000004
1419.17442505771 30.000000000000004
1419.17442505771 30.000000000000004
1419.17442505771 30.000000000000004
1418.8761757036775 30.000000000000004
1418.577926349645 30.000000000000004
1418.2796769956121 30.000000000000004
1417.683178287547 30.000000000000004
1416.7884302254488 30.000000000000004
1416.1919315173832 30.000000000000004
1415.8936821633504 30.000000000000004
1415.5954328093176 30.000000000000004
1415.5954328093176 30.000000000000004
1415.2971834552848 30.000000000000004
1414.998934101252 30.000000000000004
1414.700684747219 30.000000000000004
1414.4024353931861 30.000000000000004
1414.4024353931861 30.000000000000004
1414.104186039153 30.000000000000004
1413.8059366851203 30.000000000000004
1413.2094379770542 30.000000000000004
1412.9111886230212 30.000000000000004
1412.9111886230212 30.000000000000004
1412.4638145919716 30.000000000000004
1412.1655652379386 30.000000000000004
1411.5690665298723 30.000000000000004
1411.5690665298723 30.000000000000004
1411.5690665298723 30.000000000000004
1410.972567821806 30.000000000000004
1410.6743184677728 30.000000000000004
1409.1830716976062 30.000000000000004
1408.884822343573 30.000000000000004
1408.7356976665562 30.000000000000004
1408.7356976665562 30.000000000000004
1408.437448312523 30.000000000000004
1408.1391989584895 30.000000000000004
1408.1391989584895 30.000000000000004
1407.5427002504225 30.000000000000004
1407.244450896389 30.000000000000004
1407.244450896389 30.000000000000004
1406.9462015423555 30.000000000000004
1406.647952188322 30.000000000000004
1406.0514534802548 30.000000000000004
1405.7532041262211 30.000000000000004
1405.3058300951707 30.000000000000004
1405.0075807411372 30.000000000000004
1404.4110820330695 30.000000000000004
1404.1128326790358 30.000000000000004
1403.5163339709682 30.000000000000004
1403.2180846169344 30.000000000000004
1403.2180846169344 30.000000000000004
1402.9198352629005 30.000000000000004
1402.9198352629005 30.000000000000004
1402.6215859088668 30.000000000000004
1402.025087200799 30.000000000000004
1401.4285884927308 30.000000000000004
1401.1303391386969 30.000000000000004
1400.832089784663 30.000000000000004
1400.832089784663 30.000000000000004
1399.9373417225604 30.000000000000004
1399.9373417225604 30.000000000000004
1399.6390923685265 30.000000000000004
1399.6390923685265 30.000000000000004
1399.3408430144923 30.000000000000004
1399.042593660458 30.000000000000004
1399.042593660458 30.000000000000004
1399.042593660458 30.000000000000004
1399.042593660458 30.000000000000004
1398.7443443064237 30.000000000000004
1397.8495962443208 30.000000000000004
1397.5513468902864 30.000000000000004
1397.5513468902864 30.000000000000004
1396.9548481822178 30.000000000000004
1396.9548481822178 30.000000000000004
1397.2530975362522 30.000000000000004
1396.9548481822178 30.000000000000004
1396.3583494741488 30.000000000000004
1396.0601001201144 30.000000000000004
1396.0601001201144 30.000000000000004
1396.0601001201144 30.000000000000004
1394.8671027039761 30.000000000000004
1394.8671027039761 30.000000000000004
1394.8671027039761 30.000000000000004
1394.8671027039761 30.000000000000004
1394.5688533499415 30.000000000000004
1394.2706039959069 30.000000000000004
1393.9723546418722 30.000000000000004
1393.9723546418722 30.000000000000004
1393.5249806108202 30.000000000000004
1392.331983194681 30.000000000000004
1392.0337338406462 30.000000000000004
1391.735484486611 30.000000000000004
1391.4372351325762 30.000000000000004
1391.1389857785412 30.000000000000004
1391.735484486611 30.000000000000004
1391.735484486611 30.000000000000004
1391.1389857785412 30.000000000000004
1391.1389857785412 30.000000000000004
1390.5424870704712 30.000000000000004
1390.5424870704712 30.000000000000004
1390.5424870704712 30.000000000000004
1390.5424870704712 30.000000000000004
1390.2442377164361 30.000000000000004
1389.647739008366 30.000000000000004
1389.647739008366 30.000000000000004
1389.647739008366 30.000000000000004
1389.647739008366 30.000000000000004
1389.647739008366 30.000000000000004
1388.9021156232782 30.000000000000004
1388.4547415922252 30.000000000000004
1388.4547415922252 30.000000000000004
1388.4547415922252 30.000000000000004
1388.1564922381901 30.000000000000004
1388.1564922381901 30.000000000000004
1388.1564922381901 30.000000000000004
1388.1564922381901 30.000000000000004
1388.1564922381901 30.000000000000004
1388.1564922381901 30.000000000000004
1388.0073675611725 30.000000000000004
1387.7091182071372 30.000000000000004
1387.7091182071372 30.000000000000004
1387.7091182071372 30.000000000000004
1387.7091182071372 30.000000000000004
1387.1126194990663 30.000000000000004
1387.4108688531019 30.000000000000004
1387.4108688531019 30.000000000000004
1387.4108688531019 30.000000000000004
1386.814370145031 30.000000000000004
1386.5161207909955 30.000000000000004
1386.814370145031 30.000000000000004
1385.9196220829247 30.000000000000004
1385.024874020818 30.000000000000004
1384.7266246667825 30.000000000000004
1384.428375312747 30.000000000000004
1384.428375312747 30.000000000000004
1384.428375312747 30.000000000000004
1384.428375312747 30.000000000000004
1384.428375312747 30.000000000000004
1384.428375312747 30.000000000000004
1384.428375312747 30.000000000000004
1384.1301259587112 30.000000000000004
1384.1301259587112 30.000000000000004
1384.1301259587112 30.000000000000004
1383.53362725064 30.000000000000004
1383.53362725064 30.000000000000004
1383.8318766046755 30.000000000000004
1383.53362725064 30.000000000000004
1383.2353778966042 30.000000000000004
1383.2353778966042 30.000000000000004
1382.6388791885327 30.000000000000004
1382.3406298344967 30.000000000000004
1382.3406298344967 30.000000000000004
1382.3406298344967 30.000000000000004
1382.042380480461 30.000000000000004
1382.042380480461 30.000000000000004
1381.744131126425 30.000000000000004
1381.744131126425 30.000000000000004
1381.4458817723892 30.000000000000004
1381.1476324183532 30.000000000000004
1380.402009033263 30.000000000000004
1380.103759679227 30.000000000000004
1379.8055103251909 30.000000000000004
1378.9107622630825 30.000000000000004
1378.6125129090462 30.000000000000004
1378.3142635550098 30.000000000000004
1378.3142635550098 30.000000000000004
1378.0160142009736 30.000000000000004
1378.0160142009736 30.000000000000004
1378.0160142009736 30.000000000000004
1378.0160142009736 30.000000000000004
1377.7177648469371 30.000000000000004
1377.419515492901 30.000000000000004
1377.1212661388645 30.000000000000004
1377.1212661388645 30.000000000000004
1376.5247674307916 30.000000000000004
1376.2265180767552 30.000000000000004
1376.2265180767552 30.000000000000004
1375.630019368682 30.000000000000004
1375.630019368682 30.000000000000004
1375.3317700146454 30.000000000000004
1375.0335206606087 30.000000000000004
1375.0335206606087 30.000000000000004
1374.735271306572 30.000000000000004
1374.735271306572 30.000000000000004
1374.1387725984987 30.000000000000004
1373.8405232444618 30.000000000000004
1374.1387725984987 30.000000000000004
1373.8405232444618 30.000000000000004
1373.8405232444618 30.000000000000004
1373.5422738904251 30.000000000000004
1373.5422738904251 30.000000000000004
1373.5422738904251 30.000000000000004
1373.5422738904251 30.000000000000004
1373.5422738904251 30.000000000000004
1373.5422738904251 30.000000000000004
1373.5422738904251 30.000000000000004
1373.2440245363882 30.000000000000004
1372.9457751823513 30.000000000000004
1372.9457751823513 30.000000000000004
1372.0510271202406 30.000000000000004
1372.0510271202406 30.000000000000004
1372.0510271202406 30.000000000000004
1371.4545284121664 30.000000000000004
1371.4545284121664 30.000000000000004
1371.4545284121664 30.000000000000004
1371.4545284121664 30.000000000000004
1371.1562790581295 30.000000000000004
1371.1562790581295 30.000000000000004
1371.1562790581295 30.000000000000004
1370.8580297040924 30.000000000000004
1370.5597803500552 30.000000000000004
1370.5597803500552 30.000000000000004
1370.5597803500552 30.000000000000004
1370.5597803500552 30.000000000000004
1370.5597803500552 30.000000000000004
1370.5597803500552 30.000000000000004
1369.9632816419808 30.000000000000004
1369.9632816419808 30.000000000000004
1369.366782933906 30.000000000000004
1369.366782933906 30.000000000000004
1369.366782933906 30.000000000000004
1369.068533579869 30.000000000000004
1368.7702842258316 30.000000000000004
1368.7702842258316 30.000000000000004
1368.4720348717942 30.000000000000004
1368.1737855177566 30.000000000000004
1368.1737855177566 30.000000000000004
1368.1737855177566 30.000000000000004
1367.8755361637193 30.000000000000004
1367.8755361637193 30.000000000000004
1368.1737855177566 30.000000000000004
1368.1737855177566 30.000000000000004
1367.8755361637193 30.000000000000004
1367.8755361637193 30.000000000000004
1367.5772868096817 30.000000000000004
1367.5772868096817 30.000000000000004
1367.5772868096817 30.000000000000004
1367.5772868096817 30.000000000000004
1367.5772868096817 30.000000000000004
1367.5772868096817 30.000000000000004
1367.5772868096817 30.000000000000004
1367.5772868096817 30.000000000000004
1367.5772868096817 30.000000000000004
1367.5772868096817 30.000000000000004
1367.5772868096817 30.000000000000004
1367.5772868096817 30.000000000000004
1367.2790374556441 30.000000000000004
1367.2790374556441 30.000000000000004
1367.2790374556441 30.000000000000004
1367.2790374556441 30.000000000000004
1367.2790374556441 30.000000000000004
1367.2790374556441 30.000000000000004
1367.2790374556441 30.000000000000004
1367.2790374556441 30.000000000000004
1367.2790374556441 30.000000000000004
1366.9807881016065 30.000000000000004
1366.9807881016065 30.000000000000004
1366.9807881016065 30.000000000000004
1367.2790374556441 30.000000000000004
1367.2790374556441 30.000000000000004
1367.2790374556441 30.000000000000004
1366.9807881016065 30.000000000000004
1366.682538747569 30.000000000000004
1366.3842893935314 30.000000000000004
1366.3842893935314 30.000000000000004
1366.3842893935314 30.000000000000004
1366.3842893935314 30.000000000000004
1366.0860400394936 30.000000000000004
1366.0860400394936 30.000000000000004
1366.0860400394936 30.000000000000004
1366.0860400394936 30.000000000000004
1366.0860400394936 30.000000000000004
1366.0860400394936 30.000000000000004
1366.0860400394936 30.000000000000004
1366.0860400394936 30.000000000000004
1366.0860400394936 30.000000000000004
1366.0860400394936 30.000000000000004
1366.0860400394936 30.000000000000004
1366.0860400394936 30.000000000000004
1366.0860400394936 30.000000000000004
1366.0860400394936 30.000000000000004
1366.0860400394936 30.000000000000004
1366.0860400394936 30.000000000000004
1366.0860400394936 30.000000000000004
1366.0860400394936 30.000000000000004
1366.0860400394936 30.000000000000004
1365.787790685456 30.000000000000004
1366.0860400394936 30.000000000000004
1366.0860400394936 30.000000000000004
1366.0860400394936 30.000000000000004
1366.0860400394936 30.000000000000004
1366.0860400394936 30.000000000000004
1366.0860400394936 30.000000000000004
1366.0860400394936 30.000000000000004
1366.3842893935314 30.000000000000004
1366.3842893935314 30.000000000000004
1366.3842893935314 30.000000000000004
1366.3842893935314 30.000000000000004
1366.0860400394936 30.000000000000004
1366.0860400394936 30.000000000000004
1366.0860400394936 30.000000000000004
1366.0860400394936 30.000000000000004
1366.0860400394936 30.000000000000004
1366.0860400394936 30.000000000000004
1366.0860400394936 30.000000000000004
1365.787790685456 30.000000000000004
1365.4895413314182 30.000000000000004
1365.4895413314182 30.000000000000004
1365.787790685456 30.000000000000004
1365.787790685456 30.000000000000004
1365.787790685456 30.000000000000004
1365.787790685456 30.000000000000004
1365.787790685456 30.000000000000004
1366.0860400394936 30.000000000000004
1366.0860400394936 30.000000000000004
1366.0860400394936 30.000000000000004
1366.0860400394936 30.000000000000004
1366.0860400394936 30.000000000000004
1366.0860400394936 30.000000000000004
1366.0860400394936 30.000000000000004
1366.0860400394936 30.000000000000004
1366.0860400394936 30.000000000000004
1366.0860400394936 30.000000000000004
1365.4895413314182 30.000000000000004
1365.4895413314182 30.000000000000004
1365.1912919773804 30.000000000000004
1365.1912919773804 30.000000000000004
1364.8930426233426 30.000000000000004
1364.5947932693048 30.000000000000004
1364.8930426233426 30.000000000000004
1364.8930426233426 30.000000000000004
1364.8930426233426 30.000000000000004
1364.8930426233426 30.000000000000004
1364.5947932693048 30.000000000000004
1364.5947932693048 30.000000000000004
1364.2965439152667 30.000000000000004
1364.2965439152667 30.000000000000004
1364.2965439152667 30.000000000000004
1364.2965439152667 30.000000000000004
1363.998294561229 30.000000000000004
1363.998294561229 30.000000000000004
1363.998294561229 30.000000000000004
1363.998294561229 30.000000000000004
1363.1035464991148 30.000000000000004
1361.9105490829622 30.000000000000004
1361.9105490829622 30.000000000000004
1361.6122997289242 30.000000000000004
1361.9105490829622 30.000000000000004
1361.9105490829622 30.000000000000004
1361.9105490829622 30.000000000000004
1361.6122997289242 30.000000000000004
1361.6122997289242 30.000000000000004
1361.6122997289242 30.000000000000004
1361.6122997289242 30.000000000000004
1361.6122997289242 30.000000000000004
1361.0158010208474 30.000000000000004
1361.0158010208474 30.000000000000004
1361.0158010208474 30.000000000000004
1361.0158010208474 30.000000000000004
1361.0158010208474 30.000000000000004
1361.0158010208474 30.000000000000004
1361.0158010208474 30.000000000000004
1361.0158010208474 30.000000000000004
1361.0158010208474 30.000000000000004
1361.0158010208474 30.000000000000004
1361.0158010208474 30.000000000000004
1361.0158010208474 30.000000000000004
1361.0158010208474 30.000000000000004
1361.0158010208474 30.000000000000004
1360.7175516668092 30.000000000000004
1360.7175516668092 30.000000000000004
1360.7175516668092 30.000000000000004
1360.419302312771 30.000000000000004
1360.419302312771 30.000000000000004
1360.419302312771 30.000000000000004
1360.419302312771 30.000000000000004
1360.419302312771 30.000000000000004
1360.419302312771 30.000000000000004
1360.419302312771 30.000000000000004
1360.419302312771 30.000000000000004
1360.419302312771 30.000000000000004
1360.419302312771 30.000000000000004
1360.1210529587324 30.000000000000004
1360.1210529587324 30.000000000000004
1359.822803604694 30.000000000000004
1359.822803604694 30.000000000000004
1359.822803604694 30.000000000000004
1359.822803604694 30.000000000000004
1359.822803604694 30.000000000000004
1359.822803604694 30.000000000000004
1359.822803604694 30.000000000000004
1359.822803604694 30.000000000000004
1359.822803604694 30.000000000000004
1359.5245542506555 30.000000000000004
1359.5245542506555 30.000000000000004
1359.5245542506555 30.000000000000004
1359.5245542506555 30.000000000000004
1359.5245542506555 30.000000000000004
1359.5245542506555 30.000000000000004
1359.5245542506555 30.000000000000004
1359.5245542506555 30.000000000000004
1359.5245542506555 30.000000000000004
1359.5245542506555 30.000000000000004
1359.5245542506555 30.000000000000004
1359.5245542506555 30.000000000000004
1359.5245542506555 30.000000000000004
1359.5245542506555 30.000000000000004
1359.226304896617 30.000000000000004
1358.6298061885398 30.000000000000004
1358.6298061885398 30.000000000000004
1358.6298061885398 30.000000000000004
1358.6298061885398 30.000000000000004
1358.6298061885398 30.000000000000004
1358.6298061885398 30.000000000000004
1358.6298061885398 30.000000000000004
1358.6298061885398 30.000000000000004
1358.6298061885398 30.000000000000004
1358.6298061885398 30.000000000000004
1358.6298061885398 30.000000000000004
1358.6298061885398 30.000000000000004
1358.6298061885398 30.000000000000004
1358.9280555425785 30.000000000000004
1358.9280555425785 30.000000000000004
1358.9280555425785 30.000000000000004
1358.9280555425785 30.000000000000004
1358.9280555425785 30.000000000000004
1358.9280555425785 30.000000000000004
1358.9280555425785 30.000000000000004
1358.9280555425785 30.000000000000004
1358.9280555425785 30.000000000000004
1358.9280555425785 30.000000000000004
1358.9280555425785 30.000000000000004
1358.9280555425785 30.000000000000004
1358.9280555425785 30.000000000000004
1358.9280555425785 30.000000000000004
1358.9280555425785 30.000000000000004
1358.9280555425785 30.000000000000004
1358.9280555425785 30.000000000000004
1358.9280555425785 30.000000000000004
1358.9280555425785 30.000000000000004
1358.9280555425785 30.000000000000004
1358.9280555425785 30.000000000000004
1358.9280555425785 30.000000000000004
1358.9280555425785 30.000000000000004
1358.9280555425785 30.000000000000004
1358.6298061885398 30.000000000000004
1358.6298061885398 30.000000000000004
1358.6298061885398 30.000000000000004
1358.6298061885398 30.000000000000004
1358.6298061885398 30.000000000000004
1358.6298061885398 30.000000000000004
1358.6298061885398 30.000000000000004
1358.6298061885398 30.000000000000004
1358.6298061885398 30.000000000000004
1358.6298061885398 30.000000000000004
1358.6298061885398 30.000000000000004
1358.9280555425785 30.000000000000004
1359.5245542506555 30.000000000000004
1359.5245542506555 30.000000000000004
1359.5245542506555 30.000000000000004
1359.822803604694 30.000000000000004
1360.419302312771 30.000000000000004
1360.419302312771 30.000000000000004
1360.419302312771 30.000000000000004
1360.419302312771 30.000000000000004
1360.419302312771 30.000000000000004
1360.419302312771 30.000000000000004
1360.419302312771 30.000000000000004
1360.419302312771 30.000000000000004
1360.419302312771 30.000000000000004
1360.419302312771 30.000000000000004
1360.419302312771 30.000000000000004
1360.419302312771 30.000000000000004
1360.419302312771 30.000000000000004
1360.1210529587324 30.000000000000004
1360.1210529587324 30.000000000000004
1360.1210529587324 30.000000000000004
1360.1210529587324 30.000000000000004
1360.1210529587324 30.000000000000004
1360.1210529587324 30.000000000000004
1360.1210529587324 30.000000000000004
1360.1210529587324 30.000000000000004
