RDE
1040.695994745443 30.000000000000004
1037.1170024959326 30.000000000000004
1128.679554207275 30.000000000000004
1211.5928746412546 30.000000000000004
1243.2073061719577 30.000000000000004
1267.962002558658 30.000000000000004
1284.9622157396334 30.000000000000004
1283.1727196153295 30.000000000000004
1316.5766472686767 30.000000000000004
1315.681899206542 30.000000000000004
1323.4363824116942 30.000000000000004
1347.2963307350437 30.000000000000004
1352.0683203996805 30.000000000000004
1368.1737855177566 30.000000000000004
1379.2090116171187 30.000000000000004
1391.735484486611 30.000000000000004
1392.331983194681 30.000000000000004
1409.6304457286562 30.000000000000004
1414.700684747219 30.000000000000004
1418.8761757036775 30.000000000000004
1431.9991472810914 30.000000000000004
1433.192144697218 30.000000000000004
1443.9291214423456 30.000000000000004
1450.7888565850553 30.000000000000004
1452.2801033552087 30.000000000000004
1459.7363372059706 30.000000000000004
1464.5083268704545 30.000000000000004
1465.403074932545 30.000000000000004
1473.1575581373259 30.000000000000004
1479.420794571953 30.000000000000004
1477.0347997397143 30.000000000000004
1484.192784236429 30.000000000000004
1485.9822803606073 30.000000000000004
1488.070025838815 30.000000000000004
1495.526259689556 30.000000000000004
1507.1579844967107 30.000000000000004
1507.1579844967107 30.000000000000004
1510.4387273910368 30.000000000000004
1516.1054651176007 30.000000000000004
1517.8949612417791 30.000000000000004
1525.3511950925247 30.000000000000004
1526.2459431546145 30.000000000000004
1529.526686048944 30.000000000000004
1533.4039276513345 30.000000000000004
1533.4039276513345 30.000000000000004
1536.0881718376058 30.000000000000004
1541.4566602101509 30.000000000000004
1539.6671640859688 30.000000000000004
1544.4391537504553 30.000000000000004
1543.8426550423942 30.000000000000004
1544.1409043964247 30.000000000000004
1546.8251485826995 30.000000000000004
1552.1936369552523 30.000000000000004
1560.2463695140902 30.000000000000004
1560.842868222153 30.000000000000004
1565.0183591785926 30.000000000000004
1564.4218604705295 30.000000000000004
1565.0183591785926 30.000000000000004
1566.5096059487503 30.000000000000004
1567.1061046568136 30.000000000000004
1565.6148578866555 30.000000000000004
1564.720109824561 30.000000000000004
1565.9131072406872 30.000000000000004
1567.4043540108453 30.000000000000004
1568.0008527189086 30.000000000000004
1569.7903488430993 30.000000000000004
1568.8956007810038 30.000000000000004
1568.8956007810038 30.000000000000004
1571.8780943213224 30.000000000000004
1570.9833462592267 30.000000000000004
1573.0710917374504 30.000000000000004
1575.4570865697071 30.000000000000004
1575.4570865697071 30.000000000000004
1577.8430814019653 30.000000000000004
1580.5273255882573 30.000000000000004
1582.0185723584204 30.000000000000004
1582.0185723584204 30.000000000000004
1583.2115697745512 30.000000000000004
1584.4045671906824 30.000000000000004
1582.6150710664858 30.000000000000004
1584.1063178366496 30.000000000000004
1584.7028165447152 30.000000000000004
1587.3870607310118 30.000000000000004
1590.3695542713438 30.000000000000004
1590.0713049173105 30.000000000000004
1590.3695542713438 30.000000000000004
1589.7730555632772 30.000000000000004
1593.6502971657114 30.000000000000004
1594.2467958737789 30.000000000000004
1595.4397932899135 30.000000000000004
1596.3345413520149 30.000000000000004
1597.8257881221841 30.000000000000004
1599.3170348923543 30.000000000000004
1601.4047803705935 30.000000000000004
1602.5977777867306 30.000000000000004
1600.808281662525 30.000000000000004
1602.001279078662 30.000000000000004
1603.7907752028684 30.000000000000004
1602.5977777867306 30.000000000000004
1604.3872739109374 30.000000000000004
1604.685523264972 30.000000000000004
1604.685523264972 30.000000000000004
1604.685523264972 30.000000000000004
1607.9662661593538 30.000000000000004
1607.3697674512844 30.000000000000004
1611.5452584077748 30.000000000000004
1610.352260991634 30.000000000000004
1609.1592635754937 30.000000000000004
1609.1592635754937 30.000000000000004
1610.9487596997042 30.000000000000004
1611.8435077618099 30.000000000000004
1611.8435077618099 30.000000000000004
1612.7382558239158 30.000000000000004
1614.229502594093 30.000000000000004
1617.5102454884855 30.000000000000004
1617.2119961344495 30.000000000000004
1618.106744196557 30.000000000000004
1617.8084948425212 30.000000000000004
1618.703242904629 30.000000000000004
1619.001492258665 30.000000000000004
1618.703242904629 30.000000000000004
1619.597990966737 30.000000000000004
1619.001492258665 30.000000000000004
1619.597990966737 30.000000000000004
1622.2822351530629 30.000000000000004
1624.369980631318 30.000000000000004
1624.0717312772815 30.000000000000004
1625.5629780474646 30.000000000000004
1627.6507235257225 30.000000000000004
1628.8437209418705 30.000000000000004
1632.1244638362807 30.000000000000004
1633.0192118983935 30.000000000000004
1633.9139599605064 30.000000000000004
1634.5104586685818 30.000000000000004
1633.9139599605064 30.000000000000004
1636.598204146847 30.000000000000004
1636.001705438771 30.000000000000004
1639.2824483331908 30.000000000000004
1640.773695103383 30.000000000000004
1642.563191227615 30.000000000000004
1645.5456847680048 30.000000000000004
1646.1421834760831 30.000000000000004
1646.738682184162 30.000000000000004
1649.1246770164776 30.000000000000004
1649.721175724557 30.000000000000004
1651.808921202836 30.000000000000004
1651.808921202836 30.000000000000004
1653.0019186189966 30.000000000000004
1654.4931653891979 30.000000000000004
1654.7914147432384 30.000000000000004
1656.2826615134409 30.000000000000004
1655.6861628053598 30.000000000000004
1656.5809108674816 30.000000000000004
1656.5809108674816 30.000000000000004
1655.3879134513193 30.000000000000004
1658.0721576376855 30.000000000000004
1658.6686563457674 30.000000000000004
1659.8616537619316 30.000000000000004
1660.7564018240553 30.000000000000004
1663.1423966563868 30.000000000000004
1663.1423966563868 30.000000000000004
1664.3353940725538 30.000000000000004
1665.2301421346792 30.000000000000004
1666.7213889048894 30.000000000000004
1666.7213889048894 30.000000000000004
1667.0196382589318 30.000000000000004
1669.4056330912708 30.000000000000004
1672.6863759857417 30.000000000000004
1675.668869526175 30.000000000000004
1675.3706201721313 30.000000000000004
1675.668869526175 30.000000000000004
1678.3531137125688 30.000000000000004
1677.1601162963932 30.000000000000004
1676.8618669423495 30.000000000000004
1677.1601162963932 30.000000000000004
1677.1601162963932 30.000000000000004
1676.8618669423495 30.000000000000004
1676.5636175883058 30.000000000000004
1678.0548643585248 30.000000000000004
1678.3531137125688 30.000000000000004
1676.8618669423495 30.000000000000004
1677.7566150044809 30.000000000000004
1678.3531137125688 30.000000000000004
1679.546111128745 30.000000000000004
1679.546111128745 30.000000000000004
1679.2478617747008 30.000000000000004
1678.3531137125688 30.000000000000004
1678.0548643585248 30.000000000000004
1677.7566150044809 30.000000000000004
1678.3531137125688 30.000000000000004
1679.546111128745 30.000000000000004
1680.7391085449221 30.000000000000004
1683.7216020853682 30.000000000000004
1683.4233527313233 30.000000000000004
1682.8268540232339 30.000000000000004
1683.1251033772785 30.000000000000004
1682.8268540232339 30.000000000000004
1684.019851439413 30.000000000000004
1684.9145995015479 30.000000000000004
1686.405846271774 30.000000000000004
1687.0023449798646 30.000000000000004
1686.405846271774 30.000000000000004
1687.0023449798646 30.000000000000004
1687.0023449798646 30.000000000000004
1687.3005943339099 30.000000000000004
1688.1953423960465 30.000000000000004
1688.7918411041378 30.000000000000004
1690.283087874367 30.000000000000004
1691.4760852905513 30.000000000000004
1691.4760852905513 30.000000000000004
1691.4760852905513 30.000000000000004
1692.6690827067364 30.000000000000004
1692.0725839986437 30.000000000000004
1692.9673320607828 30.000000000000004
1692.9673320607828 30.000000000000004
1693.2655814148293 30.000000000000004
1693.563830768876 30.000000000000004
1693.8620801229224 30.000000000000004
1695.2042022161324 30.000000000000004
1694.6077035080389 30.000000000000004
1697.5901970485088 30.000000000000004
1698.1866957566033 30.000000000000004
1696.844573663391 30.000000000000004
1695.5024515701793 30.000000000000004
1695.353326893156 30.000000000000004
1693.8620801229224 30.000000000000004
1696.3971996323203 30.000000000000004
1696.0989502782732 30.000000000000004
1695.055077539109 30.000000000000004
1694.160329476969 30.000000000000004
1695.651576247203 30.000000000000004
1697.4410723714852 30.000000000000004
1696.5463243093438 30.000000000000004
1697.4410723714852 30.000000000000004
1696.2480749552967 30.000000000000004
1696.5463243093438 30.000000000000004
1695.9498256012498 30.000000000000004
1696.2480749552967 30.000000000000004
1696.5463243093438 30.000000000000004
1695.651576247203 30.000000000000004
1694.4585788310155 30.000000000000004
1693.2655814148293 30.000000000000004
1693.8620801229224 30.000000000000004
1694.4585788310155 30.000000000000004
1692.9673320607828 30.000000000000004
1692.0725839986437 30.000000000000004
1692.0725839986437 30.000000000000004
1692.0725839986437 30.000000000000004
1690.581337228413 30.000000000000004
1690.879586582459 30.000000000000004
1692.9673320607828 30.000000000000004
1691.7743346445975 30.000000000000004
1691.4760852905513 30.000000000000004
1691.1778359365053 30.000000000000004
1692.0725839986437 30.000000000000004
1692.6690827067364 30.000000000000004
1692.9673320607828 30.000000000000004
1693.2655814148293 30.000000000000004
1693.2655814148293 30.000000000000004
1693.8620801229224 30.000000000000004
1693.563830768876 30.000000000000004
1693.2655814148293 30.000000000000004
1692.9673320607828 30.000000000000004
1693.8620801229224 30.000000000000004
1695.9498256012498 30.000000000000004
1695.055077539109 30.000000000000004
1696.2480749552967 30.000000000000004
1696.5463243093438 30.000000000000004
1698.0375710795797 30.000000000000004
1698.335820433627 30.000000000000004
1698.335820433627 30.000000000000004
1698.0375710795797 30.000000000000004
1698.0375710795797 30.000000000000004
1701.6165633281514 30.000000000000004
1699.528817849817 30.000000000000004
1699.2305684957696 30.000000000000004
1698.0375710795797 30.000000000000004
1698.335820433627 30.000000000000004
1699.528817849817 30.000000000000004
1701.0200646200556 30.000000000000004
1702.2130620362477 30.000000000000004
1701.9148126821995 30.000000000000004
1701.6165633281514 30.000000000000004
1702.8095607443438 30.000000000000004
1702.5113113902958 30.000000000000004
1703.107810098392 30.000000000000004
1700.1253165579124 30.000000000000004
1700.1253165579124 30.000000000000004
1700.4235659119602 30.000000000000004
1700.7218152660078 30.000000000000004
1701.1691892970796 30.000000000000004
1701.7656880051754 30.000000000000004
1702.6604360673198 30.000000000000004
1702.3621867132715 30.000000000000004
1702.958685421368 30.000000000000004
1702.6604360673198 30.000000000000004
1705.0464308997068 30.000000000000004
1704.4499321916096 30.000000000000004
1705.3446802537555 30.000000000000004
1705.3446802537555 30.000000000000004
1705.9411789618528 30.000000000000004
1705.0464308997068 30.000000000000004
1705.3446802537555 30.000000000000004
1706.8359270239994 30.000000000000004
1705.642929607804 30.000000000000004
1707.7306750861464 30.000000000000004
1706.5376776699504 30.000000000000004
1708.0289244401956 30.000000000000004
1708.0289244401956 30.000000000000004
1708.625423148294 30.000000000000004
1708.0289244401956 30.000000000000004
1706.8359270239994 30.000000000000004
1706.8359270239994 30.000000000000004
1706.2394283159017 30.000000000000004
1705.3446802537555 30.000000000000004
1706.2394283159017 30.000000000000004
1707.1341763780483 30.000000000000004
1705.3446802537555 30.000000000000004
1704.748181545658 30.000000000000004
1705.9411789618528 30.000000000000004
1704.748181545658 30.000000000000004
1704.1516828375613 30.000000000000004
1702.958685421368 30.000000000000004
1705.4938049307798 30.000000000000004
1706.686802346975 30.000000000000004
1708.0289244401956 30.000000000000004
1708.7745478253187 30.000000000000004
1709.2219218563928 30.000000000000004
1710.4149192725906 30.000000000000004
1710.7131686266403 30.000000000000004
1710.7131686266403 30.000000000000004
1711.01141798069 30.000000000000004
1710.7131686266403 30.000000000000004
1710.4149192725906 30.000000000000004
1710.4149192725906 30.000000000000004
1711.6079166887896 30.000000000000004
1712.6517894279646 30.000000000000004
1713.844786844165 30.000000000000004
1712.9500387820144 30.000000000000004
1713.0991634590396 30.000000000000004
1713.5465374901148 30.000000000000004
1713.0991634590396 30.000000000000004
1712.5026647509394 30.000000000000004
1713.69566216714 30.000000000000004
1712.0552907198644 30.000000000000004
1712.0552907198644 30.000000000000004
1711.7570413658145 30.000000000000004
1712.3535400739145 30.000000000000004
1713.2482881360647 30.000000000000004
1712.3535400739145 30.000000000000004
1713.5465374901148 30.000000000000004
1713.0991634590396 30.000000000000004
1713.2482881360647 30.000000000000004
1713.2482881360647 30.000000000000004
1713.844786844165 30.000000000000004
1714.2921608752404 30.000000000000004
1716.9764050616961 30.000000000000004
1715.1869089373918 30.000000000000004
1715.1869089373918 30.000000000000004
1713.3974128130897 30.000000000000004
1713.5465374901148 30.000000000000004
1712.8009141049895 30.000000000000004
1713.0991634590396 30.000000000000004
1712.0552907198644 30.000000000000004
1710.7131686266403 30.000000000000004
1711.01141798069 30.000000000000004
1711.01141798069 30.000000000000004
1711.3096673347397 30.000000000000004
1711.6079166887896 30.000000000000004
1711.3096673347397 30.000000000000004
1709.5201712104422 30.000000000000004
1711.3096673347397 30.000000000000004
1711.01141798069 30.000000000000004
1710.4149192725906 30.000000000000004
1711.9061660428395 30.000000000000004
1712.2044153968893 30.000000000000004
1712.2044153968893 30.000000000000004
1712.2044153968893 30.000000000000004
1711.6079166887896 30.000000000000004
1711.9061660428395 30.000000000000004
1712.5026647509394 30.000000000000004
1712.2044153968893 30.000000000000004
1712.2044153968893 30.000000000000004
1712.5026647509394 30.000000000000004
1712.8009141049895 30.000000000000004
1712.8009141049895 30.000000000000004
1712.2044153968893 30.000000000000004
1711.9061660428395 30.000000000000004
1712.2044153968893 30.000000000000004
1713.0991634590396 30.000000000000004
1713.99391152119 30.000000000000004
1713.69566216714 30.000000000000004
1713.0991634590396 30.000000000000004
1712.5026647509394 30.000000000000004
1713.99391152119 30.000000000000004
1713.69566216714 30.000000000000004
1714.590410229291 30.000000000000004
1715.1869089373918 30.000000000000004
1716.0816569995436 30.000000000000004
1716.6781557076451 30.000000000000004
1718.4676518319511 30.000000000000004
1718.7659011860023 30.000000000000004
1719.362399894105 30.000000000000004
1719.9588986022077 30.000000000000004
1719.362399894105 30.000000000000004
1719.362399894105 30.000000000000004
1719.362399894105 30.000000000000004
1719.0641505400536 30.000000000000004
1718.7659011860023 30.000000000000004
1719.0641505400536 30.000000000000004
1718.4676518319511 30.000000000000004
1719.5115245711308 30.000000000000004
1718.915025863028 30.000000000000004
1719.2132752170792 30.000000000000004
1718.915025863028 30.000000000000004
1719.6606492481565 30.000000000000004
1717.8711531238491 30.000000000000004
1717.572903769798 30.000000000000004
1718.1694024779001 30.000000000000004
1721.1518960184142 30.000000000000004
1721.4501453724658 30.000000000000004
1721.7483947265177 30.000000000000004
1722.9413921427256 30.000000000000004
1723.5378908508299 30.000000000000004
1723.5378908508299 30.000000000000004
1723.836140204882 30.000000000000004
1722.4940181116474 30.000000000000004
1722.4940181116474 30.000000000000004
1722.9413921427256 30.000000000000004
1723.3887661738036 30.000000000000004
1723.687015527856 30.000000000000004
1723.687015527856 30.000000000000004
1723.5378908508299 30.000000000000004
1722.0466440805696 30.000000000000004
1722.3448934346216 30.000000000000004
1722.1957687575955 30.000000000000004
1721.7483947265177 30.000000000000004
1722.0466440805696 30.000000000000004
1722.0466440805696 30.000000000000004
1722.0466440805696 30.000000000000004
1721.1518960184142 30.000000000000004
1722.9413921427256 30.000000000000004
1724.1343895589343 30.000000000000004
1723.5378908508299 30.000000000000004
1723.5378908508299 30.000000000000004
1723.2396414967775 30.000000000000004
1722.0466440805696 30.000000000000004
1723.5378908508299 30.000000000000004
1723.2396414967775 30.000000000000004
1722.9413921427256 30.000000000000004
1722.6431427886735 30.000000000000004
1724.1343895589343 30.000000000000004
1725.6256363291966 30.000000000000004
1726.222135037302 30.000000000000004
1726.5203843913548 30.000000000000004
1726.5203843913548 30.000000000000004
1727.1168830994604 30.000000000000004
1726.8186337454076 30.000000000000004
1726.669509068381 30.000000000000004
1727.266007776487 30.000000000000004
1726.967758422434 30.000000000000004
1728.0116311616193 30.000000000000004
1728.3098805156726 30.000000000000004
1727.5642571305398 30.000000000000004
1726.967758422434 30.000000000000004
1726.8186337454076 30.000000000000004
1726.8186337454076 30.000000000000004
1728.0116311616193 30.000000000000004
1727.8625064845928 30.000000000000004
1727.8625064845928 30.000000000000004
1728.1607558386459 30.000000000000004
1727.5642571305398 30.000000000000004
1728.1607558386459 30.000000000000004
1727.8625064845928 30.000000000000004
1728.3098805156726 30.000000000000004
1728.1607558386459 30.000000000000004
1729.353753254859 30.000000000000004
1728.906379223779 30.000000000000004
1728.906379223779 30.000000000000004
1728.7572545467524 30.000000000000004
1729.353753254859 30.000000000000004
1729.5028779318857 30.000000000000004
1730.2485013170194 30.000000000000004
1729.353753254859 30.000000000000004
1729.950251962966 30.000000000000004
1729.353753254859 30.000000000000004
1729.6520026089124 30.000000000000004
1730.546750671073 30.000000000000004
1731.4414987332343 30.000000000000004
1731.888872764315 30.000000000000004
1731.590623410261 30.000000000000004
1730.9941247021534 30.000000000000004
1730.3976259940462 30.000000000000004
1731.590623410261 30.000000000000004
1731.2923740562073 30.000000000000004
1732.187122118369 30.000000000000004
1732.485371472423 30.000000000000004
1732.187122118369 30.000000000000004
1732.6344961494501 30.000000000000004
1732.187122118369 30.000000000000004
1732.485371472423 30.000000000000004
1732.187122118369 30.000000000000004
1732.187122118369 30.000000000000004
1732.932745503504 30.000000000000004
1732.932745503504 30.000000000000004
1732.037997441342 30.000000000000004
1730.546750671073 30.000000000000004
1731.2923740562073 30.000000000000004
1731.4414987332343 30.000000000000004
1732.037997441342 30.000000000000004
1734.125742919721 30.000000000000004
1735.1696156589117 30.000000000000004
1735.318740335939 30.000000000000004
1734.2748675967482 30.000000000000004
1734.2748675967482 30.000000000000004
1733.9766182426938 30.000000000000004
1733.2309948575582 30.000000000000004
1733.2309948575582 30.000000000000004
1733.5292442116124 30.000000000000004
1733.2309948575582 30.000000000000004
1734.2748675967482 30.000000000000004
1734.8713663048572 30.000000000000004
1734.72224162783 30.000000000000004
1735.0204909818844 30.000000000000004
1735.318740335939 30.000000000000004
1734.4239922737754 30.000000000000004
1734.125742919721 30.000000000000004
1734.72224162783 30.000000000000004
1734.72224162783 30.000000000000004
1735.318740335939 30.000000000000004
1734.72224162783 30.000000000000004
1733.8274935656668 30.000000000000004
1734.125742919721 30.000000000000004
1734.72224162783 30.000000000000004
1733.8274935656668 30.000000000000004
1734.125742919721 30.000000000000004
1732.932745503504 30.000000000000004
1732.336246795396 30.000000000000004
1734.72224162783 30.000000000000004
1733.8274935656668 30.000000000000004
1733.6783688886396 30.000000000000004
1734.125742919721 30.000000000000004
1733.9766182426938 30.000000000000004
1734.2748675967482 30.000000000000004
1733.081870180531 30.000000000000004
1733.9766182426938 30.000000000000004
1733.5292442116124 30.000000000000004
1733.5292442116124 30.000000000000004
1731.739748087288 30.000000000000004
1731.590623410261 30.000000000000004
1731.590623410261 30.000000000000004
1731.888872764315 30.000000000000004
1733.6783688886396 30.000000000000004
1733.081870180531 30.000000000000004
1732.783620826477 30.000000000000004
1732.485371472423 30.000000000000004
1732.336246795396 30.000000000000004
1732.037997441342 30.000000000000004
1732.6344961494501 30.000000000000004
1732.932745503504 30.000000000000004
1732.6344961494501 30.000000000000004
1733.2309948575582 30.000000000000004
1732.336246795396 30.000000000000004
1732.932745503504 30.000000000000004
1733.5292442116124 30.000000000000004
1732.037997441342 30.000000000000004
1732.336246795396 30.000000000000004
1731.1432493791804 30.000000000000004
1731.4414987332343 30.000000000000004
1731.4414987332343 30.000000000000004
1731.888872764315 30.000000000000004
1732.336246795396 30.000000000000004
1732.932745503504 30.000000000000004
1733.081870180531 30.000000000000004
1732.932745503504 30.000000000000004
1733.3801195345854 30.000000000000004
1733.2309948575582 30.000000000000004
1731.739748087288 30.000000000000004
1731.1432493791804 30.000000000000004
1731.739748087288 30.000000000000004
1731.590623410261 30.000000000000004
1731.2923740562073 30.000000000000004
1730.8450000251266 30.000000000000004
1731.888872764315 30.000000000000004
1732.783620826477 30.000000000000004
1732.037997441342 30.000000000000004
1731.590623410261 30.000000000000004
1730.8450000251266 30.000000000000004
1729.950251962966 30.000000000000004
1729.950251962966 30.000000000000004
1729.353753254859 30.000000000000004
1728.7572545467524 30.000000000000004
1730.0993766399927 30.000000000000004
1730.3976259940462 30.000000000000004
1730.9941247021534 30.000000000000004
1731.739748087288 30.000000000000004
1731.2923740562073 30.000000000000004
1731.4414987332343 30.000000000000004
1731.4414987332343 30.000000000000004
1730.9941247021534 30.000000000000004
1730.6958753481 30.000000000000004
1730.2485013170194 30.000000000000004
1730.8450000251266 30.000000000000004
1732.037997441342 30.000000000000004
1731.888872764315 30.000000000000004
1732.783620826477 30.000000000000004
1734.2748675967482 30.000000000000004
1733.6783688886396 30.000000000000004
1733.6783688886396 30.000000000000004
1732.783620826477 30.000000000000004
1733.081870180531 30.000000000000004
1732.932745503504 30.000000000000004
1731.888872764315 30.000000000000004
1730.8450000251266 30.000000000000004
1731.4414987332343 30.000000000000004
1731.4414987332343 30.000000000000004
1731.888872764315 30.000000000000004
1731.2923740562073 30.000000000000004
1730.9941247021534 30.000000000000004
1731.2923740562073 30.000000000000004
1731.2923740562073 30.000000000000004
1731.590623410261 30.000000000000004
1732.485371472423 30.000000000000004
1731.888872764315 30.000000000000004
1732.187122118369 30.000000000000004
1732.187122118369 30.000000000000004
1732.932745503504 30.000000000000004
1732.6344961494501 30.000000000000004
1732.932745503504 30.000000000000004
1733.3801195345854 30.000000000000004
1733.3801195345854 30.000000000000004
1732.6344961494501 30.000000000000004
1731.739748087288 30.000000000000004
1731.590623410261 30.000000000000004
1730.546750671073 30.000000000000004
1729.950251962966 30.000000000000004
1728.906379223779 30.000000000000004
1728.906379223779 30.000000000000004
1728.0116311616193 30.000000000000004
1728.3098805156726 30.000000000000004
1729.5028779318857 30.000000000000004
1729.8011272859392 30.000000000000004
1729.6520026089124 30.000000000000004
1730.2485013170194 30.000000000000004
1730.546750671073 30.000000000000004
1730.546750671073 30.000000000000004
1730.8450000251266 30.000000000000004
1731.2923740562073 30.000000000000004
1731.2923740562073 30.000000000000004
1731.739748087288 30.000000000000004
1732.037997441342 30.000000000000004
1732.6344961494501 30.000000000000004
1733.2309948575582 30.000000000000004
1732.6344961494501 30.000000000000004
1733.8274935656668 30.000000000000004
1735.0204909818844 30.000000000000004
1733.8274935656668 30.000000000000004
1733.2309948575582 30.000000000000004
1735.0204909818844 30.000000000000004
1734.72224162783 30.000000000000004
1734.72224162783 30.000000000000004
1736.809987106213 30.000000000000004
1736.809987106213 30.000000000000004
1737.406485814323 30.000000000000004
1739.1959819386548 30.000000000000004
1739.1959819386548 30.000000000000004
1738.8977325845992 30.000000000000004
1738.599483230544 30.000000000000004
1738.3012338764886 30.000000000000004
1738.8977325845992 30.000000000000004
1738.599483230544 30.000000000000004
1740.0907300008214 30.000000000000004
1739.7924806467659 30.000000000000004
1738.8977325845992 30.000000000000004
1739.1959819386548 30.000000000000004
1739.1959819386548 30.000000000000004
1738.4503585535163 30.000000000000004
1737.8538598454056 30.000000000000004
1739.0468572616269 30.000000000000004
1739.9416053237935 30.000000000000004
1742.0293508021846 30.000000000000004
1742.924098864353 30.000000000000004
1743.2223482184095 30.000000000000004
1743.5205975724657 30.000000000000004
1745.0118443427486 30.000000000000004
1745.3100936968053 30.000000000000004
1745.160969019777 30.000000000000004
1744.5644703116636 30.000000000000004
1744.5644703116636 30.000000000000004
1745.459218373834 30.000000000000004
1746.6522157900617 30.000000000000004
1747.248714498176 30.000000000000004
1746.3539664360046 30.000000000000004
1747.248714498176 30.000000000000004
1747.248714498176 30.000000000000004
1747.248714498176 30.000000000000004
1746.9504651441189 30.000000000000004
1748.292587237377 30.000000000000004
1747.9943378833193 30.000000000000004
1748.143462560348 30.000000000000004
1748.5908365914343 30.000000000000004
1748.739961268463 30.000000000000004
1748.739961268463 30.000000000000004
1749.634709330636 30.000000000000004
1749.9329586846939 30.000000000000004
1749.634709330636 30.000000000000004
1749.634709330636 30.000000000000004
1750.6785820698387 30.000000000000004
1750.5294573928097 30.000000000000004
1751.1259561009258 30.000000000000004
1750.8277067468678 30.000000000000004
1751.1259561009258 30.000000000000004
1751.573330132013 30.000000000000004
1752.7663275482464 30.000000000000004
1752.1698288401296 30.000000000000004
1754.5558236725985 30.000000000000004
1754.8540730266577 30.000000000000004
1756.047070442894 30.000000000000004
1755.7488210888348 30.000000000000004
1755.4505717347756 30.000000000000004
1754.2575743185398 30.000000000000004
1755.1523223807167 30.000000000000004
1756.047070442894 30.000000000000004
1756.941818505072 30.000000000000004
1757.8365665672507 30.000000000000004
1759.0295639834899 30.000000000000004
1760.22256139973 30.000000000000004
1760.3716860767604 30.000000000000004
1760.5208107537903 30.000000000000004
1759.92431204567 30.000000000000004
1760.8190601078509 30.000000000000004
1761.8629328470624 30.000000000000004
1762.3103068781534 30.000000000000004
1762.906805586275 30.000000000000004
1763.503304294397 30.000000000000004
1763.8015536484577 30.000000000000004
1763.9506783254883 30.000000000000004
1763.8015536484577 30.000000000000004
1764.2489276795495 30.000000000000004
1763.9506783254883 30.000000000000004
1764.2489276795495 30.000000000000004
1764.9945510647026 30.000000000000004
1764.845426387672 30.000000000000004
1766.6349225120412 30.000000000000004
1766.48579783501 30.000000000000004
1766.6349225120412 30.000000000000004
1767.8279199282886 30.000000000000004
1768.1261692823507 30.000000000000004
1767.8279199282886 30.000000000000004
1768.424418636413 30.000000000000004
1768.8717926675063 30.000000000000004
1768.7226679904752 30.000000000000004
1768.7226679904752 30.000000000000004
1769.0209173445373 30.000000000000004
1768.7226679904752 30.000000000000004
1769.617416052662 30.000000000000004
1769.617416052662 30.000000000000004
1769.9156654067247 30.000000000000004
1769.3191666985997 30.000000000000004
1769.0209173445373 30.000000000000004
1769.617416052662 30.000000000000004
1770.2139147607872 30.000000000000004
1771.1086628229755 30.000000000000004
1771.705161531101 30.000000000000004
1772.5999095932905 30.000000000000004
1772.3016602392272 30.000000000000004
1772.5999095932905 30.000000000000004
1772.5999095932905 30.000000000000004
1773.9420316865758 30.000000000000004
1773.9420316865758 30.000000000000004
1774.240281040639 30.000000000000004
1774.240281040639 30.000000000000004
1775.7315278109581 30.000000000000004
1776.0297771650223 30.000000000000004
1777.5210239353432 30.000000000000004
1777.8192732894079 30.000000000000004
1777.5210239353432 30.000000000000004
1777.5210239353432 30.000000000000004
1778.1175226434725 30.000000000000004
1779.310520059731 30.000000000000004
1779.310520059731 30.000000000000004
1779.6087694137962 30.000000000000004
1780.205268121926 30.000000000000004
1781.3982655381872 30.000000000000004
1781.994764246318 30.000000000000004
1781.994764246318 30.000000000000004
1782.7403876314822 30.000000000000004
1782.143888923351 30.000000000000004
1782.7403876314822 30.000000000000004
1782.4421382774167 30.000000000000004
1782.4421382774167 30.000000000000004
1783.6351356936798 30.000000000000004
1784.231634401812 30.000000000000004
1784.8281331099442 30.000000000000004
1784.8281331099442 30.000000000000004
1785.7228811721434 30.000000000000004
1784.529883755878 30.000000000000004
1786.02113052621 30.000000000000004
1785.5737564951103 30.000000000000004
1787.0650032654437 30.000000000000004
1786.7667539113768 30.000000000000004
1787.0650032654437 30.000000000000004
1785.8720058491767 30.000000000000004
1787.3632526195106 30.000000000000004
1787.6615019735775 30.000000000000004
1787.6615019735775 30.000000000000004
1788.8544993898463 30.000000000000004
1788.8544993898463 30.000000000000004
1789.1527487439134 30.000000000000004
1789.450998097981 30.000000000000004
1789.7492474520486 30.000000000000004
1789.7492474520486 30.000000000000004
1790.9422448683194 30.000000000000004
1792.7317409927282 30.000000000000004
1792.1352422845916 30.000000000000004
1792.1352422845916 30.000000000000004
1792.1352422845916 30.000000000000004
1791.5387435764553 30.000000000000004
1792.1352422845916 30.000000000000004
1791.8369929305234 30.000000000000004
1792.4334916386597 30.000000000000004
1793.3282397008647 30.000000000000004
1793.6264890549335 30.000000000000004
1793.9247384090022 30.000000000000004
1794.5212371171397 30.000000000000004
1794.5212371171397 30.000000000000004
1794.8194864712084 30.000000000000004
1795.4159851793463 30.000000000000004
1795.1177358252774 30.000000000000004
1794.5212371171397 30.000000000000004
1794.5212371171397 30.000000000000004
1795.4159851793463 30.000000000000004
1796.3107332415539 30.000000000000004
1796.0124838874847 30.000000000000004
1796.0124838874847 30.000000000000004
1796.3107332415539 30.000000000000004
1795.4159851793463 30.000000000000004
1796.6089825956233 30.000000000000004
1796.6089825956233 30.000000000000004
1797.503730657832 30.000000000000004
1799.293226782251 30.000000000000004
1800.1879748444617 30.000000000000004
1800.1879748444617 30.000000000000004
1801.3809722607436 30.000000000000004
1802.275720322956 30.000000000000004
1801.9774709688852 30.000000000000004
1802.275720322956 30.000000000000004
1802.275720322956 30.000000000000004
1801.6792216148144 30.000000000000004
1801.6792216148144 30.000000000000004
1801.3809722607436 30.000000000000004
1801.6792216148144 30.000000000000004
1801.9774709688852 30.000000000000004
1803.1704683851692 30.000000000000004
1803.7669670933117 30.000000000000004
1804.0652164473831 30.000000000000004
1804.3634658014544 30.000000000000004
1803.7669670933117 30.000000000000004
1803.3195930622048 30.000000000000004
1803.617842416276 30.000000000000004
1804.5125904784902 30.000000000000004
1804.2143411244188 30.000000000000004
1804.5125904784902 30.000000000000004
1803.9160917703473 30.000000000000004
1804.810839832562 30.000000000000004
1805.1090891866336 30.000000000000004
1806.600335956993 30.000000000000004
1806.3020866029208 30.000000000000004
1806.600335956993 30.000000000000004
1807.0477099881011 30.000000000000004
1807.0477099881011 30.000000000000004
1808.2407074043908 30.000000000000004
1808.837206112536 30.000000000000004
1809.7319541747547 30.000000000000004
1810.0302035288278 30.000000000000004
1809.4337048206817 30.000000000000004
1810.3284528829008 30.000000000000004
1810.0302035288278 30.000000000000004
1810.0302035288278 30.000000000000004
1809.4337048206817 30.000000000000004
1809.4337048206817 30.000000000000004
1809.1354554666088 30.000000000000004
1809.4337048206817 30.000000000000004
1809.7319541747547 30.000000000000004
1810.6267022369739 30.000000000000004
1811.8196996532677 30.000000000000004
1811.8196996532677 30.000000000000004
1812.416198361415 30.000000000000004
1812.416198361415 30.000000000000004
1812.416198361415 30.000000000000004
1813.9074451317847 30.000000000000004
1814.2056944858587 30.000000000000004
1814.503943839933 30.000000000000004
1814.503943839933 30.000000000000004
1815.9951906103058 30.000000000000004
1815.8460659332686 30.000000000000004
1816.442564641418 30.000000000000004
1816.8899386725304 30.000000000000004
1817.4864373806806 30.000000000000004
1817.7846867347557 30.000000000000004
1817.7846867347557 30.000000000000004
1817.7846867347557 30.000000000000004
1818.6794347969822 30.000000000000004
1818.9776841510575 30.000000000000004
1818.6794347969822 30.000000000000004
1818.6794347969822 30.000000000000004
1818.5303101199443 30.000000000000004
1818.5303101199443 30.000000000000004
1819.1268088280954 30.000000000000004
1820.0215568903227 30.000000000000004
1820.6180555984747 30.000000000000004
1820.916304952551 30.000000000000004
1820.916304952551 30.000000000000004
1820.916304952551 30.000000000000004
1820.916304952551 30.000000000000004
1821.2145543066272 30.000000000000004
1820.916304952551 30.000000000000004
1820.3198062443987 30.000000000000004
1820.6180555984747 30.000000000000004
1820.0215568903227 30.000000000000004
1820.6180555984747 30.000000000000004
1821.8110530147796 30.000000000000004
1821.8110530147796 30.000000000000004
1822.4075517229328 30.000000000000004
1822.7058010770095 30.000000000000004
1823.0040504310862 30.000000000000004
1823.898798493317 30.000000000000004
1823.302299785163 30.000000000000004
1822.7058010770095 30.000000000000004
1823.0040504310862 30.000000000000004
1823.60054913924 30.000000000000004
1823.898798493317 30.000000000000004
1823.898798493317 30.000000000000004
1823.60054913924 30.000000000000004
1823.898798493317 30.000000000000004
1823.60054913924 30.000000000000004
1823.302299785163 30.000000000000004
1823.302299785163 30.000000000000004
1823.60054913924 30.000000000000004
1823.60054913924 30.000000000000004
1824.4952972014712 30.000000000000004
1824.4952972014712 30.000000000000004
1823.898798493317 30.000000000000004
1824.7935465555483 30.000000000000004
1824.7935465555483 30.000000000000004
1825.091795909626 30.000000000000004
1825.9865439718583 30.000000000000004
1826.8812920340915 30.000000000000004
1826.8812920340915 30.000000000000004
1827.776040096326 30.000000000000004
1828.3725388044822 30.000000000000004
1828.6707881585608 30.000000000000004
1829.5655362207965 30.000000000000004
1829.8637855748752 30.000000000000004
1830.4602842830332 30.000000000000004
1830.4602842830332 30.000000000000004
1831.951531053429 30.000000000000004
1833.5919025008675 30.000000000000004
1834.1884012090275 30.000000000000004
1834.4866505631076 30.000000000000004
1834.4866505631076 30.000000000000004
1834.1884012090275 30.000000000000004
1834.4866505631076 30.000000000000004
1834.1884012090275 30.000000000000004
1834.7848999171879 30.000000000000004
1835.3813986253485 30.000000000000004
1835.6796479794289 30.000000000000004
1835.6796479794289 30.000000000000004
1835.9778973335096 30.000000000000004
1835.6796479794289 30.000000000000004
1835.9778973335096 30.000000000000004
1835.9778973335096 30.000000000000004
1835.9778973335096 30.000000000000004
1835.9778973335096 30.000000000000004
1836.2761466875904 30.000000000000004
1835.9778973335096 30.000000000000004
1836.5743960416712 30.000000000000004
1836.2761466875904 30.000000000000004
1836.5743960416712 30.000000000000004
1835.6796479794289 30.000000000000004
1835.9778973335096 30.000000000000004
1835.5305233023887 30.000000000000004
1835.2322739483084 30.000000000000004
1835.5305233023887 30.000000000000004
1835.2322739483084 30.000000000000004
1834.6357752401477 30.000000000000004
1834.3375258860674 30.000000000000004
1833.7410271779072 30.000000000000004
1834.0392765319873 30.000000000000004
1833.7410271779072 30.000000000000004
1833.7410271779072 30.000000000000004
1833.7410271779072 30.000000000000004
1833.7410271779072 30.000000000000004
1833.1445284697475 30.000000000000004
1832.8462791156678 30.000000000000004
1832.8462791156678 30.000000000000004
1832.8462791156678 30.000000000000004
1833.1445284697475 30.000000000000004
1833.1445284697475 30.000000000000004
1833.1445284697475 30.000000000000004
