RS
1406.0514534802548 30.000000000000004
1374.1387725984987 30.000000000000004
1282.5762209072275 30.000000000000004
1212.189373349389 30.000000000000004
1171.6274611955178 30.000000000000004
1152.5395025343175 30.000000000000004
1129.5743022695506 30.000000000000004
1118.8373255221854 30.000000000000004
1108.100348774687 30.000000000000004
1102.4336110467857 30.000000000000004
1095.872125256536 30.000000000000004
1092.8896317154959 30.000000000000004
1087.521143341596 30.000000000000004
1085.13514850874 30.000000000000004
1081.2579069053338 30.000000000000004
1079.1701614265685 30.000000000000004
1076.187667885466 30.000000000000004
1074.9946704690215 30.000000000000004
1072.9069249902398 30.000000000000004
1073.8016730525756 30.000000000000004
1073.5034236984638 30.000000000000004
1072.3104262820154 30.000000000000004
1071.4156782196778 30.000000000000004
1073.205174344352 30.000000000000004
1070.8191795114521 30.000000000000004
1070.8191795114521 30.000000000000004
1071.4156782196778 30.000000000000004
1071.4156782196778 30.000000000000004
1070.5209301573395 30.000000000000004
1070.5209301573395 30.000000000000004
1069.924431449113 30.000000000000004
1069.924431449113 30.000000000000004
1069.0296833867728 30.000000000000004
1068.4331846785453 30.000000000000004
1067.8366859703174 30.000000000000004
1067.8366859703174 30.000000000000004
1066.64368855386 30.000000000000004
1066.3454391997457 30.000000000000004
1065.1524417832861 30.000000000000004
1065.450691137401 30.000000000000004
1064.8541924291708 30.000000000000004
1064.8541924291708 30.000000000000004
1063.9594443668248 30.000000000000004
1063.0646963044774 30.000000000000004
1063.3629456585932 30.000000000000004
1062.169948242129 30.000000000000004
1062.7664469503613 30.000000000000004
1062.4681975962453 30.000000000000004
1062.169948242129 30.000000000000004
1062.169948242129 30.000000000000004
1061.8716988880126 30.000000000000004
1061.573449533896 30.000000000000004
1060.976950825663 30.000000000000004
1060.976950825663 30.000000000000004
1060.678701471546 30.000000000000004
1060.678701471546 30.000000000000004
1060.976950825663 30.000000000000004
1060.678701471546 30.000000000000004
1060.976950825663 30.000000000000004
1060.380452117429 30.000000000000004
1060.380452117429 30.000000000000004
1060.082202763312 30.000000000000004
1059.4857040550773 30.000000000000004
1059.7839534091945 30.000000000000004
1060.380452117429 30.000000000000004
1060.380452117429 30.000000000000004
1060.678701471546 30.000000000000004
1060.082202763312 30.000000000000004
1060.082202763312 30.000000000000004
1059.18745470096 30.000000000000004
1058.8892053468426 30.000000000000004
1058.8892053468426 30.000000000000004
1058.2927066386071 30.000000000000004
1057.9944572844893 30.000000000000004
1057.9944572844893 30.000000000000004
1058.8892053468426 30.000000000000004
1058.8892053468426 30.000000000000004
1058.590955992725 30.000000000000004
1058.590955992725 30.000000000000004
1057.9944572844893 30.000000000000004
1057.6962079303712 30.000000000000004
1057.9944572844893 30.000000000000004
1058.590955992725 30.000000000000004
1058.590955992725 30.000000000000004
1058.590955992725 30.000000000000004
1058.2927066386071 30.000000000000004
1057.9944572844893 30.000000000000004
1057.6962079303712 30.000000000000004
1057.6962079303712 30.000000000000004
1057.9944572844893 30.000000000000004
1057.9944572844893 30.000000000000004
1058.8892053468426 30.000000000000004
1059.18745470096 30.000000000000004
1059.18745470096 30.000000000000004
1058.590955992725 30.000000000000004
1057.9944572844893 30.000000000000004
1058.590955992725 30.000000000000004
1058.590955992725 30.000000000000004
1059.18745470096 30.000000000000004
1058.8892053468426 30.000000000000004
1058.590955992725 30.000000000000004
1058.590955992725 30.000000000000004
1058.590955992725 30.000000000000004
1058.590955992725 30.000000000000004
1058.590955992725 30.000000000000004
1058.2927066386071 30.000000000000004
1058.2927066386071 30.000000000000004
1057.9944572844893 30.000000000000004
1057.6962079303712 30.000000000000004
1057.6962079303712 30.000000000000004
1057.9944572844893 30.000000000000004
1057.9944572844893 30.000000000000004
1057.397958576253 30.000000000000004
1057.0997092221348 30.000000000000004
1057.0997092221348 30.000000000000004
1057.0997092221348 30.000000000000004
1057.0997092221348 30.000000000000004
1057.0997092221348 30.000000000000004
1056.5032105138978 30.000000000000004
1056.2049611597793 30.000000000000004
1056.5032105138978 30.000000000000004
1055.9067118056605 30.000000000000004
1055.9067118056605 30.000000000000004
1056.8014598680163 30.000000000000004
1056.8014598680163 30.000000000000004
1057.0997092221348 30.000000000000004
1057.0997092221348 30.000000000000004
1057.0997092221348 30.000000000000004
1057.0997092221348 30.000000000000004
1057.0997092221348 30.000000000000004
1057.0997092221348 30.000000000000004
1056.8014598680163 30.000000000000004
1056.5032105138978 30.000000000000004
1056.5032105138978 30.000000000000004
1056.5032105138978 30.000000000000004
1056.2049611597793 30.000000000000004
1055.9067118056605 30.000000000000004
1055.9067118056605 30.000000000000004
1055.9067118056605 30.000000000000004
1056.2049611597793 30.000000000000004
1056.2049611597793 30.000000000000004
1057.0997092221348 30.000000000000004
1056.5032105138978 30.000000000000004
1056.2049611597793 30.000000000000004
1055.9067118056605 30.000000000000004
1054.7137143891841 30.000000000000004
1054.415465035065 30.000000000000004
1054.415465035065 30.000000000000004
1054.1172156809455 30.000000000000004
1053.8189663268258 30.000000000000004
1053.8189663268258 30.000000000000004
1053.5207169727064 30.000000000000004
1053.5207169727064 30.000000000000004
1053.5207169727064 30.000000000000004
1053.2224676185865 30.000000000000004
1053.5207169727064 30.000000000000004
1053.5207169727064 30.000000000000004
1053.8189663268258 30.000000000000004
1053.2224676185865 30.000000000000004
1053.2224676185865 30.000000000000004
1053.2224676185865 30.000000000000004
1053.2224676185865 30.000000000000004
1053.2224676185865 30.000000000000004
1052.9242182644664 30.000000000000004
1052.9242182644664 30.000000000000004
1052.9242182644664 30.000000000000004
1052.6259689103465 30.000000000000004
1052.6259689103465 30.000000000000004
1052.6259689103465 30.000000000000004
1052.6259689103465 30.000000000000004
1052.6259689103465 30.000000000000004
1052.9242182644664 30.000000000000004
1052.3277195562262 30.000000000000004
1052.3277195562262 30.000000000000004
1052.3277195562262 30.000000000000004
1052.3277195562262 30.000000000000004
1052.3277195562262 30.000000000000004
1052.3277195562262 30.000000000000004
1052.3277195562262 30.000000000000004
1052.6259689103465 30.000000000000004
1052.6259689103465 30.000000000000004
1052.3277195562262 30.000000000000004
1052.6259689103465 30.000000000000004
1052.6259689103465 30.000000000000004
1052.6259689103465 30.000000000000004
1052.6259689103465 30.000000000000004
1052.0294702021058 30.000000000000004
1052.0294702021058 30.000000000000004
1052.0294702021058 30.000000000000004
1051.7312208479855 30.000000000000004
1051.1347221397443 30.000000000000004
1051.1347221397443 30.000000000000004
1051.1347221397443 30.000000000000004
1050.8364727856238 30.000000000000004
1050.8364727856238 30.000000000000004
1050.8364727856238 30.000000000000004
1050.8364727856238 30.000000000000004
1050.5382234315025 30.000000000000004
1050.5382234315025 30.000000000000004
1050.5382234315025 30.000000000000004
1050.8364727856238 30.000000000000004
1050.8364727856238 30.000000000000004
1050.8364727856238 30.000000000000004
1050.8364727856238 30.000000000000004
1050.8364727856238 30.000000000000004
1050.8364727856238 30.000000000000004
1050.8364727856238 30.000000000000004
1050.5382234315025 30.000000000000004
1050.5382234315025 30.000000000000004
1050.8364727856238 30.000000000000004
1050.8364727856238 30.000000000000004
1050.8364727856238 30.000000000000004
1050.8364727856238 30.000000000000004
1050.8364727856238 30.000000000000004
1050.8364727856238 30.000000000000004
1050.8364727856238 30.000000000000004
1050.8364727856238 30.000000000000004
1050.8364727856238 30.000000000000004
1050.8364727856238 30.000000000000004
1050.8364727856238 30.000000000000004
1050.8364727856238 30.000000000000004
1050.2399740773815 30.000000000000004
1049.6434753691392 30.000000000000004
1049.3452260150177 30.000000000000004
1049.3452260150177 30.000000000000004
1049.3452260150177 30.000000000000004
1049.3452260150177 30.000000000000004
1049.3452260150177 30.000000000000004
1049.3452260150177 30.000000000000004
1049.3452260150177 30.000000000000004
1050.2399740773815 30.000000000000004
1050.5382234315025 30.000000000000004
1050.5382234315025 30.000000000000004
1050.5382234315025 30.000000000000004
1050.5382234315025 30.000000000000004
1050.5382234315025 30.000000000000004
1050.2399740773815 30.000000000000004
1050.2399740773815 30.000000000000004
1050.2399740773815 30.000000000000004
1050.2399740773815 30.000000000000004
1050.2399740773815 30.000000000000004
1050.2399740773815 30.000000000000004
1050.2399740773815 30.000000000000004
1050.5382234315025 30.000000000000004
1050.5382234315025 30.000000000000004
1050.5382234315025 30.000000000000004
1050.5382234315025 30.000000000000004
1050.5382234315025 30.000000000000004
1050.5382234315025 30.000000000000004
1050.8364727856238 30.000000000000004
1050.2399740773815 30.000000000000004
1050.2399740773815 30.000000000000004
1050.2399740773815 30.000000000000004
1049.9417247232604 30.000000000000004
1049.9417247232604 30.000000000000004
1049.9417247232604 30.000000000000004
1049.9417247232604 30.000000000000004
1049.9417247232604 30.000000000000004
1050.2399740773815 30.000000000000004
1050.2399740773815 30.000000000000004
1050.2399740773815 30.000000000000004
1050.2399740773815 30.000000000000004
1050.2399740773815 30.000000000000004
1050.2399740773815 30.000000000000004
1049.9417247232604 30.000000000000004
1049.9417247232604 30.000000000000004
1050.2399740773815 30.000000000000004
1050.2399740773815 30.000000000000004
1050.2399740773815 30.000000000000004
1050.2399740773815 30.000000000000004
1050.2399740773815 30.000000000000004
1050.2399740773815 30.000000000000004
1050.2399740773815 30.000000000000004
1050.2399740773815 30.000000000000004
1050.2399740773815 30.000000000000004
1050.2399740773815 30.000000000000004
1050.2399740773815 30.000000000000004
1050.5382234315025 30.000000000000004
1050.5382234315025 30.000000000000004
1050.2399740773815 30.000000000000004
1050.2399740773815 30.000000000000004
1050.2399740773815 30.000000000000004
1050.2399740773815 30.000000000000004
1050.2399740773815 30.000000000000004
1050.2399740773815 30.000000000000004
1050.2399740773815 30.000000000000004
1050.2399740773815 30.000000000000004
1050.2399740773815 30.000000000000004
1049.9417247232604 30.000000000000004
1049.6434753691392 30.000000000000004
1049.6434753691392 30.000000000000004
1049.6434753691392 30.000000000000004
1049.3452260150177 30.000000000000004
1049.3452260150177 30.000000000000004
1049.3452260150177 30.000000000000004
1049.3452260150177 30.000000000000004
1049.3452260150177 30.000000000000004
1049.3452260150177 30.000000000000004
1049.3452260150177 30.000000000000004
1049.3452260150177 30.000000000000004
1049.3452260150177 30.000000000000004
1049.3452260150177 30.000000000000004
1049.3452260150177 30.000000000000004
1049.3452260150177 30.000000000000004
1049.3452260150177 30.000000000000004
1049.3452260150177 30.000000000000004
1049.3452260150177 30.000000000000004
1049.3452260150177 30.000000000000004
1049.3452260150177 30.000000000000004
1049.0469766608962 30.000000000000004
1049.0469766608962 30.000000000000004
1049.3452260150177 30.000000000000004
1049.3452260150177 30.000000000000004
1049.3452260150177 30.000000000000004
1049.3452260150177 30.000000000000004
1049.3452260150177 30.000000000000004
1049.3452260150177 30.000000000000004
1049.3452260150177 30.000000000000004
1049.0469766608962 30.000000000000004
1048.7487273067745 30.000000000000004
1048.1522285985309 30.000000000000004
1048.1522285985309 30.000000000000004
1048.1522285985309 30.000000000000004
1048.1522285985309 30.000000000000004
1047.853979244409 30.000000000000004
1048.1522285985309 30.000000000000004
1048.1522285985309 30.000000000000004
1048.1522285985309 30.000000000000004
1048.1522285985309 30.000000000000004
1047.853979244409 30.000000000000004
1047.853979244409 30.000000000000004
1047.853979244409 30.000000000000004
1047.853979244409 30.000000000000004
1047.853979244409 30.000000000000004
1047.853979244409 30.000000000000004
1047.853979244409 30.000000000000004
1047.853979244409 30.000000000000004
1047.853979244409 30.000000000000004
1047.853979244409 30.000000000000004
1047.5557298902868 30.000000000000004
1047.5557298902868 30.000000000000004
1047.5557298902868 30.000000000000004
1047.5557298902868 30.000000000000004
1047.853979244409 30.000000000000004
1047.853979244409 30.000000000000004
1047.853979244409 30.000000000000004
1047.853979244409 30.000000000000004
1047.853979244409 30.000000000000004
1047.853979244409 30.000000000000004
1048.1522285985309 30.000000000000004
1048.1522285985309 30.000000000000004
1047.853979244409 30.000000000000004
1047.853979244409 30.000000000000004
1047.5557298902868 30.000000000000004
1047.2574805361646 30.000000000000004
1047.2574805361646 30.000000000000004
1047.2574805361646 30.000000000000004
1047.2574805361646 30.000000000000004
1047.2574805361646 30.000000000000004
1047.2574805361646 30.000000000000004
1047.2574805361646 30.000000000000004
1047.2574805361646 30.000000000000004
1047.2574805361646 30.000000000000004
1047.2574805361646 30.000000000000004
1047.2574805361646 30.000000000000004
1047.2574805361646 30.000000000000004
1047.2574805361646 30.000000000000004
1046.9592311820422 30.000000000000004
1046.9592311820422 30.000000000000004
1046.9592311820422 30.000000000000004
1046.9592311820422 30.000000000000004
1046.9592311820422 30.000000000000004
1046.6609818279196 30.000000000000004
1046.6609818279196 30.000000000000004
1046.362732473797 30.000000000000004
1046.362732473797 30.000000000000004
1046.362732473797 30.000000000000004
1046.6609818279196 30.000000000000004
1046.6609818279196 30.000000000000004
1046.6609818279196 30.000000000000004
1046.362732473797 30.000000000000004
1046.362732473797 30.000000000000004
1046.362732473797 30.000000000000004
1046.362732473797 30.000000000000004
1046.362732473797 30.000000000000004
1046.362732473797 30.000000000000004
1046.362732473797 30.000000000000004
1046.362732473797 30.000000000000004
1046.362732473797 30.000000000000004
1046.362732473797 30.000000000000004
1046.362732473797 30.000000000000004
1046.362732473797 30.000000000000004
1046.362732473797 30.000000000000004
1046.362732473797 30.000000000000004
1046.362732473797 30.000000000000004
1046.362732473797 30.000000000000004
1046.0644831196744 30.000000000000004
1045.7662337655513 30.000000000000004
1045.7662337655513 30.000000000000004
1045.7662337655513 30.000000000000004
1045.7662337655513 30.000000000000004
1045.7662337655513 30.000000000000004
1045.7662337655513 30.000000000000004
1045.4679844114285 30.000000000000004
1045.4679844114285 30.000000000000004
1045.7662337655513 30.000000000000004
1045.7662337655513 30.000000000000004
1045.7662337655513 30.000000000000004
1045.7662337655513 30.000000000000004
1045.7662337655513 30.000000000000004
1045.7662337655513 30.000000000000004
1045.7662337655513 30.000000000000004
1046.0644831196744 30.000000000000004
1046.362732473797 30.000000000000004
1046.362732473797 30.000000000000004
1046.362732473797 30.000000000000004
1046.0644831196744 30.000000000000004
1046.0644831196744 30.000000000000004
1046.0644831196744 30.000000000000004
1046.0644831196744 30.000000000000004
1046.0644831196744 30.000000000000004
1046.0644831196744 30.000000000000004
1046.0644831196744 30.000000000000004
1046.0644831196744 30.000000000000004
1046.0644831196744 30.000000000000004
1046.0644831196744 30.000000000000004
1046.0644831196744 30.000000000000004
1046.0644831196744 30.000000000000004
1046.0644831196744 30.000000000000004
1046.0644831196744 30.000000000000004
1046.0644831196744 30.000000000000004
1046.0644831196744 30.000000000000004
1046.0644831196744 30.000000000000004
1046.0644831196744 30.000000000000004
1046.0644831196744 30.000000000000004
1046.0644831196744 30.000000000000004
1046.0644831196744 30.000000000000004
1046.0644831196744 30.000000000000004
1046.0644831196744 30.000000000000004
1046.0644831196744 30.000000000000004
1046.0644831196744 30.000000000000004
1046.0644831196744 30.000000000000004
1046.0644831196744 30.000000000000004
1046.0644831196744 30.000000000000004
1046.0644831196744 30.000000000000004
1046.0644831196744 30.000000000000004
1045.4679844114285 30.000000000000004
1045.4679844114285 30.000000000000004
1045.4679844114285 30.000000000000004
1045.4679844114285 30.000000000000004
1045.4679844114285 30.000000000000004
1045.4679844114285 30.000000000000004
1045.4679844114285 30.000000000000004
1045.4679844114285 30.000000000000004
1045.4679844114285 30.000000000000004
1045.4679844114285 30.000000000000004
1045.4679844114285 30.000000000000004
1045.4679844114285 30.000000000000004
1045.7662337655513 30.000000000000004
1045.4679844114285 30.000000000000004
1045.4679844114285 30.000000000000004
1045.4679844114285 30.000000000000004
1045.4679844114285 30.000000000000004
1045.7662337655513 30.000000000000004
1045.7662337655513 30.000000000000004
1045.7662337655513 30.000000000000004
1045.7662337655513 30.000000000000004
1045.7662337655513 30.000000000000004
1045.7662337655513 30.000000000000004
1045.7662337655513 30.000000000000004
1045.7662337655513 30.000000000000004
1045.7662337655513 30.000000000000004
1045.7662337655513 30.000000000000004
1045.7662337655513 30.000000000000004
1045.7662337655513 30.000000000000004
1046.0644831196744 30.000000000000004
1046.0644831196744 30.000000000000004
1046.0644831196744 30.000000000000004
1046.0644831196744 30.000000000000004
1045.7662337655513 30.000000000000004
1045.7662337655513 30.000000000000004
1045.7662337655513 30.000000000000004
1045.7662337655513 30.000000000000004
1045.7662337655513 30.000000000000004
1045.7662337655513 30.000000000000004
1045.7662337655513 30.000000000000004
1045.7662337655513 30.000000000000004
1045.7662337655513 30.000000000000004
1045.7662337655513 30.000000000000004
1045.4679844114285 30.000000000000004
1045.4679844114285 30.000000000000004
1045.4679844114285 30.000000000000004
1045.4679844114285 30.000000000000004
1045.4679844114285 30.000000000000004
1045.4679844114285 30.000000000000004
1045.4679844114285 30.000000000000004
1045.4679844114285 30.000000000000004
1045.4679844114285 30.000000000000004
1045.4679844114285 30.000000000000004
1045.1697350573054 30.000000000000004
1045.1697350573054 30.000000000000004
1045.1697350573054 30.000000000000004
1045.1697350573054 30.000000000000004
1045.1697350573054 30.000000000000004
1045.1697350573054 30.000000000000004
1045.1697350573054 30.000000000000004
1045.1697350573054 30.000000000000004
1045.1697350573054 30.000000000000004
1045.1697350573054 30.000000000000004
1045.1697350573054 30.000000000000004
1045.1697350573054 30.000000000000004
1045.1697350573054 30.000000000000004
1045.1697350573054 30.000000000000004
1045.1697350573054 30.000000000000004
1045.1697350573054 30.000000000000004
1045.1697350573054 30.000000000000004
1045.1697350573054 30.000000000000004
1045.1697350573054 30.000000000000004
1045.1697350573054 30.000000000000004
1045.1697350573054 30.000000000000004
1045.1697350573054 30.000000000000004
1045.1697350573054 30.000000000000004
1044.8714857031823 30.000000000000004
1044.8714857031823 30.000000000000004
1044.8714857031823 30.000000000000004
1044.8714857031823 30.000000000000004
1044.5732363490588 30.000000000000004
1044.5732363490588 30.000000000000004
1044.5732363490588 30.000000000000004
1044.5732363490588 30.000000000000004
1044.5732363490588 30.000000000000004
1044.5732363490588 30.000000000000004
1044.5732363490588 30.000000000000004
1044.5732363490588 30.000000000000004
1044.5732363490588 30.000000000000004
1044.5732363490588 30.000000000000004
1044.5732363490588 30.000000000000004
1044.5732363490588 30.000000000000004
1044.5732363490588 30.000000000000004
1044.2749869949355 30.000000000000004
1043.9767376408117 30.000000000000004
1043.9767376408117 30.000000000000004
1043.9767376408117 30.000000000000004
1043.9767376408117 30.000000000000004
1043.9767376408117 30.000000000000004
1043.9767376408117 30.000000000000004
1043.9767376408117 30.000000000000004
1043.9767376408117 30.000000000000004
1043.9767376408117 30.000000000000004
1043.9767376408117 30.000000000000004
1043.9767376408117 30.000000000000004
1043.9767376408117 30.000000000000004
1043.9767376408117 30.000000000000004
1043.9767376408117 30.000000000000004
1043.9767376408117 30.000000000000004
1043.9767376408117 30.000000000000004
1043.9767376408117 30.000000000000004
1043.678488286688 30.000000000000004
1043.678488286688 30.000000000000004
1043.678488286688 30.000000000000004
1043.678488286688 30.000000000000004
1043.9767376408117 30.000000000000004
1043.9767376408117 30.000000000000004
1043.9767376408117 30.000000000000004
1043.9767376408117 30.000000000000004
1043.9767376408117 30.000000000000004
1043.9767376408117 30.000000000000004
1043.9767376408117 30.000000000000004
1043.678488286688 30.000000000000004
1043.678488286688 30.000000000000004
1043.678488286688 30.000000000000004
1043.678488286688 30.000000000000004
1043.678488286688 30.000000000000004
1043.678488286688 30.000000000000004
1043.678488286688 30.000000000000004
1043.678488286688 30.000000000000004
1043.678488286688 30.000000000000004
1043.678488286688 30.000000000000004
1043.678488286688 30.000000000000004
1043.678488286688 30.000000000000004
1043.678488286688 30.000000000000004
1043.9767376408117 30.000000000000004
1043.9767376408117 30.000000000000004
1043.9767376408117 30.000000000000004
1043.9767376408117 30.000000000000004
1043.9767376408117 30.000000000000004
1043.9767376408117 30.000000000000004
1043.9767376408117 30.000000000000004
1043.9767376408117 30.000000000000004
1043.9767376408117 30.000000000000004
1043.9767376408117 30.000000000000004
1043.9767376408117 30.000000000000004
1043.9767376408117 30.000000000000004
1043.9767376408117 30.000000000000004
1043.9767376408117 30.000000000000004
1043.9767376408117 30.000000000000004
1043.9767376408117 30.000000000000004
1043.9767376408117 30.000000000000004
1043.9767376408117 30.000000000000004
1043.9767376408117 30.000000000000004
1043.9767376408117 30.000000000000004
1043.9767376408117 30.000000000000004
1043.9767376408117 30.000000000000004
1043.9767376408117 30.000000000000004
1043.9767376408117 30.000000000000004
1044.2749869949355 30.000000000000004
1044.2749869949355 30.000000000000004
1044.2749869949355 30.000000000000004
1044.2749869949355 30.000000000000004
1043.9767376408117 30.000000000000004
1043.9767376408117 30.000000000000004
1043.9767376408117 30.000000000000004
1043.9767376408117 30.000000000000004
1043.9767376408117 30.000000000000004
1043.9767376408117 30.000000000000004
1043.9767376408117 30.000000000000004
1043.9767376408117 30.000000000000004
1043.9767376408117 30.000000000000004
1043.9767376408117 30.000000000000004
1043.9767376408117 30.000000000000004
1043.9767376408117 30.000000000000004
1044.2749869949355 30.000000000000004
1044.2749869949355 30.000000000000004
1044.2749869949355 30.000000000000004
1044.2749869949355 30.000000000000004
1044.2749869949355 30.000000000000004
1044.2749869949355 30.000000000000004
1044.5732363490588 30.000000000000004
1044.5732363490588 30.000000000000004
1044.5732363490588 30.000000000000004
1044.5732363490588 30.000000000000004
1044.5732363490588 30.000000000000004
1044.5732363490588 30.000000000000004
1044.5732363490588 30.000000000000004
1044.5732363490588 30.000000000000004
1044.5732363490588 30.000000000000004
1044.5732363490588 30.000000000000004
1045.1697350573054 30.000000000000004
1045.1697350573054 30.000000000000004
1045.1697350573054 30.000000000000004
1045.1697350573054 30.000000000000004
1045.1697350573054 30.000000000000004
1045.7662337655513 30.000000000000004
1045.7662337655513 30.000000000000004
1045.7662337655513 30.000000000000004
1045.7662337655513 30.000000000000004
1045.7662337655513 30.000000000000004
1045.7662337655513 30.000000000000004
1045.7662337655513 30.000000000000004
1045.7662337655513 30.000000000000004
1045.7662337655513 30.000000000000004
1045.7662337655513 30.000000000000004
1045.7662337655513 30.000000000000004
1046.0644831196744 30.000000000000004
1046.0644831196744 30.000000000000004
1046.0644831196744 30.000000000000004
1046.0644831196744 30.000000000000004
1046.0644831196744 30.000000000000004
1046.0644831196744 30.000000000000004
1046.0644831196744 30.000000000000004
1046.0644831196744 30.000000000000004
1046.0644831196744 30.000000000000004
1046.0644831196744 30.000000000000004
1046.0644831196744 30.000000000000004
1046.0644831196744 30.000000000000004
1046.0644831196744 30.000000000000004
1046.0644831196744 30.000000000000004
1046.0644831196744 30.000000000000004
1045.7662337655513 30.000000000000004
1045.7662337655513 30.000000000000004
1045.7662337655513 30.000000000000004
1045.7662337655513 30.000000000000004
1045.7662337655513 30.000000000000004
1045.7662337655513 30.000000000000004
1045.7662337655513 30.000000000000004
1045.7662337655513 30.000000000000004
1045.7662337655513 30.000000000000004
1045.4679844114285 30.000000000000004
1045.4679844114285 30.000000000000004
1045.4679844114285 30.000000000000004
1045.4679844114285 30.000000000000004
1045.4679844114285 30.000000000000004
1045.4679844114285 30.000000000000004
1045.4679844114285 30.000000000000004
1045.1697350573054 30.000000000000004
1045.1697350573054 30.000000000000004
1045.1697350573054 30.000000000000004
1045.4679844114285 30.000000000000004
1045.4679844114285 30.000000000000004
1045.4679844114285 30.000000000000004
1045.4679844114285 30.000000000000004
1045.4679844114285 30.000000000000004
1045.4679844114285 30.000000000000004
1045.4679844114285 30.000000000000004
1045.4679844114285 30.000000000000004
1045.1697350573054 30.000000000000004
1045.1697350573054 30.000000000000004
1045.1697350573054 30.000000000000004
1045.1697350573054 30.000000000000004
1045.1697350573054 30.000000000000004
1045.1697350573054 30.000000000000004
1045.1697350573054 30.000000000000004
1045.1697350573054 30.000000000000004
1045.1697350573054 30.000000000000004
1045.1697350573054 30.000000000000004
1045.1697350573054 30.000000000000004
1045.1697350573054 30.000000000000004
1045.1697350573054 30.000000000000004
1045.1697350573054 30.000000000000004
1045.1697350573054 30.000000000000004
1045.1697350573054 30.000000000000004
1045.1697350573054 30.000000000000004
1045.1697350573054 30.000000000000004
1045.1697350573054 30.000000000000004
1045.1697350573054 30.000000000000004
1045.1697350573054 30.000000000000004
1045.1697350573054 30.000000000000004
1045.1697350573054 30.000000000000004
1044.8714857031823 30.000000000000004
1044.8714857031823 30.000000000000004
1044.8714857031823 30.000000000000004
1044.8714857031823 30.000000000000004
1045.1697350573054 30.000000000000004
1045.1697350573054 30.000000000000004
1045.1697350573054 30.000000000000004
1045.1697350573054 30.000000000000004
1045.1697350573054 30.000000000000004
1045.1697350573054 30.000000000000004
1045.1697350573054 30.000000000000004
1045.1697350573054 30.000000000000004
1045.1697350573054 30.000000000000004
1045.1697350573054 30.000000000000004
1045.1697350573054 30.000000000000004
1045.1697350573054 30.000000000000004
1045.1697350573054 30.000000000000004
1045.1697350573054 30.000000000000004
1045.1697350573054 30.000000000000004
1045.1697350573054 30.000000000000004
1045.1697350573054 30.000000000000004
1045.1697350573054 30.000000000000004
1045.1697350573054 30.000000000000004
1045.1697350573054 30.000000000000004
1045.1697350573054 30.000000000000004
1045.4679844114285 30.000000000000004
1045.4679844114285 30.000000000000004
1045.4679844114285 30.000000000000004
1045.4679844114285 30.000000000000004
1045.4679844114285 30.000000000000004
1045.4679844114285 30.000000000000004
1045.4679844114285 30.000000000000004
1045.4679844114285 30.000000000000004
1045.4679844114285 30.000000000000004
1045.4679844114285 30.000000000000004
1045.4679844114285 30.000000000000004
1045.4679844114285 30.000000000000004
1045.4679844114285 30.000000000000004
1045.4679844114285 30.000000000000004
1045.4679844114285 30.000000000000004
1045.4679844114285 30.000000000000004
1045.4679844114285 30.000000000000004
1045.4679844114285 30.000000000000004
1045.4679844114285 30.000000000000004
1045.4679844114285 30.000000000000004
1045.4679844114285 30.000000000000004
1045.4679844114285 30.000000000000004
1045.4679844114285 30.000000000000004
1045.4679844114285 30.000000000000004
1045.4679844114285 30.000000000000004
1045.4679844114285 30.000000000000004
1045.4679844114285 30.000000000000004
1045.4679844114285 30.000000000000004
1045.4679844114285 30.000000000000004
1045.4679844114285 30.000000000000004
1045.4679844114285 30.000000000000004
1045.4679844114285 30.000000000000004
1045.4679844114285 30.000000000000004
1045.4679844114285 30.000000000000004
1045.4679844114285 30.000000000000004
1045.4679844114285 30.000000000000004
1045.4679844114285 30.000000000000004
1045.4679844114285 30.000000000000004
1045.4679844114285 30.000000000000004
1045.4679844114285 30.000000000000004
1045.4679844114285 30.000000000000004
1045.4679844114285 30.000000000000004
1045.4679844114285 30.000000000000004
1045.7662337655513 30.000000000000004
1045.7662337655513 30.000000000000004
1045.7662337655513 30.000000000000004
1045.7662337655513 30.000000000000004
1045.7662337655513 30.000000000000004
1045.7662337655513 30.000000000000004
1045.7662337655513 30.000000000000004
1045.7662337655513 30.000000000000004
1045.7662337655513 30.000000000000004
1045.7662337655513 30.000000000000004
1045.7662337655513 30.000000000000004
1045.7662337655513 30.000000000000004
1045.7662337655513 30.000000000000004
1045.7662337655513 30.000000000000004
1045.7662337655513 30.000000000000004
1046.0644831196744 30.000000000000004
1046.0644831196744 30.000000000000004
1046.0644831196744 30.000000000000004
1046.0644831196744 30.000000000000004
1046.0644831196744 30.000000000000004
1046.0644831196744 30.000000000000004
1046.0644831196744 30.000000000000004
1046.0644831196744 30.000000000000004
1046.0644831196744 30.000000000000004
1046.0644831196744 30.000000000000004
1046.0644831196744 30.000000000000004
1046.0644831196744 30.000000000000004
1046.0644831196744 30.000000000000004
1046.0644831196744 30.000000000000004
1046.0644831196744 30.000000000000004
1046.0644831196744 30.000000000000004
1046.0644831196744 30.000000000000004
1046.0644831196744 30.000000000000004
1046.362732473797 30.000000000000004
1046.362732473797 30.000000000000004
1046.362732473797 30.000000000000004
1046.362732473797 30.000000000000004
1046.362732473797 30.000000000000004
1046.362732473797 30.000000000000004
1046.362732473797 30.000000000000004
1046.362732473797 30.000000000000004
1046.362732473797 30.000000000000004
1046.362732473797 30.000000000000004
1046.362732473797 30.000000000000004
1046.362732473797 30.000000000000004
1046.362732473797 30.000000000000004
1046.362732473797 30.000000000000004
1046.362732473797 30.000000000000004
1046.362732473797 30.000000000000004
1046.362732473797 30.000000000000004
1046.362732473797 30.000000000000004
1046.0644831196744 30.000000000000004
1046.0644831196744 30.000000000000004
1046.0644831196744 30.000000000000004
1046.0644831196744 30.000000000000004
1046.0644831196744 30.000000000000004
1046.0644831196744 30.000000000000004
1046.0644831196744 30.000000000000004
1046.0644831196744 30.000000000000004
1046.0644831196744 30.000000000000004
1046.0644831196744 30.000000000000004
1046.0644831196744 30.000000000000004
1046.0644831196744 30.000000000000004
1046.0644831196744 30.000000000000004
1046.0644831196744 30.000000000000004
1045.7662337655513 30.000000000000004
1045.7662337655513 30.000000000000004
1045.7662337655513 30.000000000000004
1045.7662337655513 30.000000000000004
1045.7662337655513 30.000000000000004
1045.7662337655513 30.000000000000004
1045.7662337655513 30.000000000000004
1045.7662337655513 30.000000000000004
1045.7662337655513 30.000000000000004
1045.7662337655513 30.000000000000004
1045.4679844114285 30.000000000000004
1045.4679844114285 30.000000000000004
1045.4679844114285 30.000000000000004
1045.4679844114285 30.000000000000004
1045.4679844114285 30.000000000000004
1045.4679844114285 30.000000000000004
1045.1697350573054 30.000000000000004
1045.1697350573054 30.000000000000004
1045.1697350573054 30.000000000000004
1045.1697350573054 30.000000000000004
1045.1697350573054 30.000000000000004
1045.1697350573054 30.000000000000004
1045.1697350573054 30.000000000000004
1044.5732363490588 30.000000000000004
1044.5732363490588 30.000000000000004
1044.2749869949355 30.000000000000004
1043.678488286688 30.000000000000004
1043.678488286688 30.000000000000004
1043.678488286688 30.000000000000004
1043.678488286688 30.000000000000004
1043.678488286688 30.000000000000004
1043.678488286688 30.000000000000004
1043.678488286688 30.000000000000004
1043.678488286688 30.000000000000004
1043.9767376408117 30.000000000000004
1043.9767376408117 30.000000000000004
1043.9767376408117 30.000000000000004
1043.9767376408117 30.000000000000004
1043.9767376408117 30.000000000000004
1043.9767376408117 30.000000000000004
1043.9767376408117 30.000000000000004
1043.9767376408117 30.000000000000004
1043.9767376408117 30.000000000000004
1043.9767376408117 30.000000000000004
1043.9767376408117 30.000000000000004
1043.9767376408117 30.000000000000004
1043.9767376408117 30.000000000000004
1043.9767376408117 30.000000000000004
1043.9767376408117 30.000000000000004
1043.9767376408117 30.000000000000004
1043.9767376408117 30.000000000000004
1043.9767376408117 30.000000000000004
1043.9767376408117 30.000000000000004
1043.9767376408117 30.000000000000004
1043.9767376408117 30.000000000000004
1043.9767376408117 30.000000000000004
1043.9767376408117 30.000000000000004
1043.9767376408117 30.000000000000004
1043.9767376408117 30.000000000000004
1043.9767376408117 30.000000000000004
1043.9767376408117 30.000000000000004
1043.9767376408117 30.000000000000004
1043.9767376408117 30.000000000000004
1043.9767376408117 30.000000000000004
1043.9767376408117 30.000000000000004
1043.9767376408117 30.000000000000004
1043.9767376408117 30.000000000000004
1043.9767376408117 30.000000000000004
1043.9767376408117 30.000000000000004
1043.9767376408117 30.000000000000004
1043.9767376408117 30.000000000000004
1043.9767376408117 30.000000000000004
1043.9767376408117 30.000000000000004
1043.9767376408117 30.000000000000004
1043.9767376408117 30.000000000000004
1043.9767376408117 30.000000000000004
1043.9767376408117 30.000000000000004
1043.9767376408117 30.000000000000004
1043.9767376408117 30.000000000000004
1043.678488286688 30.000000000000004
1043.678488286688 30.000000000000004
1043.678488286688 30.000000000000004
1043.678488286688 30.000000000000004
1043.678488286688 30.000000000000004
1043.678488286688 30.000000000000004
1043.678488286688 30.000000000000004
1043.678488286688 30.000000000000004
1043.678488286688 30.000000000000004
1043.678488286688 30.000000000000004
1043.678488286688 30.000000000000004
1043.678488286688 30.000000000000004
1043.9767376408117 30.000000000000004
1043.9767376408117 30.000000000000004
1043.9767376408117 30.000000000000004
1043.9767376408117 30.000000000000004
1044.2749869949355 30.000000000000004
1044.2749869949355 30.000000000000004
1044.2749869949355 30.000000000000004
1044.2749869949355 30.000000000000004
1044.2749869949355 30.000000000000004
1044.2749869949355 30.000000000000004
1044.2749869949355 30.000000000000004
1044.5732363490588 30.000000000000004
1044.5732363490588 30.000000000000004
1044.5732363490588 30.000000000000004
1044.5732363490588 30.000000000000004
1044.5732363490588 30.000000000000004
1044.5732363490588 30.000000000000004
1044.5732363490588 30.000000000000004
1044.5732363490588 30.000000000000004
1044.5732363490588 30.000000000000004
1044.5732363490588 30.000000000000004
1044.5732363490588 30.000000000000004
1044.5732363490588 30.000000000000004
1044.5732363490588 30.000000000000004
1044.5732363490588 30.000000000000004
1044.5732363490588 30.000000000000004
1044.5732363490588 30.000000000000004
1044.5732363490588 30.000000000000004
1044.5732363490588 30.000000000000004
1044.5732363490588 30.000000000000004
1044.5732363490588 30.000000000000004
1044.5732363490588 30.000000000000004
1044.5732363490588 30.000000000000004
1044.5732363490588 30.000000000000004
1044.5732363490588 30.000000000000004
1044.5732363490588 30.000000000000004
1044.5732363490588 30.000000000000004
1044.5732363490588 30.000000000000004
1044.5732363490588 30.000000000000004
1044.5732363490588 30.000000000000004
1044.5732363490588 30.000000000000004
1044.5732363490588 30.000000000000004
1044.5732363490588 30.000000000000004
1044.5732363490588 30.000000000000004
1044.5732363490588 30.000000000000004
1044.5732363490588 30.000000000000004
1044.5732363490588 30.000000000000004
1044.5732363490588 30.000000000000004
1044.5732363490588 30.000000000000004
1044.5732363490588 30.000000000000004
1044.5732363490588 30.000000000000004
1044.5732363490588 30.000000000000004
1044.5732363490588 30.000000000000004
1044.5732363490588 30.000000000000004
1044.2749869949355 30.000000000000004
1044.2749869949355 30.000000000000004
1044.5732363490588 30.000000000000004
1044.5732363490588 30.000000000000004
