SFOA
1457.3503423737275 30.000000000000004
1555.7726292036234 30.000000000000004
1565.316608532624 30.000000000000004
1578.43958011003 30.000000000000004
1576.650083985836 30.000000000000004
1596.9310400600825 30.000000000000004
1603.492525848834 30.000000000000004
1609.1592635754937 30.000000000000004
1621.9839857990264 30.000000000000004
1625.8612274015013 30.000000000000004
1630.931466420131 30.000000000000004
1638.3877002710758 30.000000000000004
1643.7561886437707 30.000000000000004
1652.107170556876 30.000000000000004
1649.4229263705174 30.000000000000004
1655.6861628053598 30.000000000000004
1658.6686563457674 30.000000000000004
1664.6336434265954 30.000000000000004
1668.5108850291433 30.000000000000004
1679.8443604827892 30.000000000000004
1679.8443604827892 30.000000000000004
1682.8268540232339 30.000000000000004
1686.1075969177286 30.000000000000004
1690.879586582459 30.000000000000004
1689.6865891662753 30.000000000000004
1689.984838520321 30.000000000000004
1689.6865891662753 30.000000000000004
1690.581337228413 30.000000000000004
1694.7568281850624 30.000000000000004
1696.2480749552967 30.000000000000004
1696.2480749552967 30.000000000000004
1700.1253165579124 30.000000000000004
1702.5113113902958 30.000000000000004
1702.5113113902958 30.000000000000004
1707.581550409122 30.000000000000004
1709.3710465334175 30.000000000000004
1712.0552907198644 30.000000000000004
1714.4412855522658 30.000000000000004
1715.0377842603666 30.000000000000004
1715.9325323225185 30.000000000000004
1718.0202778008745 30.000000000000004
1721.0027713413883 30.000000000000004
1722.4940181116474 30.000000000000004
1724.8800129440651 30.000000000000004
1728.4590051926991 30.000000000000004
1730.546750671073 30.000000000000004
1734.4239922737754 30.000000000000004
1736.809987106213 30.000000000000004
1738.8977325845992 30.000000000000004
1738.0029845224333 30.000000000000004
1740.388979354877 30.000000000000004
1741.8802261251565 30.000000000000004
1741.5819767711005 30.000000000000004
1743.3714728954376 30.000000000000004
1741.2837274170447 30.000000000000004
1740.0907300008214 30.000000000000004
1742.774974187325 30.000000000000004
1743.3714728954376 30.000000000000004
1745.7574677278908 30.000000000000004
1748.143462560348 30.000000000000004
1749.0382106225206 30.000000000000004
1751.424205454984 30.000000000000004
1752.9154522252757 30.000000000000004
1753.2137015793342 30.000000000000004
1755.8979457658643 30.000000000000004
1755.5996964118053 30.000000000000004
1754.406698995569 30.000000000000004
1755.5996964118053 30.000000000000004
1756.1961951199237 30.000000000000004
1757.9856912442806 30.000000000000004
1760.3716860767604 30.000000000000004
1760.3716860767604 30.000000000000004
1762.4594315551838 30.000000000000004
1761.8629328470624 30.000000000000004
1761.8629328470624 30.000000000000004
1763.9506783254883 30.000000000000004
1764.2489276795495 30.000000000000004
1764.5471770336108 30.000000000000004
1765.740174449856 30.000000000000004
1766.9331718661028 30.000000000000004
1767.2314212201647 30.000000000000004
1766.3366731579795 30.000000000000004
1766.9331718661028 30.000000000000004
1768.7226679904752 30.000000000000004
1768.7226679904752 30.000000000000004
1769.3191666985997 30.000000000000004
1769.3191666985997 30.000000000000004
1768.7226679904752 30.000000000000004
1769.0209173445373 30.000000000000004
1769.3191666985997 30.000000000000004
1770.8104134689127 30.000000000000004
1771.705161531101 30.000000000000004
1770.5121641148498 30.000000000000004
1770.2139147607872 30.000000000000004
1770.2139147607872 30.000000000000004
1771.4069121770383 30.000000000000004
1771.705161531101 30.000000000000004
1771.1086628229755 30.000000000000004
1771.4069121770383 30.000000000000004
1770.8104134689127 30.000000000000004
1771.1086628229755 30.000000000000004
1772.5999095932905 30.000000000000004
1772.5999095932905 30.000000000000004
1772.0034108851642 30.000000000000004
1771.1086628229755 30.000000000000004
1772.0034108851642 30.000000000000004
1772.5999095932905 30.000000000000004
1772.8981589473537 30.000000000000004
1772.5999095932905 30.000000000000004
1772.3016602392272 30.000000000000004
1772.3016602392272 30.000000000000004
1773.196408301417 30.000000000000004
1770.8104134689127 30.000000000000004
1771.1086628229755 30.000000000000004
1770.5121641148498 30.000000000000004
1769.9156654067247 30.000000000000004
1768.424418636413 30.000000000000004
1767.5296705742267 30.000000000000004
1766.9331718661028 30.000000000000004
1766.9331718661028 30.000000000000004
1765.740174449856 30.000000000000004
1764.5471770336108 30.000000000000004
1762.4594315551838 30.000000000000004
1761.8629328470624 30.000000000000004
1760.9681847848808 30.000000000000004
1761.2664341389413 30.000000000000004
1759.47693801458 30.000000000000004
1758.28394059834 30.000000000000004
1757.9856912442806 30.000000000000004
1757.6874418902207 30.000000000000004
1757.3891925361613 30.000000000000004
1757.3891925361613 30.000000000000004
1756.494444473983 30.000000000000004
1755.8979457658643 30.000000000000004
1756.1961951199237 30.000000000000004
1754.704948349628 30.000000000000004
1752.9154522252757 30.000000000000004
1752.6172028712172 30.000000000000004
1751.1259561009258 30.000000000000004
1751.424205454984 30.000000000000004
1749.634709330636 30.000000000000004
1749.3364599765785 30.000000000000004
1749.3364599765785 30.000000000000004
1748.4417119144055 30.000000000000004
1747.5469638522334 30.000000000000004
1746.6522157900617 30.000000000000004
1746.3539664360046 30.000000000000004
1746.0557170819477 30.000000000000004
1743.9679716035505 30.000000000000004
1745.160969019777 30.000000000000004
1743.0732235413811 30.000000000000004
1742.1784754792127 30.000000000000004
1741.5819767711005 30.000000000000004
1742.4767248332687 30.000000000000004
1741.2837274170447 30.000000000000004
1740.687228708933 30.000000000000004
1739.49423129271 30.000000000000004
1738.3012338764886 30.000000000000004
1736.511737752158 30.000000000000004
1736.2134883981032 30.000000000000004
1737.7047351683782 30.000000000000004
1735.9152390440483 30.000000000000004
1736.511737752158 30.000000000000004
1735.6169896899937 30.000000000000004
1735.6169896899937 30.000000000000004
1735.0204909818844 30.000000000000004
1735.0204909818844 30.000000000000004
1733.2309948575582 30.000000000000004
1732.037997441342 30.000000000000004
1731.4414987332343 30.000000000000004
1731.1432493791804 30.000000000000004
1729.950251962966 30.000000000000004
1729.6520026089124 30.000000000000004
1729.6520026089124 30.000000000000004
1729.353753254859 30.000000000000004
1726.669509068381 30.000000000000004
1725.774761006223 30.000000000000004
1726.669509068381 30.000000000000004
1725.1782622981177 30.000000000000004
1724.8800129440651 30.000000000000004
1723.985264881908 30.000000000000004
1723.687015527856 30.000000000000004
1722.7922674656995 30.000000000000004
1721.8975194035436 30.000000000000004
1721.599270049492 30.000000000000004
1721.0027713413883 30.000000000000004
1721.30102069544 30.000000000000004
1721.8975194035436 30.000000000000004
1721.0027713413883 30.000000000000004
1720.1080232792335 30.000000000000004
1718.6167765089767 30.000000000000004
1718.6167765089767 30.000000000000004
1717.4237790927725 30.000000000000004
1717.1255297387215 30.000000000000004
1716.52903103062 30.000000000000004
1714.4412855522658 30.000000000000004
1713.2482881360647 30.000000000000004
1713.2482881360647 30.000000000000004
1711.1605426577148 30.000000000000004
1709.3710465334175 30.000000000000004
1708.17804911722 30.000000000000004
1708.17804911722 30.000000000000004
1707.581550409122 30.000000000000004
1707.2833010550728 30.000000000000004
1707.581550409122 30.000000000000004
1706.0903036388772 30.000000000000004
1706.0903036388772 30.000000000000004
1706.0903036388772 30.000000000000004
1705.4938049307798 30.000000000000004
1705.195555576731 30.000000000000004
1702.5113113902958 30.000000000000004
1702.2130620362477 30.000000000000004
1703.107810098392 30.000000000000004
1702.5113113902958 30.000000000000004
1700.4235659119602 30.000000000000004
1698.932319141722 30.000000000000004
1698.0375710795797 30.000000000000004
1697.4410723714852 30.000000000000004
1696.5463243093438 30.000000000000004
1696.5463243093438 30.000000000000004
1695.353326893156 30.000000000000004
1695.9498256012498 30.000000000000004
1696.2480749552967 30.000000000000004
1695.9498256012498 30.000000000000004
1695.055077539109 30.000000000000004
1695.055077539109 30.000000000000004
1693.8620801229224 30.000000000000004
1693.2655814148293 30.000000000000004
1692.0725839986437 30.000000000000004
1692.0725839986437 30.000000000000004
1691.1778359365053 30.000000000000004
1690.283087874367 30.000000000000004
1689.6865891662753 30.000000000000004
1687.3005943339099 30.000000000000004
1687.3005943339099 30.000000000000004
1686.7040956258193 30.000000000000004
1686.1075969177286 30.000000000000004
1685.8093475636833 30.000000000000004
1684.9145995015479 30.000000000000004
1684.616350147503 30.000000000000004
1684.616350147503 30.000000000000004
1684.019851439413 30.000000000000004
1684.9145995015479 30.000000000000004
1684.616350147503 30.000000000000004
1684.019851439413 30.000000000000004
1683.7216020853682 30.000000000000004
1682.8268540232339 30.000000000000004
1682.8268540232339 30.000000000000004
1682.2303553151446 30.000000000000004
1681.9321059610998 30.000000000000004
1681.6338566070553 30.000000000000004
1681.9321059610998 30.000000000000004
1681.6338566070553 30.000000000000004
1681.335607253011 30.000000000000004
1681.335607253011 30.000000000000004
1680.4408591908777 30.000000000000004
1679.8443604827892 30.000000000000004
1679.546111128745 30.000000000000004
1679.2478617747008 30.000000000000004
1678.6513630666127 30.000000000000004
1678.0548643585248 30.000000000000004
1676.8618669423495 30.000000000000004
1676.5636175883058 30.000000000000004
1676.5636175883058 30.000000000000004
1674.475872110001 30.000000000000004
1674.475872110001 30.000000000000004
1674.7741214640446 30.000000000000004
1674.1776227559576 30.000000000000004
1672.984625339785 30.000000000000004
1672.984625339785 30.000000000000004
1672.089877277656 30.000000000000004
1671.7916279236129 30.000000000000004
1672.089877277656 30.000000000000004
1671.4933785695698 30.000000000000004
1671.4933785695698 30.000000000000004
1670.8968798614842 30.000000000000004
1670.8968798614842 30.000000000000004
1670.3003811533988 30.000000000000004
1669.7038824453134 30.000000000000004
1670.002131799356 30.000000000000004
1669.4056330912708 30.000000000000004
1669.4056330912708 30.000000000000004
1668.212635675101 30.000000000000004
1667.9143863210586 30.000000000000004
1666.1248901968054 30.000000000000004
1666.4231395508475 30.000000000000004
1666.1248901968054 30.000000000000004
1664.6336434265954 30.000000000000004
1663.4406460104285 30.000000000000004
1662.8441473023452 30.000000000000004
1661.9493992402206 30.000000000000004
1661.9493992402206 30.000000000000004
1661.6511498861792 30.000000000000004
1661.6511498861792 30.000000000000004
1661.9493992402206 30.000000000000004
1661.9493992402206 30.000000000000004
1661.0546511780965 30.000000000000004
1661.6511498861792 30.000000000000004
1659.8616537619316 30.000000000000004
1659.5634044078904 30.000000000000004
1658.3704069917264 30.000000000000004
1657.7739082836447 30.000000000000004
1658.3704069917264 30.000000000000004
1658.0721576376855 30.000000000000004
1657.0282848985426 30.000000000000004
1656.730035544502 30.000000000000004
1656.2826615134409 30.000000000000004
1655.6861628053598 30.000000000000004
1655.2387887742989 30.000000000000004
1654.9405394202586 30.000000000000004
1654.9405394202586 30.000000000000004
1654.642290066218 30.000000000000004
1654.0457913581374 30.000000000000004
1653.598417327077 30.000000000000004
1653.0019186189966 30.000000000000004
1652.4054199109162 30.000000000000004
1652.107170556876 30.000000000000004
1652.7036692649563 30.000000000000004
1652.107170556876 30.000000000000004
1651.659796525816 30.000000000000004
1651.659796525816 30.000000000000004
1650.4667991096564 30.000000000000004
1650.3176744326365 30.000000000000004
1650.019425078597 30.000000000000004
1649.4229263705174 30.000000000000004
1648.229928954359 30.000000000000004
1647.3351808922405 30.000000000000004
1646.738682184162 30.000000000000004
1646.4404328301225 30.000000000000004
1645.5456847680048 30.000000000000004
1646.1421834760831 30.000000000000004
1646.4404328301225 30.000000000000004
1646.2913081531028 30.000000000000004
1645.843934122044 30.000000000000004
1645.3965600909853 30.000000000000004
1645.0983107369461 30.000000000000004
1644.501812028868 30.000000000000004
1644.2035626748288 30.000000000000004
1643.0105652586733 30.000000000000004
1643.0105652586733 30.000000000000004
1643.1596899356928 30.000000000000004
1643.1596899356928 30.000000000000004
1643.1596899356928 30.000000000000004
1642.2649418735764 30.000000000000004
1642.4140665505956 30.000000000000004
1641.8175678425182 30.000000000000004
1641.221069134441 30.000000000000004
1640.3263210723253 30.000000000000004
1639.43157301021 30.000000000000004
1639.43157301021 30.000000000000004
1640.0280717182868 30.000000000000004
1639.7298223642483 30.000000000000004
1639.1333236561716 30.000000000000004
1638.2385755940568 30.000000000000004
1638.536824948095 30.000000000000004
1638.536824948095 30.000000000000004
1637.3438275319422 30.000000000000004
1637.9403262400185 30.000000000000004
1637.9403262400185 30.000000000000004
1637.6420768859803 30.000000000000004
1636.7473288238662 30.000000000000004
1636.15083011579 30.000000000000004
1636.4490794698281 30.000000000000004
1635.2560820536764 30.000000000000004
1635.5543314077142 30.000000000000004
1635.2560820536764 30.000000000000004
1635.2560820536764 30.000000000000004
1634.6595833456006 30.000000000000004
1633.7648352834876 30.000000000000004
1633.1683365754122 30.000000000000004
1633.1683365754122 30.000000000000004
1632.2735885132995 30.000000000000004
1631.6770898052246 30.000000000000004
1631.6770898052246 30.000000000000004
1629.8875936810007 30.000000000000004
1629.5893443269633 30.000000000000004
1630.3349677120564 30.000000000000004
1630.3349677120564 30.000000000000004
1629.4402196499448 30.000000000000004
1629.1419702959076 30.000000000000004
1627.9489728797594 30.000000000000004
1627.3524741716856 30.000000000000004
1627.0542248176487 30.000000000000004
1627.6507235257225 30.000000000000004
1626.7559754636118 30.000000000000004
1626.7559754636118 30.000000000000004
1626.4577261095749 30.000000000000004
1626.1594767555382 30.000000000000004
1625.264728693428 30.000000000000004
1625.264728693428 30.000000000000004
1624.9664793393913 30.000000000000004
1624.5191053083363 30.000000000000004
1623.6243572462267 30.000000000000004
1623.3261078921903 30.000000000000004
1623.3261078921903 30.000000000000004
1623.3261078921903 30.000000000000004
1622.7296091841174 30.000000000000004
1622.431359830081 30.000000000000004
1622.431359830081 30.000000000000004
1622.1331104760445 30.000000000000004
1622.1331104760445 30.000000000000004
1621.8348611220083 30.000000000000004
1622.1331104760445 30.000000000000004
1621.2383624139356 30.000000000000004
1621.2383624139356 30.000000000000004
1621.2383624139356 30.000000000000004
1620.9401130598994 30.000000000000004
1620.9401130598994 30.000000000000004
1620.045364997791 30.000000000000004
1619.597990966737 30.000000000000004
1620.045364997791 30.000000000000004
1620.045364997791 30.000000000000004
1619.747115643755 30.000000000000004
1620.3436143518272 30.000000000000004
1620.3436143518272 30.000000000000004
1620.045364997791 30.000000000000004
1620.6418637058634 30.000000000000004
1620.045364997791 30.000000000000004
1620.3436143518272 30.000000000000004
1619.747115643755 30.000000000000004
1618.8523675816468 30.000000000000004
1618.5541182276108 30.000000000000004
1618.5541182276108 30.000000000000004
1617.5102454884855 30.000000000000004
1616.9137467804137 30.000000000000004
1616.615497426378 30.000000000000004
1616.7646221033958 30.000000000000004
1616.3172480723422 30.000000000000004
1616.3172480723422 30.000000000000004
1615.571624687253 30.000000000000004
1615.571624687253 30.000000000000004
1615.571624687253 30.000000000000004
1615.571624687253 30.000000000000004
1615.1242506561996 30.000000000000004
1614.5277519481285 30.000000000000004
1613.6330038860222 30.000000000000004
1613.6330038860222 30.000000000000004
1613.6330038860222 30.000000000000004
1613.3347545319866 30.000000000000004
1612.7382558239158 30.000000000000004
1612.7382558239158 30.000000000000004
1611.5452584077748 30.000000000000004
1611.2470090537395 30.000000000000004
1611.5452584077748 30.000000000000004
1610.650510345669 30.000000000000004
1610.352260991634 30.000000000000004
1609.7557622835639 30.000000000000004
1610.054011637599 30.000000000000004
1609.4575129295288 30.000000000000004
1609.7557622835639 30.000000000000004
1608.8610142214588 30.000000000000004
1607.9662661593538 30.000000000000004
1606.7732687432147 30.000000000000004
1606.4750193891798 30.000000000000004
1606.1767700351452 30.000000000000004
1605.5802713270757 30.000000000000004
1605.282021973041 30.000000000000004
1604.9837726190065 30.000000000000004
1604.685523264972 30.000000000000004
1604.9837726190065 30.000000000000004
1604.9837726190065 30.000000000000004
1604.685523264972 30.000000000000004
1604.3872739109374 30.000000000000004
1604.3872739109374 30.000000000000004
1604.3872739109374 30.000000000000004
1603.9398998798856 30.000000000000004
1603.1942764947994 30.000000000000004
1603.1942764947994 30.000000000000004
1602.5977777867306 30.000000000000004
1602.5977777867306 30.000000000000004
1601.7030297246276 30.000000000000004
1601.5539050476104 30.000000000000004
1600.6591569855077 30.000000000000004
1601.5539050476104 30.000000000000004
1600.2117829544566 30.000000000000004
1599.3170348923543 30.000000000000004
1598.422286830252 30.000000000000004
1598.273162153235 30.000000000000004
1598.273162153235 30.000000000000004
1597.6766634451672 30.000000000000004
1597.5275387681502 30.000000000000004
1597.2292894141165 30.000000000000004
1597.8257881221841 30.000000000000004
1597.5275387681502 30.000000000000004
1596.7819153830656 30.000000000000004
1596.7819153830656 30.000000000000004
1596.4836660290318 30.000000000000004
1595.5889179669305 30.000000000000004
1595.8871673209642 30.000000000000004
1595.5889179669305 30.000000000000004
1596.185416674998 30.000000000000004
1596.036291997981 30.000000000000004
1595.8871673209642 30.000000000000004
1594.843294581846 30.000000000000004
1594.6941699048293 30.000000000000004
1594.5450452278124 30.000000000000004
1594.3959205507956 30.000000000000004
1594.3959205507956 30.000000000000004
1594.097671196762 30.000000000000004
1594.5450452278124 30.000000000000004
1593.9485465197452 30.000000000000004
1593.352047811678 30.000000000000004
1592.6064244265942 30.000000000000004
1591.4134270104605 30.000000000000004
1591.115177656427 30.000000000000004
1591.4134270104605 30.000000000000004
1590.667803625377 30.000000000000004
1590.8169283023938 30.000000000000004
1590.220429594327 30.000000000000004
1589.6239308862605 30.000000000000004
1589.027432178194 30.000000000000004
1589.027432178194 30.000000000000004
1587.9835594390781 30.000000000000004
1587.9835594390781 30.000000000000004
1586.3431879918962 30.000000000000004
1586.3431879918962 30.000000000000004
1586.6414373459293 30.000000000000004
1586.6414373459293 30.000000000000004
1586.3431879918962 30.000000000000004
1586.3431879918962 30.000000000000004
1586.4923126689127 30.000000000000004
1585.001065898748 30.000000000000004
1584.255442513666 30.000000000000004
1584.1063178366496 30.000000000000004
1584.4045671906824 30.000000000000004
1584.1063178366496 30.000000000000004
1583.6589438056003 30.000000000000004
1583.3606944515675 30.000000000000004
1583.3606944515675 30.000000000000004
1582.7641957435021 30.000000000000004
1582.7641957435021 30.000000000000004
1583.2115697745512 30.000000000000004
1582.1676970354367 30.000000000000004
1581.8694476814042 30.000000000000004
1581.5711983273713 30.000000000000004
1580.9746996193062 30.000000000000004
1580.9746996193062 30.000000000000004
1580.378200911241 30.000000000000004
1580.0799515572085 30.000000000000004
1578.7378294640625 30.000000000000004
1578.8869541410788 30.000000000000004
1578.7378294640625 30.000000000000004
1578.5887047870463 30.000000000000004
1577.8430814019653 30.000000000000004
1577.0974580168845 30.000000000000004
1576.9483333398684 30.000000000000004
1576.9483333398684 30.000000000000004
1577.0974580168845 30.000000000000004
1576.7992086628522 30.000000000000004
1576.3518346318037 30.000000000000004
1575.6062112467232 30.000000000000004
1574.860587861643 30.000000000000004
1574.2640891535787 30.000000000000004
1573.8167151225305 30.000000000000004
1573.2202164144664 30.000000000000004
1573.2202164144664 30.000000000000004
1573.2202164144664 30.000000000000004
1573.3693410914823 30.000000000000004
1572.7728423834183 30.000000000000004
1572.3254683523703 30.000000000000004
1571.8780943213224 30.000000000000004
1571.8780943213224 30.000000000000004
1571.2815956132586 30.000000000000004
1570.5359722281787 30.000000000000004
1569.9394735201151 30.000000000000004
1569.1938501350355 30.000000000000004
1568.746476103988 30.000000000000004
1567.4043540108453 30.000000000000004
1566.658730625766 30.000000000000004
1566.5096059487503 30.000000000000004
1566.5096059487503 30.000000000000004
1566.658730625766 30.000000000000004
1566.807855302782 30.000000000000004
1566.807855302782 30.000000000000004
1566.658730625766 30.000000000000004
1566.3604812717344 30.000000000000004
1566.5096059487503 30.000000000000004
1565.9131072406872 30.000000000000004
1564.8692345015768 30.000000000000004
1564.5709851475453 30.000000000000004
1564.123611116498 30.000000000000004
1563.8253617624666 30.000000000000004
1563.5271124084352 30.000000000000004
1563.3779877314194 30.000000000000004
1562.6323643463409 30.000000000000004
1562.1849903152938 30.000000000000004
1562.0358656382782 30.000000000000004
1561.1411175761841 30.000000000000004
1559.7989954830434 30.000000000000004
1559.7989954830434 30.000000000000004
1559.6498708060278 30.000000000000004
1558.7551227439342 30.000000000000004
1557.7112500048252 30.000000000000004
1556.816501942732 30.000000000000004
1555.1761304955614 30.000000000000004
1555.0270058185458 30.000000000000004
1554.8778811415305 30.000000000000004
1554.430507110484 30.000000000000004
1554.132257756453 30.000000000000004
1553.5357590483911 30.000000000000004
1552.9392603403294 30.000000000000004
1553.2375096943604 30.000000000000004
1553.2375096943604 30.000000000000004
1552.3427616322676 30.000000000000004
1551.29888889316 30.000000000000004
1550.7023901850982 30.000000000000004
1549.6585174459908 30.000000000000004
1549.2111434149447 30.000000000000004
1548.912894060914 30.000000000000004
1547.8690213218067 30.000000000000004
1547.7198966447913 30.000000000000004
1546.3777745516536 30.000000000000004
1547.1233979367303 30.000000000000004
1546.8251485826995 30.000000000000004
1546.8251485826995 30.000000000000004
1546.8251485826995 30.000000000000004
1546.6760239056844 30.000000000000004
1546.3777745516536 30.000000000000004
1545.7812758435925 30.000000000000004
1545.7812758435925 30.000000000000004
1545.1847771355315 30.000000000000004
1544.886527781501 30.000000000000004
1544.5882784274704 30.000000000000004
1544.5882784274704 30.000000000000004
1544.2900290734399 30.000000000000004
1544.2900290734399 30.000000000000004
1543.2461563343334 30.000000000000004
1542.7987823032877 30.000000000000004
1542.7987823032877 30.000000000000004
1542.5005329492574 30.000000000000004
1541.7549095641812 30.000000000000004
1541.3075355331357 30.000000000000004
1541.0092861791054 30.000000000000004
1541.1584108561206 30.000000000000004
1541.0092861791054 30.000000000000004
1541.0092861791054 30.000000000000004
1540.8601615020902 30.000000000000004
1540.2636627940294 30.000000000000004
1539.816288762984 30.000000000000004
1539.816288762984 30.000000000000004
1539.816288762984 30.000000000000004
1539.5180394089537 30.000000000000004
1538.921540700893 30.000000000000004
1538.0267926388024 30.000000000000004
1536.8337952226814 30.000000000000004
1536.535545868651 30.000000000000004
1535.6407978065606 30.000000000000004
1534.895174421485 30.000000000000004
1534.596925067455 30.000000000000004
1534.4478003904399 30.000000000000004
1533.5530523283496 30.000000000000004
1532.9565536202892 30.000000000000004
1532.8074289432743 30.000000000000004
1532.5091795892442 30.000000000000004
1531.0179328190939 30.000000000000004
1531.0179328190939 30.000000000000004
1530.719683465064 30.000000000000004
1530.719683465064 30.000000000000004
1529.8249354029738 30.000000000000004
1529.8249354029738 30.000000000000004
1529.8249354029738 30.000000000000004
1529.526686048944 30.000000000000004
1528.930187340884 30.000000000000004
1528.930187340884 30.000000000000004
1528.631937986854 30.000000000000004
1528.035439278794 30.000000000000004
1528.035439278794 30.000000000000004
1527.7371899247642 30.000000000000004
1527.438940570734 30.000000000000004
1527.1406912167042 30.000000000000004
1527.2898158937192 30.000000000000004
1526.991566539689 30.000000000000004
1526.6933171856592 30.000000000000004
1526.0968184775993 30.000000000000004
1525.5003197695396 30.000000000000004
1525.5003197695396 30.000000000000004
1525.3511950925247 30.000000000000004
1525.3511950925247 30.000000000000004
1525.0529457384948 30.000000000000004
1524.7546963844648 30.000000000000004
1523.8599483223752 30.000000000000004
1523.5616989683454 30.000000000000004
1523.5616989683454 30.000000000000004
1523.2634496143155 30.000000000000004
1522.219576875211 30.000000000000004
1522.219576875211 30.000000000000004
1522.070452198196 30.000000000000004
1522.070452198196 30.000000000000004
1522.070452198196 30.000000000000004
1522.070452198196 30.000000000000004
1521.4739534901366 30.000000000000004
1521.1757041361068 30.000000000000004
1520.579205428047 30.000000000000004
1519.9827067199876 30.000000000000004
1519.9827067199876 30.000000000000004
1519.6844573659578 30.000000000000004
1519.386208011928 30.000000000000004
1518.9388339808834 30.000000000000004
1518.9388339808834 30.000000000000004
1518.9388339808834 30.000000000000004
1518.9388339808834 30.000000000000004
1518.193210595809 30.000000000000004
1517.8949612417791 30.000000000000004
1517.5967118877493 30.000000000000004
1517.5967118877493 30.000000000000004
1517.2984625337197 30.000000000000004
1517.2984625337197 30.000000000000004
1517.2984625337197 30.000000000000004
1516.5528391486453 30.000000000000004
1516.5528391486453 30.000000000000004
1516.5528391486453 30.000000000000004
1515.9563404405858 30.000000000000004
1515.6580910865562 30.000000000000004
1515.3598417325263 30.000000000000004
1515.0615923784967 30.000000000000004
1515.0615923784967 30.000000000000004
1514.763343024467 30.000000000000004
1514.4650936704372 30.000000000000004
1514.1668443164076 30.000000000000004
1514.1668443164076 30.000000000000004
1513.5703456083481 30.000000000000004
1513.868594962378 30.000000000000004
1513.868594962378 30.000000000000004
1513.868594962378 30.000000000000004
1513.5703456083481 30.000000000000004
1513.5703456083481 30.000000000000004
1513.2720962543185 30.000000000000004
1512.824722223274 30.000000000000004
1512.824722223274 30.000000000000004
1512.824722223274 30.000000000000004
1512.824722223274 30.000000000000004
1512.2282235152147 30.000000000000004
1512.0790988381998 30.000000000000004
1511.7808494841702 30.000000000000004
1511.4826001301406 30.000000000000004
1510.886101422081 30.000000000000004
1510.5878520680515 30.000000000000004
1510.4387273910368 30.000000000000004
1509.6931040059626 30.000000000000004
1509.394854651933 30.000000000000004
1509.394854651933 30.000000000000004
1509.245729974918 30.000000000000004
1508.9474806208884 30.000000000000004
1508.0527325587996 30.000000000000004
1507.9036078817849 30.000000000000004
1507.9036078817849 30.000000000000004
1507.6053585277552 30.000000000000004
1507.6053585277552 30.000000000000004
1507.6053585277552 30.000000000000004
1506.7106104656662 30.000000000000004
1506.2632364346218 30.000000000000004
1505.5176130495477 30.000000000000004
1505.5176130495477 30.000000000000004
1504.9211143414884 30.000000000000004
1504.9211143414884 30.000000000000004
1504.9211143414884 30.000000000000004
1504.9211143414884 30.000000000000004
1504.9211143414884 30.000000000000004
1504.9211143414884 30.000000000000004
1504.9211143414884 30.000000000000004
1504.9211143414884 30.000000000000004
1504.3246156334294 30.000000000000004
1504.0263662793998 30.000000000000004
1504.0263662793998 30.000000000000004
1504.0263662793998 30.000000000000004
1503.7281169253702 30.000000000000004
1503.131618217311 30.000000000000004
1503.131618217311 30.000000000000004
1502.982493540296 30.000000000000004
1502.982493540296 30.000000000000004
1502.982493540296 30.000000000000004
1502.982493540296 30.000000000000004
1502.3859948322367 30.000000000000004
1502.0877454782071 30.000000000000004
1502.0877454782071 30.000000000000004
1501.7894961241777 30.000000000000004
1501.7894961241777 30.000000000000004
1501.7894961241777 30.000000000000004
1501.7894961241777 30.000000000000004
1501.7894961241777 30.000000000000004
1501.7894961241777 30.000000000000004
1501.7894961241777 30.000000000000004
1501.491246770148 30.000000000000004
1501.491246770148 30.000000000000004
1500.8947480620889 30.000000000000004
1500.5964987080592 30.000000000000004
1500.5964987080592 30.000000000000004
1500.5964987080592 30.000000000000004
1500.2982493540296 30.000000000000004
1499.7017506459704 30.000000000000004
1499.7017506459704 30.000000000000004
1499.4035012919408 30.000000000000004
1499.4035012919408 30.000000000000004
1499.4035012919408 30.000000000000004
1499.4035012919408 30.000000000000004
1499.4035012919408 30.000000000000004
1499.1052519379111 30.000000000000004
1499.1052519379111 30.000000000000004
1499.1052519379111 30.000000000000004
1499.1052519379111 30.000000000000004
1498.8070025838815 30.000000000000004
1498.8070025838815 30.000000000000004
1498.8070025838815 30.000000000000004
1498.508753229852 30.000000000000004
1498.2105038758223 30.000000000000004
1498.2105038758223 30.000000000000004
1498.508753229852 30.000000000000004
1498.508753229852 30.000000000000004
1498.508753229852 30.000000000000004
1498.2105038758223 30.000000000000004
1498.2105038758223 30.000000000000004
1497.9122545217929 30.000000000000004
1497.6140051677633 30.000000000000004
1497.6140051677633 30.000000000000004
1497.6140051677633 30.000000000000004
1497.3157558137336 30.000000000000004
1497.017506459704 30.000000000000004
1497.017506459704 30.000000000000004
1497.017506459704 30.000000000000004
1496.7192571056744 30.000000000000004
1496.7192571056744 30.000000000000004
1496.4210077516448 30.000000000000004
1496.4210077516448 30.000000000000004
1496.1227583976151 30.000000000000004
1495.8245090435855 30.000000000000004
1495.8245090435855 30.000000000000004
1495.526259689556 30.000000000000004
1495.526259689556 30.000000000000004
1495.526259689556 30.000000000000004
1495.526259689556 30.000000000000004
1495.2280103355263 30.000000000000004
1495.2280103355263 30.000000000000004
1495.2280103355263 30.000000000000004
1494.9297609814967 30.000000000000004
1494.9297609814967 30.000000000000004
1494.9297609814967 30.000000000000004
1494.631511627467 30.000000000000004
1494.631511627467 30.000000000000004
1494.631511627467 30.000000000000004
1494.3332622734374 30.000000000000004
1494.3332622734374 30.000000000000004
1494.3332622734374 30.000000000000004
1494.3332622734374 30.000000000000004
1493.4385142113485 30.000000000000004
1493.4385142113485 30.000000000000004
1492.8420155032893 30.000000000000004
1491.9472674412004 30.000000000000004
1491.9472674412004 30.000000000000004
1491.9472674412004 30.000000000000004
1491.9472674412004 30.000000000000004
1491.6490180871708 30.000000000000004
1490.4560206710523 30.000000000000004
1489.8595219629929 30.000000000000004
1489.2630232549336 30.000000000000004
1488.964773900904 30.000000000000004
1488.6665245468744 30.000000000000004
1488.6665245468744 30.000000000000004
1487.4735271307557 30.000000000000004
1487.4735271307557 30.000000000000004
1487.4735271307557 30.000000000000004
1487.4735271307557 30.000000000000004
1487.175277776726 30.000000000000004
1486.280529714637 30.000000000000004
1486.280529714637 30.000000000000004
1486.280529714637 30.000000000000004
1486.280529714637 30.000000000000004
1486.280529714637 30.000000000000004
1486.280529714637 30.000000000000004
1485.9822803606073 30.000000000000004
1486.5787790686666 30.000000000000004
1486.280529714637 30.000000000000004
1485.9822803606073 30.000000000000004
1485.9822803606073 30.000000000000004
1486.280529714637 30.000000000000004
1485.9822803606073 30.000000000000004
1485.9822803606073 30.000000000000004
1485.9822803606073 30.000000000000004
1485.9822803606073 30.000000000000004
1485.6840310065775 30.000000000000004
1485.3857816525478 30.000000000000004
1485.3857816525478 30.000000000000004
1485.3857816525478 30.000000000000004
1485.3857816525478 30.000000000000004
1485.3857816525478 30.000000000000004
1485.0875322985182 30.000000000000004
1485.0875322985182 30.000000000000004
1485.0875322985182 30.000000000000004
1484.7892829444884 30.000000000000004
1484.7892829444884 30.000000000000004
1484.7892829444884 30.000000000000004
1484.7892829444884 30.000000000000004
1484.7892829444884 30.000000000000004
1484.4910335904588 30.000000000000004
1484.4910335904588 30.000000000000004
1484.192784236429 30.000000000000004
1483.8945348823993 30.000000000000004
1483.5962855283697 30.000000000000004
1483.5962855283697 30.000000000000004
1483.5962855283697 30.000000000000004
1482.7015374662803 30.000000000000004
1482.7015374662803 30.000000000000004
1482.7015374662803 30.000000000000004
1482.7015374662803 30.000000000000004
1482.7015374662803 30.000000000000004
1482.7015374662803 30.000000000000004
1482.4032881122507 30.000000000000004
1481.806789404191 30.000000000000004
1481.5085400501614 30.000000000000004
1481.5085400501614 30.000000000000004
1481.5085400501614 30.000000000000004
1481.2102906961316 30.000000000000004
1481.2102906961316 30.000000000000004
1481.2102906961316 30.000000000000004
1481.2102906961316 30.000000000000004
1481.2102906961316 30.000000000000004
1481.2102906961316 30.000000000000004
1481.2102906961316 30.000000000000004
1481.2102906961316 30.000000000000004
1481.2102906961316 30.000000000000004
1481.2102906961316 30.000000000000004
1481.2102906961316 30.000000000000004
1481.2102906961316 30.000000000000004
1480.912041342102 30.000000000000004
1480.912041342102 30.000000000000004
1480.912041342102 30.000000000000004
1480.912041342102 30.000000000000004
1480.912041342102 30.000000000000004
1480.912041342102 30.000000000000004
1480.912041342102 30.000000000000004
1480.912041342102 30.000000000000004
1480.912041342102 30.000000000000004
1480.613791988072 30.000000000000004
1480.912041342102 30.000000000000004
1480.912041342102 30.000000000000004
1480.613791988072 30.000000000000004
1480.613791988072 30.000000000000004
1480.613791988072 30.000000000000004
1480.0172932800124 30.000000000000004
1479.7190439259828 30.000000000000004
1479.420794571953 30.000000000000004
1479.420794571953 30.000000000000004
1479.122545217923 30.000000000000004
1479.122545217923 30.000000000000004
1479.122545217923 30.000000000000004
1479.122545217923 30.000000000000004
1479.122545217923 30.000000000000004
1479.122545217923 30.000000000000004
1479.122545217923 30.000000000000004
1479.420794571953 30.000000000000004
1479.420794571953 30.000000000000004
1479.420794571953 30.000000000000004
1479.122545217923 30.000000000000004
1479.122545217923 30.000000000000004
1479.122545217923 30.000000000000004
1478.8242958638932 30.000000000000004
1479.122545217923 30.000000000000004
1478.8242958638932 30.000000000000004
1479.5699192489678 30.000000000000004
1479.5699192489678 30.000000000000004
1479.5699192489678 30.000000000000004
1479.5699192489678 30.000000000000004
1479.5699192489678 30.000000000000004
1479.5699192489678 30.000000000000004
1479.271669894938 30.000000000000004
1479.271669894938 30.000000000000004
1479.271669894938 30.000000000000004
1478.9734205409081 30.000000000000004
1478.9734205409081 30.000000000000004
1478.6751711868783 30.000000000000004
1478.6751711868783 30.000000000000004
1478.3769218328487 30.000000000000004
1478.3769218328487 30.000000000000004
1478.3769218328487 30.000000000000004
1478.3769218328487 30.000000000000004
1478.0786724788188 30.000000000000004
1477.780423124789 30.000000000000004
1477.780423124789 30.000000000000004
1477.780423124789 30.000000000000004
1477.780423124789 30.000000000000004
1477.780423124789 30.000000000000004
1477.780423124789 30.000000000000004
1477.780423124789 30.000000000000004
1478.0786724788188 30.000000000000004
1478.0786724788188 30.000000000000004
1478.0786724788188 30.000000000000004
1478.0786724788188 30.000000000000004
1478.0786724788188 30.000000000000004
1478.3769218328487 30.000000000000004
1478.3769218328487 30.000000000000004
1478.6751711868783 30.000000000000004
1478.9734205409081 30.000000000000004
1478.9734205409081 30.000000000000004
1479.271669894938 30.000000000000004
1479.271669894938 30.000000000000004
1479.271669894938 30.000000000000004
1479.271669894938 30.000000000000004
1479.271669894938 30.000000000000004
1479.271669894938 30.000000000000004
1479.271669894938 30.000000000000004
1479.271669894938 30.000000000000004
