BlockEA
1559.971692503407 42.80063992150439
1616.4156384028265 42.80063992405222
1701.0815573058846 42.80063993093146
1665.8040910862073 42.8006399276192
1672.8595843288576 42.8006399282307
1651.6931046026584 42.80063992647267
1665.8040910862073 42.8006399276192
1672.8595843288576 42.8006399282307
1686.9705708160354 42.800639929530114
1679.915077572125 42.80063992886766
1686.9705708160354 42.800639929530114
1686.9705708160354 42.800639929530114
1672.8595843288576 42.8006399282307
1658.7485978441493 42.8006399270332
1679.915077572125 42.80063992886766
1694.0260640606134 42.80063993021805
1694.0260640606134 42.80063993021805
1694.0260640606134 42.80063993021805
1701.0815573058846 42.80063993093146
1701.0815573058846 42.80063993093146
1701.0815573058846 42.80063993093146
1694.0260640606134 42.80063993021805
1694.0260640606134 42.80063993021805
1686.9705708160354 42.800639929530114
1686.9705708160354 42.800639929530114
1694.0260640606134 42.80063993021805
1701.0815573058846 42.80063993093146
1708.137050551874 42.80063993167035
1729.3035302944033 42.800639934039914
1722.248037046108 42.80063993322458
1729.3035302944033 42.800639934039914
1722.248037046108 42.80063993322458
1722.248037046108 42.80063993322458
1701.0815573058846 42.80063993093146
1715.1925437986065 42.80063993243472
1708.137050551874 42.80063993167035
1708.137050551874 42.80063993167035
1701.0815573058846 42.80063993093146
1701.0815573058846 42.80063993093146
1708.137050551874 42.80063993167035
1715.1925437986065 42.80063993243472
1708.137050551874 42.80063993167035
1708.137050551874 42.80063993167035
1708.137050551874 42.80063993167035
1708.137050551874 42.80063993167035
1708.137050551874 42.80063993167035
1701.0815573058846 42.80063993093146
1701.0815573058846 42.80063993093146
1708.137050551874 42.80063993167035
1708.137050551874 42.80063993167035
1708.137050551874 42.80063993167035
1686.9705708160354 42.800639929530114
1665.8040910862073 42.8006399276192
1665.8040910862073 42.8006399276192
1665.8040910862073 42.8006399276192
1651.6931046026584 42.80063992647267
1658.7485978441493 42.8006399270332
1658.7485978441493 42.8006399270332
1651.6931046026584 42.80063992647267
1651.6931046026584 42.80063992647267
1651.6931046026584 42.80063992647267
1651.6931046026584 42.80063992647267
1651.6931046026584 42.80063992647267
1651.6931046026584 42.80063992647267
1637.5821181212766 42.80063992542805
1637.5821181212766 42.80063992542805
1644.6376113617093 42.800639925937624
1637.5821181212766 42.80063992542805
1637.5821181212766 42.80063992542805
1644.6376113617093 42.800639925937624
1644.6376113617093 42.800639925937624
1644.6376113617093 42.800639925937624
1637.5821181212766 42.80063992542805
1637.5821181212766 42.80063992542805
1644.6376113617093 42.800639925937624
1637.5821181212766 42.80063992542805
1630.5266248813355 42.80063992494396
1637.5821181212766 42.80063992542805
1644.6376113617093 42.800639925937624
1644.6376113617093 42.800639925937624
1644.6376113617093 42.800639925937624
1644.6376113617093 42.800639925937624
1644.6376113617093 42.800639925937624
1644.6376113617093 42.800639925937624
1637.5821181212766 42.80063992542805
1637.5821181212766 42.80063992542805
1637.5821181212766 42.80063992542805
1630.5266248813355 42.80063992494396
1623.4711316418604 42.80063992448535
1623.4711316418604 42.80063992448535
1623.4711316418604 42.80063992448535
1623.4711316418604 42.80063992448535
1623.4711316418604 42.80063992448535
1623.4711316418604 42.80063992448535
1623.4711316418604 42.80063992448535
1616.4156384028265 42.80063992405222
1609.3601451642085 42.80063992364457
1609.3601451642085 42.80063992364457
1609.3601451642085 42.80063992364457
1609.3601451642085 42.80063992364457
1609.3601451642085 42.80063992364457
1602.3046519259808 42.80063992326239
1602.3046519259808 42.80063992326239
1602.3046519259808 42.80063992326239
1602.3046519259808 42.80063992326239
1595.2491586881188 42.800639922905695
1595.2491586881188 42.800639922905695
1588.1936654505969 42.80063992257448
1588.1936654505969 42.80063992257448
1588.1936654505969 42.80063992257448
1588.1936654505969 42.80063992257448
1588.1936654505969 42.80063992257448
1588.1936654505969 42.80063992257448
1588.1936654505969 42.80063992257448
1588.1936654505969 42.80063992257448
1588.1936654505969 42.80063992257448
1581.13817221339 42.800639922268736
1581.13817221339 42.800639922268736
1581.13817221339 42.800639922268736
1581.13817221339 42.800639922268736
1574.0826789764728 42.80063992198848
1567.0271857398202 42.80063992173369
1559.971692503407 42.80063992150439
1559.971692503407 42.80063992150439
1559.971692503407 42.80063992150439
1559.971692503407 42.80063992150439
1559.971692503407 42.80063992150439
1559.971692503407 42.80063992150439
1552.9161992672082 42.800639921300565
1552.9161992672082 42.800639921300565
1552.9161992672082 42.800639921300565
1545.860706031198 42.80063992112222
1545.860706031198 42.80063992112222
1545.860706031198 42.80063992112222
1545.860706031198 42.80063992112222
1538.805212795352 42.800639920969346
1538.805212795352 42.800639920969346
1538.805212795352 42.800639920969346
1531.7497195596445 42.80063992084196
1531.7497195596445 42.80063992084196
1524.6942263240503 42.800639920740046
1524.6942263240503 42.800639920740046
1510.5832398531015 42.80063992061266
1510.5832398531015 42.80063992061266
1524.6942263240503 42.800639920740046
1524.6942263240503 42.800639920740046
1524.6942263240503 42.800639920740046
1524.6942263240503 42.800639920740046
1524.6942263240503 42.800639920740046
1517.6387330885443 42.80063992066361
1524.6942263240503 42.800639920740046
1524.6942263240503 42.800639920740046
1517.6387330885443 42.80063992066361
1517.6387330885443 42.80063992066361
1524.6942263240503 42.800639920740046
1524.6942263240503 42.800639920740046
1524.6942263240503 42.800639920740046
1517.6387330885443 42.80063992066361
1517.6387330885443 42.80063992066361
1517.6387330885443 42.80063992066361
1517.6387330885443 42.80063992066361
1517.6387330885443 42.80063992066361
1524.6942263240503 42.800639920740046
1517.6387330885443 42.80063992066361
1517.6387330885443 42.80063992066361
1517.6387330885443 42.80063992066361
1517.6387330885443 42.80063992066361
1517.6387330885443 42.80063992066361
1517.6387330885443 42.80063992066361
1510.5832398531015 42.80063992061266
1510.5832398531015 42.80063992061266
1510.5832398531015 42.80063992061266
1510.5832398531015 42.80063992061266
1510.5832398531015 42.80063992061266
1510.5832398531015 42.80063992061266
1510.5832398531015 42.80063992061266
1510.5832398531015 42.80063992061266
1510.5832398531015 42.80063992061266
1510.5832398531015 42.80063992061266
1510.5832398531015 42.80063992061266
1510.5832398531015 42.80063992061266
1510.5832398531015 42.80063992061266
1510.5832398531015 42.80063992061266
1503.5277466176963 42.80063992058718
1510.5832398531015 42.80063992061266
1510.5832398531015 42.80063992061266
1510.5832398531015 42.80063992061266
1510.5832398531015 42.80063992061266
1510.5832398531015 42.80063992061266
1510.5832398531015 42.80063992061266
1510.5832398531015 42.80063992061266
1510.5832398531015 42.80063992061266
1510.5832398531015 42.80063992061266
1510.5832398531015 42.80063992061266
1510.5832398531015 42.80063992061266
1510.5832398531015 42.80063992061266
1510.5832398531015 42.80063992061266
1510.5832398531015 42.80063992061266
1510.5832398531015 42.80063992061266
1510.5832398531015 42.80063992061266
1510.5832398531015 42.80063992061266
1524.6942263240503 42.800639920740046
1517.6387330885443 42.80063992066361
1517.6387330885443 42.80063992066361
1517.6387330885443 42.80063992066361
1517.6387330885443 42.80063992066361
1517.6387330885443 42.80063992066361
1510.5832398531015 42.80063992061266
1510.5832398531015 42.80063992061266
1510.5832398531015 42.80063992061266
1510.5832398531015 42.80063992061266
1510.5832398531015 42.80063992061266
1510.5832398531015 42.80063992061266
1510.5832398531015 42.80063992061266
1510.5832398531015 42.80063992061266
1510.5832398531015 42.80063992061266
1510.5832398531015 42.80063992061266
1517.6387330885443 42.80063992066361
1510.5832398531015 42.80063992061266
1510.5832398531015 42.80063992061266
1510.5832398531015 42.80063992061266
1510.5832398531015 42.80063992061266
1510.5832398531015 42.80063992061266
1510.5832398531015 42.80063992061266
1503.5277466176963 42.80063992058718
1503.5277466176963 42.80063992058718
1503.5277466176963 42.80063992058718
1503.5277466176963 42.80063992058718
1503.5277466176963 42.80063992058718
1503.5277466176963 42.80063992058718
1503.5277466176963 42.80063992058718
1503.5277466176963 42.80063992058718
1503.5277466176963 42.80063992058718
1496.4722533823037 42.80063992058718
1496.4722533823037 42.80063992058718
1496.4722533823037 42.80063992058718
1496.4722533823037 42.80063992058718
1496.4722533823037 42.80063992058718
1496.4722533823037 42.80063992058718
1496.4722533823037 42.80063992058718
1496.4722533823037 42.80063992058718
1496.4722533823037 42.80063992058718
1489.4167601468985 42.80063992061266
1489.4167601468985 42.80063992061266
1489.4167601468985 42.80063992061266
1489.4167601468985 42.80063992061266
1489.4167601468985 42.80063992061266
1489.4167601468985 42.80063992061266
1496.4722533823037 42.80063992058718
1496.4722533823037 42.80063992058718
1496.4722533823037 42.80063992058718
1496.4722533823037 42.80063992058718
1503.5277466176963 42.80063992058718
1503.5277466176963 42.80063992058718
1503.5277466176963 42.80063992058718
1503.5277466176963 42.80063992058718
1503.5277466176963 42.80063992058718
1503.5277466176963 42.80063992058718
1503.5277466176963 42.80063992058718
1503.5277466176963 42.80063992058718
1503.5277466176963 42.80063992058718
1503.5277466176963 42.80063992058718
1503.5277466176963 42.80063992058718
1503.5277466176963 42.80063992058718
1503.5277466176963 42.80063992058718
1503.5277466176963 42.80063992058718
1496.4722533823037 42.80063992058718
1496.4722533823037 42.80063992058718
1489.4167601468985 42.80063992061266
1482.3612669114557 42.80063992066361
1482.3612669114557 42.80063992066361
1482.3612669114557 42.80063992066361
1482.3612669114557 42.80063992066361
1482.3612669114557 42.80063992066361
1482.3612669114557 42.80063992066361
1482.3612669114557 42.80063992066361
1482.3612669114557 42.80063992066361
1482.3612669114557 42.80063992066361
1482.3612669114557 42.80063992066361
1482.3612669114557 42.80063992066361
1482.3612669114557 42.80063992066361
1482.3612669114557 42.80063992066361
1482.3612669114557 42.80063992066361
1482.3612669114557 42.80063992066361
1482.3612669114557 42.80063992066361
1482.3612669114557 42.80063992066361
1482.3612669114557 42.80063992066361
1482.3612669114557 42.80063992066361
1482.3612669114557 42.80063992066361
1482.3612669114557 42.80063992066361
1482.3612669114557 42.80063992066361
1482.3612669114557 42.80063992066361
1475.3057736759497 42.800639920740046
1482.3612669114557 42.80063992066361
1489.4167601468985 42.80063992061266
1478.8335202937121 42.80063992069864
1478.8335202937121 42.80063992069864
1478.8335202937121 42.80063992069864
1471.7780270581652 42.80063992078782
1471.7780270581652 42.80063992078782
1471.7780270581652 42.80063992078782
1471.7780270581652 42.80063992078782
1471.7780270581652 42.80063992078782
1471.7780270581652 42.80063992078782
1471.7780270581652 42.80063992078782
1471.7780270581652 42.80063992078782
1471.7780270581652 42.80063992078782
1471.7780270581652 42.80063992078782
1471.7780270581652 42.80063992078782
1471.7780270581652 42.80063992078782
1471.7780270581652 42.80063992078782
1471.7780270581652 42.80063992078782
1471.7780270581652 42.80063992078782
1478.8335202937121 42.80063992069864
1478.8335202937121 42.80063992069864
1471.7780270581652 42.80063992078782
1471.7780270581652 42.80063992078782
1471.7780270581652 42.80063992078782
1464.7225338225176 42.800639920902476
1471.7780270581652 42.80063992078782
1471.7780270581652 42.80063992078782
1471.7780270581652 42.80063992078782
1471.7780270581652 42.80063992078782
1471.7780270581652 42.80063992078782
1464.7225338225176 42.800639920902476
1457.6670405867437 42.8006399210426
1450.611547350819 42.80063992120821
1450.611547350819 42.80063992120821
1450.611547350819 42.80063992120821
1450.611547350819 42.80063992120821
1450.611547350819 42.80063992120821
1450.611547350819 42.80063992120821
1450.611547350819 42.80063992120821
1450.611547350819 42.80063992120821
1450.611547350819 42.80063992120821
1450.611547350819 42.80063992120821
1450.611547350819 42.80063992120821
1450.611547350819 42.80063992120821
1464.7225338225176 42.800639920902476
1464.7225338225176 42.800639920902476
1464.7225338225176 42.800639920902476
1464.7225338225176 42.800639920902476
1464.7225338225176 42.800639920902476
1464.7225338225176 42.800639920902476
1464.7225338225176 42.800639920902476
1464.7225338225176 42.800639920902476
1464.7225338225176 42.800639920902476
1471.7780270581652 42.80063992078782
1471.7780270581652 42.80063992078782
1464.7225338225176 42.800639920902476
1464.7225338225176 42.800639920902476
1464.7225338225176 42.800639920902476
1464.7225338225176 42.800639920902476
1464.7225338225176 42.800639920902476
1464.7225338225176 42.800639920902476
1464.7225338225176 42.800639920902476
1464.7225338225176 42.800639920902476
1464.7225338225176 42.800639920902476
1464.7225338225176 42.800639920902476
1471.7780270581652 42.80063992078782
1471.7780270581652 42.80063992078782
1471.7780270581652 42.80063992078782
1478.8335202937121 42.80063992069864
1478.8335202937121 42.80063992069864
1478.8335202937121 42.80063992069864
1478.8335202937121 42.80063992069864
1478.8335202937121 42.80063992069864
1478.8335202937121 42.80063992069864
1478.8335202937121 42.80063992069864
1478.8335202937121 42.80063992069864
1478.8335202937121 42.80063992069864
1478.8335202937121 42.80063992069864
1478.8335202937121 42.80063992069864
1478.8335202937121 42.80063992069864
1478.8335202937121 42.80063992069864
1478.8335202937121 42.80063992069864
1478.8335202937121 42.80063992069864
1478.8335202937121 42.80063992069864
1478.8335202937121 42.80063992069864
1478.8335202937121 42.80063992069864
1478.8335202937121 42.80063992069864
1478.8335202937121 42.80063992069864
1478.8335202937121 42.80063992069864
1478.8335202937121 42.80063992069864
1478.8335202937121 42.80063992069864
1478.8335202937121 42.80063992069864
1478.8335202937121 42.80063992069864
1478.8335202937121 42.80063992069864
1478.8335202937121 42.80063992069864
1478.8335202937121 42.80063992069864
1478.8335202937121 42.80063992069864
1478.8335202937121 42.80063992069864
1478.8335202937121 42.80063992069864
1478.8335202937121 42.80063992069864
1478.8335202937121 42.80063992069864
1471.7780270581652 42.80063992078782
1471.7780270581652 42.80063992078782
1471.7780270581652 42.80063992078782
1471.7780270581652 42.80063992078782
1471.7780270581652 42.80063992078782
1471.7780270581652 42.80063992078782
1471.7780270581652 42.80063992078782
1471.7780270581652 42.80063992078782
1471.7780270581652 42.80063992078782
1471.7780270581652 42.80063992078782
1471.7780270581652 42.80063992078782
1471.7780270581652 42.80063992078782
1471.7780270581652 42.80063992078782
1468.2502804403555 42.80063992084196
1468.2502804403555 42.80063992084196
1468.2502804403555 42.80063992084196
1464.7225338225176 42.800639920902476
1464.7225338225176 42.800639920902476
1464.7225338225176 42.800639920902476
1464.7225338225176 42.800639920902476
1457.6670405867437 42.8006399210426
1457.6670405867437 42.8006399210426
1457.6670405867437 42.8006399210426
1457.6670405867437 42.8006399210426
1457.6670405867437 42.8006399210426
1457.6670405867437 42.8006399210426
1457.6670405867437 42.8006399210426
1457.6670405867437 42.8006399210426
1457.6670405867437 42.8006399210426
1457.6670405867437 42.8006399210426
1457.6670405867437 42.8006399210426
1457.6670405867437 42.8006399210426
1457.6670405867437 42.8006399210426
1457.6670405867437 42.8006399210426
1450.611547350819 42.80063992120821
1450.611547350819 42.80063992120821
1450.611547350819 42.80063992120821
1450.611547350819 42.80063992120821
1450.611547350819 42.80063992120821
1450.611547350819 42.80063992120821
1450.611547350819 42.80063992120821
1450.611547350819 42.80063992120821
1450.611547350819 42.80063992120821
1450.611547350819 42.80063992120821
1450.611547350819 42.80063992120821
1450.611547350819 42.80063992120821
1450.611547350819 42.80063992120821
1450.611547350819 42.80063992120821
1450.611547350819 42.80063992120821
1450.611547350819 42.80063992120821
1450.611547350819 42.80063992120821
1450.611547350819 42.80063992120821
1450.611547350819 42.80063992120821
1450.611547350819 42.80063992120821
1450.611547350819 42.80063992120821
1450.611547350819 42.80063992120821
1450.611547350819 42.80063992120821
1450.611547350819 42.80063992120821
1450.611547350819 42.80063992120821
1450.611547350819 42.80063992120821
1450.611547350819 42.80063992120821
1450.611547350819 42.80063992120821
1450.611547350819 42.80063992120821
1450.611547350819 42.80063992120821
1450.611547350819 42.80063992120821
1450.611547350819 42.80063992120821
1450.611547350819 42.80063992120821
1450.611547350819 42.80063992120821
1450.611547350819 42.80063992120821
1450.611547350819 42.80063992120821
1450.611547350819 42.80063992120821
1450.611547350819 42.80063992120821
1450.611547350819 42.80063992120821
1450.611547350819 42.80063992120821
1450.611547350819 42.80063992120821
1450.611547350819 42.80063992120821
1450.611547350819 42.80063992120821
1450.611547350819 42.80063992120821
1450.611547350819 42.80063992120821
1450.611547350819 42.80063992120821
1450.611547350819 42.80063992120821
1450.611547350819 42.80063992120821
1450.611547350819 42.80063992120821
1450.611547350819 42.80063992120821
1450.611547350819 42.80063992120821
1450.611547350819 42.80063992120821
1450.611547350819 42.80063992120821
1450.611547350819 42.80063992120821
1450.611547350819 42.80063992120821
1443.5560541147177 42.800639921399295
1443.5560541147177 42.800639921399295
1443.5560541147177 42.800639921399295
1443.5560541147177 42.800639921399295
1443.5560541147177 42.800639921399295
1443.5560541147177 42.800639921399295
1443.5560541147177 42.800639921399295
1443.5560541147177 42.800639921399295
1443.5560541147177 42.800639921399295
1443.5560541147177 42.800639921399295
1443.5560541147177 42.800639921399295
1443.5560541147177 42.800639921399295
1443.5560541147177 42.800639921399295
1443.5560541147177 42.800639921399295
1443.5560541147177 42.800639921399295
1443.5560541147177 42.800639921399295
1443.5560541147177 42.800639921399295
1443.5560541147177 42.800639921399295
1443.5560541147177 42.800639921399295
1450.611547350819 42.80063992120821
1450.611547350819 42.80063992120821
1450.611547350819 42.80063992120821
1450.611547350819 42.80063992120821
1450.611547350819 42.80063992120821
1450.611547350819 42.80063992120821
1450.611547350819 42.80063992120821
1443.5560541147177 42.800639921399295
1443.5560541147177 42.800639921399295
1443.5560541147177 42.800639921399295
1443.5560541147177 42.800639921399295
1443.5560541147177 42.800639921399295
1443.5560541147177 42.800639921399295
1443.5560541147177 42.800639921399295
1443.5560541147177 42.800639921399295
1443.5560541147177 42.800639921399295
1443.5560541147177 42.800639921399295
1443.5560541147177 42.800639921399295
1443.5560541147177 42.800639921399295
1443.5560541147177 42.800639921399295
1443.5560541147177 42.800639921399295
1443.5560541147177 42.800639921399295
1443.5560541147177 42.800639921399295
1443.5560541147177 42.800639921399295
1443.5560541147177 42.800639921399295
1443.5560541147177 42.800639921399295
1443.5560541147177 42.800639921399295
1443.5560541147177 42.800639921399295
1436.5005608784147 42.80063992161586
1436.5005608784147 42.80063992161586
1429.445067641885 42.80063992185791
1429.445067641885 42.80063992185791
1429.445067641885 42.80063992185791
1429.445067641885 42.80063992185791
1429.445067641885 42.80063992185791
1422.3895744051033 42.80063992212542
1422.3895744051033 42.80063992212542
1415.3340811680446 42.800639922418426
1415.3340811680446 42.800639922418426
1415.3340811680446 42.800639922418426
1415.3340811680446 42.800639922418426
1415.3340811680446 42.800639922418426
1415.3340811680446 42.800639922418426
1415.3340811680446 42.800639922418426
1415.3340811680446 42.800639922418426
1415.3340811680446 42.800639922418426
1415.3340811680446 42.800639922418426
1415.3340811680446 42.800639922418426
1415.3340811680446 42.800639922418426
1415.3340811680446 42.800639922418426
1415.3340811680446 42.800639922418426
1415.3340811680446 42.800639922418426
1415.3340811680446 42.800639922418426
1415.3340811680446 42.800639922418426
1415.3340811680446 42.800639922418426
1415.3340811680446 42.800639922418426
1415.3340811680446 42.800639922418426
1415.3340811680446 42.800639922418426
1415.3340811680446 42.800639922418426
1415.3340811680446 42.800639922418426
1415.3340811680446 42.800639922418426
1415.3340811680446 42.800639922418426
1415.3340811680446 42.800639922418426
1415.3340811680446 42.800639922418426
1415.3340811680446 42.800639922418426
1415.3340811680446 42.800639922418426
1415.3340811680446 42.800639922418426
1415.3340811680446 42.800639922418426
1415.3340811680446 42.800639922418426
1415.3340811680446 42.800639922418426
1415.3340811680446 42.800639922418426
1415.3340811680446 42.800639922418426
1415.3340811680446 42.800639922418426
1415.3340811680446 42.800639922418426
1415.3340811680446 42.800639922418426
1415.3340811680446 42.800639922418426
1415.3340811680446 42.800639922418426
1415.3340811680446 42.800639922418426
1408.2785879306832 42.8006399227369
1408.2785879306832 42.8006399227369
1408.2785879306832 42.8006399227369
1408.2785879306832 42.8006399227369
1408.2785879306832 42.8006399227369
1408.2785879306832 42.8006399227369
1408.2785879306832 42.8006399227369
1408.2785879306832 42.8006399227369
1408.2785879306832 42.8006399227369
1408.2785879306832 42.8006399227369
1408.2785879306832 42.8006399227369
1408.2785879306832 42.8006399227369
1408.2785879306832 42.8006399227369
1408.2785879306832 42.8006399227369
1415.3340811680446 42.800639922418426
1415.3340811680446 42.800639922418426
1415.3340811680446 42.800639922418426
1415.3340811680446 42.800639922418426
1408.2785879306832 42.8006399227369
1408.2785879306832 42.8006399227369
1408.2785879306832 42.8006399227369
1408.2785879306832 42.8006399227369
1408.2785879306832 42.8006399227369
1408.2785879306832 42.8006399227369
1408.2785879306832 42.8006399227369
1408.2785879306832 42.8006399227369
1408.2785879306832 42.8006399227369
1408.2785879306832 42.8006399227369
1408.2785879306832 42.8006399227369
1408.2785879306832 42.8006399227369
1408.2785879306832 42.8006399227369
1408.2785879306832 42.8006399227369
1408.2785879306832 42.8006399227369
1408.2785879306832 42.8006399227369
1408.2785879306832 42.8006399227369
1408.2785879306832 42.8006399227369
1408.2785879306832 42.8006399227369
1408.2785879306832 42.8006399227369
1408.2785879306832 42.8006399227369
1408.2785879306832 42.8006399227369
1408.2785879306832 42.8006399227369
1408.2785879306832 42.8006399227369
1408.2785879306832 42.8006399227369
1408.2785879306832 42.8006399227369
1408.2785879306832 42.8006399227369
1408.2785879306832 42.8006399227369
1408.2785879306832 42.8006399227369
1408.2785879306832 42.8006399227369
1408.2785879306832 42.8006399227369
1408.2785879306832 42.8006399227369
1408.2785879306832 42.8006399227369
1408.2785879306832 42.8006399227369
1408.2785879306832 42.8006399227369
1408.2785879306832 42.8006399227369
1408.2785879306832 42.8006399227369
1408.2785879306832 42.8006399227369
1408.2785879306832 42.8006399227369
1408.2785879306832 42.8006399227369
1408.2785879306832 42.8006399227369
1408.2785879306832 42.8006399227369
1408.2785879306832 42.8006399227369
1408.2785879306832 42.8006399227369
1408.2785879306832 42.8006399227369
1408.2785879306832 42.8006399227369
1408.2785879306832 42.8006399227369
1408.2785879306832 42.8006399227369
1408.2785879306832 42.8006399227369
1401.2230946929942 42.80063992308086
1408.2785879306832 42.8006399227369
1408.2785879306832 42.8006399227369
1408.2785879306832 42.8006399227369
1408.2785879306832 42.8006399227369
1401.2230946929942 42.80063992308086
1401.2230946929942 42.80063992308086
1401.2230946929942 42.80063992308086
1401.2230946929942 42.80063992308086
1415.3340811680446 42.800639922418426
1408.2785879306832 42.8006399227369
1415.3340811680446 42.800639922418426
1415.3340811680446 42.800639922418426
1415.3340811680446 42.800639922418426
1415.3340811680446 42.800639922418426
1415.3340811680446 42.800639922418426
1415.3340811680446 42.800639922418426
1415.3340811680446 42.800639922418426
1415.3340811680446 42.800639922418426
1415.3340811680446 42.800639922418426
1415.3340811680446 42.800639922418426
1415.3340811680446 42.800639922418426
1422.3895744051033 42.80063992212542
1422.3895744051033 42.80063992212542
1422.3895744051033 42.80063992212542
1422.3895744051033 42.80063992212542
1422.3895744051033 42.80063992212542
1415.3340811680446 42.800639922418426
1422.3895744051033 42.80063992212542
1415.3340811680446 42.800639922418426
1415.3340811680446 42.800639922418426
1415.3340811680446 42.800639922418426
1415.3340811680446 42.800639922418426
1415.3340811680446 42.800639922418426
1415.3340811680446 42.800639922418426
1415.3340811680446 42.800639922418426
1415.3340811680446 42.800639922418426
1415.3340811680446 42.800639922418426
1408.2785879306832 42.8006399227369
1408.2785879306832 42.8006399227369
1408.2785879306832 42.8006399227369
1408.2785879306832 42.8006399227369
1408.2785879306832 42.8006399227369
1408.2785879306832 42.8006399227369
1408.2785879306832 42.8006399227369
1408.2785879306832 42.8006399227369
1408.2785879306832 42.8006399227369
1408.2785879306832 42.8006399227369
1408.2785879306832 42.8006399227369
1408.2785879306832 42.8006399227369
1408.2785879306832 42.8006399227369
1401.2230946929942 42.80063992308086
1401.2230946929942 42.80063992308086
1401.2230946929942 42.80063992308086
1401.2230946929942 42.80063992308086
1401.2230946929942 42.80063992308086
1401.2230946929942 42.80063992308086
1401.2230946929942 42.80063992308086
1401.2230946929942 42.80063992308086
1401.2230946929942 42.80063992308086
1401.2230946929942 42.80063992308086
1401.2230946929942 42.80063992308086
1401.2230946929942 42.80063992308086
1401.2230946929942 42.80063992308086
1401.2230946929942 42.80063992308086
1401.2230946929942 42.80063992308086
1401.2230946929942 42.80063992308086
1401.2230946929942 42.80063992308086
1401.2230946929942 42.80063992308086
1401.2230946929942 42.80063992308086
1401.2230946929942 42.80063992308086
1401.2230946929942 42.80063992308086
1401.2230946929942 42.80063992308086
1401.2230946929942 42.80063992308086
1401.2230946929942 42.80063992308086
1401.2230946929942 42.80063992308086
1394.1676014549525 42.80063992345029
1394.1676014549525 42.80063992345029
1394.1676014549525 42.80063992345029
1394.1676014549525 42.80063992345029
1394.1676014549525 42.80063992345029
1394.1676014549525 42.80063992345029
1394.1676014549525 42.80063992345029
1394.1676014549525 42.80063992345029
1394.1676014549525 42.80063992345029
1394.1676014549525 42.80063992345029
1394.1676014549525 42.80063992345029
1394.1676014549525 42.80063992345029
1394.1676014549525 42.80063992345029
1394.1676014549525 42.80063992345029
1394.1676014549525 42.80063992345029
1394.1676014549525 42.80063992345029
1394.1676014549525 42.80063992345029
1394.1676014549525 42.80063992345029
1394.1676014549525 42.80063992345029
1394.1676014549525 42.80063992345029
1394.1676014549525 42.80063992345029
1394.1676014549525 42.80063992345029
1394.1676014549525 42.80063992345029
1394.1676014549525 42.80063992345029
1394.1676014549525 42.80063992345029
1394.1676014549525 42.80063992345029
1394.1676014549525 42.80063992345029
1394.1676014549525 42.80063992345029
1394.1676014549525 42.80063992345029
1394.1676014549525 42.80063992345029
1394.1676014549525 42.80063992345029
1387.112108216533 42.8006399238452
1387.112108216533 42.8006399238452
1387.112108216533 42.8006399238452
1387.112108216533 42.8006399238452
1387.112108216533 42.8006399238452
1387.112108216533 42.8006399238452
1387.112108216533 42.8006399238452
1387.112108216533 42.8006399238452
1387.112108216533 42.8006399238452
1387.112108216533 42.8006399238452
1387.112108216533 42.8006399238452
1387.112108216533 42.8006399238452
1387.112108216533 42.8006399238452
1387.112108216533 42.8006399238452
1387.112108216533 42.8006399238452
1387.112108216533 42.8006399238452
1387.112108216533 42.8006399238452
1387.112108216533 42.8006399238452
1387.112108216533 42.8006399238452
1387.112108216533 42.8006399238452
1387.112108216533 42.8006399238452
1387.112108216533 42.8006399238452
1387.112108216533 42.8006399238452
1387.112108216533 42.8006399238452
1387.112108216533 42.8006399238452
1387.112108216533 42.8006399238452
1387.112108216533 42.8006399238452
1387.112108216533 42.8006399238452
1387.112108216533 42.8006399238452
1387.112108216533 42.8006399238452
1387.112108216533 42.8006399238452
1387.112108216533 42.8006399238452
1387.112108216533 42.8006399238452
1387.112108216533 42.8006399238452
1387.112108216533 42.8006399238452
1387.112108216533 42.8006399238452
1387.112108216533 42.8006399238452
1387.112108216533 42.8006399238452
1387.112108216533 42.8006399238452
1387.112108216533 42.8006399238452
1387.112108216533 42.8006399238452
1387.112108216533 42.8006399238452
1387.112108216533 42.8006399238452
1387.112108216533 42.8006399238452
1387.112108216533 42.8006399238452
1387.112108216533 42.8006399238452
1387.112108216533 42.8006399238452
1387.112108216533 42.8006399238452
1387.112108216533 42.8006399238452
1387.112108216533 42.8006399238452
1387.112108216533 42.8006399238452
1387.112108216533 42.8006399238452
1387.112108216533 42.8006399238452
1387.112108216533 42.8006399238452
1387.112108216533 42.8006399238452
1387.112108216533 42.8006399238452
1387.112108216533 42.8006399238452
1387.112108216533 42.8006399238452
1387.112108216533 42.8006399238452
1387.112108216533 42.8006399238452
1387.112108216533 42.8006399238452
1387.112108216533 42.8006399238452
1387.112108216533 42.8006399238452
1387.112108216533 42.8006399238452
1387.112108216533 42.8006399238452
1387.112108216533 42.8006399238452
1387.112108216533 42.8006399238452
1387.112108216533 42.8006399238452
1387.112108216533 42.8006399238452
1387.112108216533 42.8006399238452
1387.112108216533 42.8006399238452
1387.112108216533 42.8006399238452
1387.112108216533 42.8006399238452
1387.112108216533 42.8006399238452
1387.112108216533 42.8006399238452
1387.112108216533 42.8006399238452
1387.112108216533 42.8006399238452
1387.112108216533 42.8006399238452
1387.112108216533 42.8006399238452
1387.112108216533 42.8006399238452
1387.112108216533 42.8006399238452
1387.112108216533 42.8006399238452
1387.112108216533 42.8006399238452
1387.112108216533 42.8006399238452
1387.112108216533 42.8006399238452
1387.112108216533 42.8006399238452
1387.112108216533 42.8006399238452
1387.112108216533 42.8006399238452
1387.112108216533 42.8006399238452
1387.112108216533 42.8006399238452
1387.112108216533 42.8006399238452
1387.112108216533 42.8006399238452
1387.112108216533 42.8006399238452
1387.112108216533 42.8006399238452
1387.112108216533 42.8006399238452
1387.112108216533 42.8006399238452
1387.112108216533 42.8006399238452
1387.112108216533 42.8006399238452
1387.112108216533 42.8006399238452
1387.112108216533 42.8006399238452
1387.112108216533 42.8006399238452
1380.05661497771 42.800639924265596
1380.05661497771 42.800639924265596
1380.05661497771 42.800639924265596
1380.05661497771 42.800639924265596
1380.05661497771 42.800639924265596
1380.05661497771 42.800639924265596
1380.05661497771 42.800639924265596
1380.05661497771 42.800639924265596
1380.05661497771 42.800639924265596
1380.05661497771 42.800639924265596
1380.05661497771 42.800639924265596
1380.05661497771 42.800639924265596
1380.05661497771 42.800639924265596
1380.05661497771 42.800639924265596
1380.05661497771 42.800639924265596
1380.05661497771 42.800639924265596
1380.05661497771 42.800639924265596
1380.05661497771 42.800639924265596
1380.05661497771 42.800639924265596
1373.0011217384588 42.80063992471147
1373.0011217384588 42.80063992471147
1373.0011217384588 42.80063992471147
1373.0011217384588 42.80063992471147
1373.0011217384588 42.80063992471147
1373.0011217384588 42.80063992471147
1373.0011217384588 42.80063992471147
1373.0011217384588 42.80063992471147
1373.0011217384588 42.80063992471147
1373.0011217384588 42.80063992471147
1373.0011217384588 42.80063992471147
1373.0011217384588 42.80063992471147
1373.0011217384588 42.80063992471147
1373.0011217384588 42.80063992471147
1373.0011217384588 42.80063992471147
1373.0011217384588 42.80063992471147
1373.0011217384588 42.80063992471147
1373.0011217384588 42.80063992471147
1373.0011217384588 42.80063992471147
1373.0011217384588 42.80063992471147
1373.0011217384588 42.80063992471147
1373.0011217384588 42.80063992471147
1373.0011217384588 42.80063992471147
1373.0011217384588 42.80063992471147
1373.0011217384588 42.80063992471147
1373.0011217384588 42.80063992471147
1373.0011217384588 42.80063992471147
1373.0011217384588 42.80063992471147
1365.9456284987536 42.80063992518283
1365.9456284987536 42.80063992518283
1365.9456284987536 42.80063992518283
1365.9456284987536 42.80063992518283
1365.9456284987536 42.80063992518283
1365.9456284987536 42.80063992518283
1365.9456284987536 42.80063992518283
1365.9456284987536 42.80063992518283
1365.9456284987536 42.80063992518283
1365.9456284987536 42.80063992518283
1365.9456284987536 42.80063992518283
1365.9456284987536 42.80063992518283
1358.8901352585701 42.800639925679654
1358.8901352585701 42.800639925679654
1358.8901352585701 42.800639925679654
1358.8901352585701 42.800639925679654
1358.8901352585701 42.800639925679654
1358.8901352585701 42.800639925679654
1351.8346420178823 42.80063992620196
1351.8346420178823 42.80063992620196
1344.7791487766654 42.80063992674975
1344.7791487766654 42.80063992674975
1344.7791487766654 42.80063992674975
1344.7791487766654 42.80063992674975
1344.7791487766654 42.80063992674975
1344.7791487766654 42.80063992674975
1344.7791487766654 42.80063992674975
1344.7791487766654 42.80063992674975
1344.7791487766654 42.80063992674975
1337.723655534894 42.80063992732302
1337.723655534894 42.80063992732302
1337.723655534894 42.80063992732302
1337.723655534894 42.80063992732302
1337.723655534894 42.80063992732302
1337.723655534894 42.80063992732302
1337.723655534894 42.80063992732302
1330.6681622925432 42.800639927921765
1330.6681622925432 42.800639927921765
1330.6681622925432 42.800639927921765
1330.6681622925432 42.800639927921765
1330.6681622925432 42.800639927921765
1330.6681622925432 42.800639927921765
1330.6681622925432 42.800639927921765
1330.6681622925432 42.800639927921765
1330.6681622925432 42.800639927921765
1330.6681622925432 42.800639927921765
1330.6681622925432 42.800639927921765
1330.6681622925432 42.800639927921765
1330.6681622925432 42.800639927921765
1330.6681622925432 42.800639927921765
1330.6681622925432 42.800639927921765
1330.6681622925432 42.800639927921765
1330.6681622925432 42.800639927921765
1330.6681622925432 42.800639927921765
1323.6126690495873 42.800639928546005
1323.6126690495873 42.800639928546005
1323.6126690495873 42.800639928546005
1323.6126690495873 42.800639928546005
1323.6126690495873 42.800639928546005
1323.6126690495873 42.800639928546005
1323.6126690495873 42.800639928546005
1323.6126690495873 42.800639928546005
1323.6126690495873 42.800639928546005
1323.6126690495873 42.800639928546005
1323.6126690495873 42.800639928546005
1323.6126690495873 42.800639928546005
1323.6126690495873 42.800639928546005
1323.6126690495873 42.800639928546005
1323.6126690495873 42.800639928546005
1323.6126690495873 42.800639928546005
1323.6126690495873 42.800639928546005
1323.6126690495873 42.800639928546005
1316.5571758060016 42.800639929195704
1316.5571758060016 42.800639929195704
1316.5571758060016 42.800639929195704
1316.5571758060016 42.800639929195704
1316.5571758060016 42.800639929195704
1316.5571758060016 42.800639929195704
1316.5571758060016 42.800639929195704
1316.5571758060016 42.800639929195704
1316.5571758060016 42.800639929195704
1316.5571758060016 42.800639929195704
1316.5571758060016 42.800639929195704
1316.5571758060016 42.800639929195704
1316.5571758060016 42.800639929195704
1316.5571758060016 42.800639929195704
1316.5571758060016 42.800639929195704
1316.5571758060016 42.800639929195704
1316.5571758060016 42.800639929195704
1316.5571758060016 42.800639929195704
1316.5571758060016 42.800639929195704
1316.5571758060016 42.800639929195704
1316.5571758060016 42.800639929195704
1316.5571758060016 42.800639929195704
1316.5571758060016 42.800639929195704
1316.5571758060016 42.800639929195704
1316.5571758060016 42.800639929195704
