iEACOP
1545.860706031198 42.80063992112222
1468.2502804403555 42.80063992084196
1644.6376113617093 42.800639925937624
1743.414516793476 42.80063993574702
1764.5809965486694 42.80063993849882
1821.0249426059506 42.80063994695819
1828.0804358680066 42.80063994813029
1842.1914223956594 42.80063995055095
1849.246915661307 42.80063995179951
1842.1914223956594 42.80063995055095
1835.1359291312342 42.80063994932788
1835.1359291312342 42.80063994932788
1842.1914223956594 42.80063995055095
1870.4133954658362 42.80063995569812
1849.246915661307 42.80063995179951
1856.302408928202 42.800639953073556
1842.1914223956594 42.80063995055095
1842.1914223956594 42.80063995055095
1835.1359291312344 42.80063994932788
1828.0804358680066 42.80063994813029
1828.0804358680066 42.80063994813029
1813.9694493450415 42.800639945811575
1813.9694493450415 42.800639945811575
1813.9694493450415 42.800639945811575
1813.9694493450415 42.800639945811575
1821.0249426059506 42.80063994695819
1799.8584628265626 42.80063994359479
1799.8584628265626 42.80063994359479
1778.6919830568152 42.80063994046076
1785.7474763123685 42.80063994147996
1778.6919830568152 42.80063994046076
1792.8029695689427 42.80063994252463
1799.8584628265626 42.80063994359479
1813.9694493450415 42.800639945811575
1806.9139560852539 42.80063994469044
1806.9139560852539 42.80063994469044
1806.9139560852539 42.80063994469044
1806.9139560852539 42.80063994469044
1813.9694493450415 42.800639945811575
1813.9694493450415 42.800639945811575
1806.9139560852539 42.80063994469044
1813.9694493450415 42.800639945811575
1813.9694493450415 42.800639945811575
1813.9694493450415 42.800639945811575
1813.9694493450415 42.800639945811575
1806.9139560852539 42.80063994469044
1806.9139560852539 42.80063994469044
1792.8029695689427 42.80063994252463
1785.7474763123685 42.80063994147996
1785.7474763123685 42.80063994147996
1785.7474763123685 42.80063994147996
1806.9139560852539 42.80063994469044
1806.9139560852539 42.80063994469044
1806.9139560852539 42.80063994469044
1792.8029695689427 42.80063994252463
1806.9139560852539 42.80063994469044
1799.8584628265626 42.80063994359479
1799.8584628265626 42.80063994359479
1792.8029695689427 42.80063994252463
1792.8029695689427 42.80063994252463
1792.8029695689427 42.80063994252463
1799.8584628265626 42.80063994359479
1799.8584628265626 42.80063994359479
1799.8584628265626 42.80063994359479
1792.8029695689427 42.80063994252463
1792.8029695689427 42.80063994252463
1792.8029695689427 42.80063994252463
1792.8029695689427 42.80063994252463
1799.8584628265626 42.80063994359479
1785.7474763123685 42.80063994147996
1778.6919830568152 42.80063994046076
1785.7474763123685 42.80063994147996
1778.6919830568152 42.80063994046076
1778.6919830568152 42.80063994046076
1778.6919830568152 42.80063994046076
1778.6919830568152 42.80063994046076
1771.636489802257 42.80063993946704
1771.636489802257 42.80063993946704
1771.636489802257 42.80063993946704
1778.6919830568152 42.80063994046076
1778.6919830568152 42.80063994046076
1778.6919830568152 42.80063994046076
1785.7474763123685 42.80063994147996
1785.7474763123685 42.80063994147996
1785.7474763123685 42.80063994147996
1785.7474763123685 42.80063994147996
1785.7474763123685 42.80063994147996
1785.7474763123685 42.80063994147996
1785.7474763123685 42.80063994147996
1785.7474763123685 42.80063994147996
1785.7474763123685 42.80063994147996
1778.6919830568152 42.80063994046076
1778.6919830568152 42.80063994046076
1778.6919830568152 42.80063994046076
1778.6919830568152 42.80063994046076
1778.6919830568152 42.80063994046076
1778.6919830568152 42.80063994046076
1778.6919830568152 42.80063994046076
1778.6919830568152 42.80063994046076
1778.6919830568152 42.80063994046076
1778.6919830568152 42.80063994046076
1778.6919830568152 42.80063994046076
1771.636489802257 42.80063993946704
1764.5809965486694 42.80063993849882
1764.5809965486694 42.80063993849882
1764.5809965486694 42.80063993849882
1757.5255032960267 42.80063993755607
1750.4700100443042 42.80063993663882
1750.4700100443042 42.80063993663882
1750.4700100443042 42.80063993663882
1743.414516793476 42.80063993574702
1750.4700100443042 42.80063993663882
1750.4700100443042 42.80063993663882
1743.414516793476 42.80063993574702
1743.414516793476 42.80063993574702
1743.414516793476 42.80063993574702
1736.3590235435177 42.80063993488073
1729.3035302944033 42.800639934039914
1729.3035302944033 42.800639934039914
1736.3590235435177 42.80063993488073
1736.3590235435177 42.80063993488073
1736.3590235435177 42.80063993488073
1736.3590235435177 42.80063993488073
1736.3590235435177 42.80063993488073
1736.3590235435177 42.80063993488073
1736.3590235435177 42.80063993488073
1736.3590235435177 42.80063993488073
1736.3590235435177 42.80063993488073
1736.3590235435177 42.80063993488073
1736.3590235435177 42.80063993488073
1736.3590235435177 42.80063993488073
1729.3035302944033 42.800639934039914
1722.248037046108 42.80063993322458
1722.248037046108 42.80063993322458
1722.248037046108 42.80063993322458
1722.248037046108 42.80063993322458
1722.248037046108 42.80063993322458
1722.248037046108 42.80063993322458
1722.248037046108 42.80063993322458
1729.3035302944033 42.800639934039914
1729.3035302944033 42.800639934039914
1729.3035302944033 42.800639934039914
1729.3035302944033 42.800639934039914
1729.3035302944033 42.800639934039914
1743.414516793476 42.80063993574702
1743.414516793476 42.80063993574702
1743.414516793476 42.80063993574702
1736.3590235435177 42.80063993488073
1743.414516793476 42.80063993574702
1743.414516793476 42.80063993574702
1729.3035302944033 42.800639934039914
1729.3035302944033 42.800639934039914
1722.248037046108 42.80063993322458
1722.248037046108 42.80063993322458
1722.248037046108 42.80063993322458
1722.248037046108 42.80063993322458
1722.248037046108 42.80063993322458
1722.248037046108 42.80063993322458
1722.248037046108 42.80063993322458
1722.248037046108 42.80063993322458
1722.248037046108 42.80063993322458
1722.248037046108 42.80063993322458
1715.1925437986065 42.80063993243472
1715.1925437986065 42.80063993243472
1715.1925437986065 42.80063993243472
1715.1925437986065 42.80063993243472
1708.137050551874 42.80063993167035
1708.137050551874 42.80063993167035
1708.137050551874 42.80063993167035
1708.137050551874 42.80063993167035
1694.0260640606134 42.80063993021805
1694.0260640606134 42.80063993021805
1694.0260640606134 42.80063993021805
1694.0260640606134 42.80063993021805
1686.9705708160354 42.800639929530114
1686.9705708160354 42.800639929530114
1679.915077572125 42.80063992886766
1679.915077572125 42.80063992886766
1672.8595843288576 42.8006399282307
1672.8595843288576 42.8006399282307
1686.9705708160354 42.800639929530114
1686.9705708160354 42.800639929530114
1686.9705708160354 42.800639929530114
1686.9705708160354 42.800639929530114
1686.9705708160354 42.800639929530114
1686.9705708160354 42.800639929530114
1686.9705708160354 42.800639929530114
1679.915077572125 42.80063992886766
1679.915077572125 42.80063992886766
1679.915077572125 42.80063992886766
1679.915077572125 42.80063992886766
1679.915077572125 42.80063992886766
1679.915077572125 42.80063992886766
1679.915077572125 42.80063992886766
1679.915077572125 42.80063992886766
1679.915077572125 42.80063992886766
1672.8595843288576 42.8006399282307
1665.8040910862073 42.8006399276192
1665.8040910862073 42.8006399276192
1665.8040910862073 42.8006399276192
1665.8040910862073 42.8006399276192
1665.8040910862073 42.8006399276192
1665.8040910862073 42.8006399276192
1658.7485978441493 42.8006399270332
1658.7485978441493 42.8006399270332
1651.6931046026584 42.80063992647267
1651.6931046026584 42.80063992647267
1651.6931046026584 42.80063992647267
1651.6931046026584 42.80063992647267
1658.7485978441493 42.8006399270332
1658.7485978441493 42.8006399270332
1658.7485978441493 42.8006399270332
1658.7485978441493 42.8006399270332
1658.7485978441493 42.8006399270332
1658.7485978441493 42.8006399270332
1658.7485978441493 42.8006399270332
1658.7485978441493 42.8006399270332
1658.7485978441493 42.8006399270332
1658.7485978441493 42.8006399270332
1658.7485978441493 42.8006399270332
1651.6931046026584 42.80063992647267
1651.6931046026584 42.80063992647267
1651.6931046026584 42.80063992647267
1651.6931046026584 42.80063992647267
1651.6931046026584 42.80063992647267
1651.6931046026584 42.80063992647267
1651.6931046026584 42.80063992647267
1651.6931046026584 42.80063992647267
1651.6931046026584 42.80063992647267
1644.6376113617093 42.800639925937624
1644.6376113617093 42.800639925937624
1644.6376113617093 42.800639925937624
1644.6376113617093 42.800639925937624
1644.6376113617093 42.800639925937624
1644.6376113617093 42.800639925937624
1644.6376113617093 42.800639925937624
1637.5821181212766 42.80063992542805
1637.5821181212766 42.80063992542805
1637.5821181212766 42.80063992542805
1637.5821181212766 42.80063992542805
1637.5821181212766 42.80063992542805
1637.5821181212766 42.80063992542805
1637.5821181212766 42.80063992542805
1637.5821181212766 42.80063992542805
1637.5821181212766 42.80063992542805
1630.5266248813355 42.80063992494396
1630.5266248813355 42.80063992494396
1630.5266248813355 42.80063992494396
1630.5266248813355 42.80063992494396
1630.5266248813355 42.80063992494396
1630.5266248813355 42.80063992494396
1630.5266248813355 42.80063992494396
1630.5266248813355 42.80063992494396
1630.5266248813355 42.80063992494396
1630.5266248813355 42.80063992494396
1630.5266248813355 42.80063992494396
1630.5266248813355 42.80063992494396
1630.5266248813355 42.80063992494396
1630.5266248813355 42.80063992494396
1630.5266248813355 42.80063992494396
1630.5266248813355 42.80063992494396
1630.5266248813355 42.80063992494396
1630.5266248813355 42.80063992494396
1630.5266248813355 42.80063992494396
1623.4711316418604 42.80063992448535
1623.4711316418604 42.80063992448535
1623.4711316418604 42.80063992448535
1623.4711316418604 42.80063992448535
1616.4156384028265 42.80063992405222
1616.4156384028265 42.80063992405222
1616.4156384028265 42.80063992405222
1616.4156384028265 42.80063992405222
1616.4156384028265 42.80063992405222
1616.4156384028265 42.80063992405222
1609.3601451642085 42.80063992364457
1602.3046519259808 42.80063992326239
1602.3046519259808 42.80063992326239
1602.3046519259808 42.80063992326239
1595.2491586881188 42.800639922905695
1595.2491586881188 42.800639922905695
1595.2491586881188 42.800639922905695
1595.2491586881188 42.800639922905695
1602.3046519259808 42.80063992326239
1602.3046519259808 42.80063992326239
1602.3046519259808 42.80063992326239
1602.3046519259808 42.80063992326239
1602.3046519259808 42.80063992326239
1602.3046519259808 42.80063992326239
1602.3046519259808 42.80063992326239
1602.3046519259808 42.80063992326239
1595.2491586881188 42.800639922905695
1595.2491586881188 42.800639922905695
1595.2491586881188 42.800639922905695
1595.2491586881188 42.800639922905695
1595.2491586881188 42.800639922905695
1595.2491586881188 42.800639922905695
1595.2491586881188 42.800639922905695
1595.2491586881188 42.800639922905695
1595.2491586881188 42.800639922905695
1595.2491586881188 42.800639922905695
1595.2491586881188 42.800639922905695
1595.2491586881188 42.800639922905695
1595.2491586881188 42.800639922905695
1595.2491586881188 42.800639922905695
1595.2491586881188 42.800639922905695
1595.2491586881188 42.800639922905695
1595.2491586881188 42.800639922905695
1588.1936654505969 42.80063992257448
1588.1936654505969 42.80063992257448
1588.1936654505969 42.80063992257448
1588.1936654505969 42.80063992257448
1588.1936654505969 42.80063992257448
1588.1936654505969 42.80063992257448
1588.1936654505969 42.80063992257448
1588.1936654505969 42.80063992257448
1588.1936654505969 42.80063992257448
1588.1936654505969 42.80063992257448
1588.1936654505969 42.80063992257448
1588.1936654505969 42.80063992257448
1588.1936654505969 42.80063992257448
1588.1936654505969 42.80063992257448
1588.1936654505969 42.80063992257448
1588.1936654505969 42.80063992257448
1588.1936654505969 42.80063992257448
1588.1936654505969 42.80063992257448
1588.1936654505969 42.80063992257448
1588.1936654505969 42.80063992257448
1588.1936654505969 42.80063992257448
1588.1936654505969 42.80063992257448
1588.1936654505969 42.80063992257448
1584.6659188319554 42.800639922418426
1584.6659188319554 42.800639922418426
1584.6659188319554 42.800639922418426
1584.6659188319554 42.800639922418426
1605.8323985450475 42.80063992345029
1605.8323985450475 42.80063992345029
1605.8323985450475 42.80063992345029
1605.8323985450475 42.80063992345029
1598.7769053070058 42.80063992308086
1598.7769053070058 42.80063992308086
1598.7769053070058 42.80063992308086
1598.7769053070058 42.80063992308086
1598.7769053070058 42.80063992308086
1598.7769053070058 42.80063992308086
1598.7769053070058 42.80063992308086
1598.7769053070058 42.80063992308086
1591.7214120693168 42.8006399227369
1591.7214120693168 42.8006399227369
1591.7214120693168 42.8006399227369
1591.7214120693168 42.8006399227369
1591.7214120693168 42.8006399227369
1591.7214120693168 42.8006399227369
1591.7214120693168 42.8006399227369
1591.7214120693168 42.8006399227369
1591.7214120693168 42.8006399227369
1591.7214120693168 42.8006399227369
1591.7214120693168 42.8006399227369
1591.7214120693168 42.8006399227369
1591.7214120693168 42.8006399227369
1584.6659188319554 42.800639922418426
1584.6659188319554 42.800639922418426
1584.6659188319554 42.800639922418426
1577.6104255948967 42.80063992212542
1577.6104255948967 42.80063992212542
1577.6104255948967 42.80063992212542
1577.6104255948967 42.80063992212542
1577.6104255948967 42.80063992212542
1577.6104255948967 42.80063992212542
1577.6104255948967 42.80063992212542
1577.6104255948967 42.80063992212542
1591.7214120693168 42.8006399227369
1591.7214120693168 42.8006399227369
1577.6104255948967 42.80063992212542
1577.6104255948967 42.80063992212542
1577.6104255948967 42.80063992212542
1577.6104255948967 42.80063992212542
1577.6104255948967 42.80063992212542
1570.554932358115 42.80063992185791
1570.554932358115 42.80063992185791
1570.554932358115 42.80063992185791
1570.554932358115 42.80063992185791
1570.554932358115 42.80063992185791
1570.554932358115 42.80063992185791
1570.554932358115 42.80063992185791
1570.554932358115 42.80063992185791
1570.554932358115 42.80063992185791
1570.554932358115 42.80063992185791
1570.554932358115 42.80063992185791
1570.554932358115 42.80063992185791
1570.554932358115 42.80063992185791
1570.554932358115 42.80063992185791
1570.554932358115 42.80063992185791
1570.554932358115 42.80063992185791
1570.554932358115 42.80063992185791
1570.554932358115 42.80063992185791
1584.6659188319554 42.800639922418426
1584.6659188319554 42.800639922418426
1584.6659188319554 42.800639922418426
1584.6659188319554 42.800639922418426
1584.6659188319554 42.800639922418426
1584.6659188319554 42.800639922418426
1584.6659188319554 42.800639922418426
1584.6659188319554 42.800639922418426
1584.6659188319554 42.800639922418426
1584.6659188319554 42.800639922418426
1584.6659188319554 42.800639922418426
1584.6659188319554 42.800639922418426
1584.6659188319554 42.800639922418426
1584.6659188319554 42.800639922418426
1584.6659188319554 42.800639922418426
1584.6659188319554 42.800639922418426
1581.13817221339 42.800639922268736
1581.13817221339 42.800639922268736
1581.13817221339 42.800639922268736
1581.13817221339 42.800639922268736
1577.6104255948967 42.80063992212542
1577.6104255948967 42.80063992212542
1577.6104255948967 42.80063992212542
1570.554932358115 42.80063992185791
1570.554932358115 42.80063992185791
1570.554932358115 42.80063992185791
1563.4994391215853 42.80063992161586
1563.4994391215853 42.80063992161586
1563.4994391215853 42.80063992161586
1563.4994391215853 42.80063992161586
1563.4994391215853 42.80063992161586
1563.4994391215853 42.80063992161586
1563.4994391215853 42.80063992161586
1556.4439458852823 42.800639921399295
1549.388452649181 42.80063992120821
1549.388452649181 42.80063992120821
1549.388452649181 42.80063992120821
1545.860706031198 42.80063992112222
1545.860706031198 42.80063992112222
1545.860706031198 42.80063992112222
1545.860706031198 42.80063992112222
1545.860706031198 42.80063992112222
1545.860706031198 42.80063992112222
1545.860706031198 42.80063992112222
1545.860706031198 42.80063992112222
1545.860706031198 42.80063992112222
1545.860706031198 42.80063992112222
1545.860706031198 42.80063992112222
1545.860706031198 42.80063992112222
1542.3329594132563 42.8006399210426
1542.3329594132563 42.8006399210426
1542.3329594132563 42.8006399210426
1535.2774661774824 42.800639920902476
1535.2774661774824 42.800639920902476
1535.2774661774824 42.800639920902476
1535.2774661774824 42.800639920902476
1535.2774661774824 42.800639920902476
1535.2774661774824 42.800639920902476
1535.2774661774824 42.800639920902476
1535.2774661774824 42.800639920902476
1535.2774661774824 42.800639920902476
1535.2774661774824 42.800639920902476
1535.2774661774824 42.800639920902476
1535.2774661774824 42.800639920902476
1535.2774661774824 42.800639920902476
1535.2774661774824 42.800639920902476
1528.2219729418348 42.80063992078782
1528.2219729418348 42.80063992078782
1528.2219729418348 42.80063992078782
1528.2219729418348 42.80063992078782
1528.2219729418348 42.80063992078782
1528.2219729418348 42.80063992078782
1521.1664797062879 42.80063992069864
1521.1664797062879 42.80063992069864
1521.1664797062879 42.80063992069864
1521.1664797062879 42.80063992069864
1521.1664797062879 42.80063992069864
1521.1664797062879 42.80063992069864
1521.1664797062879 42.80063992069864
1514.1109864708167 42.80063992063495
1507.0554932353957 42.80063992059674
1507.0554932353957 42.80063992059674
1507.0554932353957 42.80063992059674
1507.0554932353957 42.80063992059674
1507.0554932353957 42.80063992059674
1507.0554932353957 42.80063992059674
1507.0554932353957 42.80063992059674
1507.0554932353957 42.80063992059674
1507.0554932353957 42.80063992059674
1507.0554932353957 42.80063992059674
1507.0554932353957 42.80063992059674
1507.0554932353957 42.80063992059674
1507.0554932353957 42.80063992059674
1507.0554932353957 42.80063992059674
1507.0554932353957 42.80063992059674
1507.0554932353957 42.80063992059674
1500.0 42.80063992058399
1500.0 42.80063992058399
1500.0 42.80063992058399
1500.0 42.80063992058399
1500.0 42.80063992058399
1500.0 42.80063992058399
1500.0 42.80063992058399
1500.0 42.80063992058399
1500.0 42.80063992058399
1500.0 42.80063992058399
1500.0 42.80063992058399
1500.0 42.80063992058399
1492.9445067646043 42.80063992059674
1492.9445067646043 42.80063992059674
1492.9445067646043 42.80063992059674
1492.9445067646043 42.80063992059674
1485.8890135291833 42.80063992063495
1485.8890135291833 42.80063992063495
1485.8890135291833 42.80063992063495
1482.3612669114557 42.80063992066361
1482.3612669114557 42.80063992066361
1482.3612669114557 42.80063992066361
1482.3612669114557 42.80063992066361
1482.3612669114557 42.80063992066361
1482.3612669114557 42.80063992066361
1482.3612669114557 42.80063992066361
1482.3612669114557 42.80063992066361
1482.3612669114557 42.80063992066361
1482.3612669114557 42.80063992066361
1482.3612669114557 42.80063992066361
1482.3612669114557 42.80063992066361
1482.3612669114557 42.80063992066361
1482.3612669114557 42.80063992066361
1482.3612669114557 42.80063992066361
1482.3612669114557 42.80063992066361
1482.3612669114557 42.80063992066361
1475.3057736759497 42.800639920740046
1475.3057736759497 42.800639920740046
1475.3057736759497 42.800639920740046
1475.3057736759497 42.800639920740046
1475.3057736759497 42.800639920740046
1475.3057736759497 42.800639920740046
1475.3057736759497 42.800639920740046
1475.3057736759497 42.800639920740046
1475.3057736759497 42.800639920740046
1471.7780270581652 42.80063992078782
1468.2502804403555 42.80063992084196
1461.194787204648 42.800639920969346
1461.194787204648 42.800639920969346
1461.194787204648 42.800639920969346
1461.194787204648 42.800639920969346
1461.194787204648 42.800639920969346
1454.139293968802 42.80063992112222
1454.139293968802 42.80063992112222
1454.139293968802 42.80063992112222
1454.139293968802 42.80063992112222
1454.139293968802 42.80063992112222
1454.139293968802 42.80063992112222
1454.139293968802 42.80063992112222
1454.139293968802 42.80063992112222
1454.139293968802 42.80063992112222
1454.139293968802 42.80063992112222
1454.139293968802 42.80063992112222
1454.139293968802 42.80063992112222
1454.139293968802 42.80063992112222
1454.139293968802 42.80063992112222
1454.139293968802 42.80063992112222
1454.139293968802 42.80063992112222
1454.139293968802 42.80063992112222
1454.139293968802 42.80063992112222
1454.139293968802 42.80063992112222
1454.139293968802 42.80063992112222
1450.611547350819 42.80063992120821
1450.611547350819 42.80063992120821
1450.611547350819 42.80063992120821
1450.611547350819 42.80063992120821
1450.611547350819 42.80063992120821
1450.611547350819 42.80063992120821
1443.5560541147177 42.800639921399295
1443.5560541147177 42.800639921399295
1443.5560541147177 42.800639921399295
1443.5560541147177 42.800639921399295
1436.5005608784147 42.80063992161586
1436.5005608784147 42.80063992161586
1436.5005608784147 42.80063992161586
1436.5005608784147 42.80063992161586
1436.5005608784147 42.80063992161586
1436.5005608784147 42.80063992161586
1436.5005608784147 42.80063992161586
1436.5005608784147 42.80063992161586
1436.5005608784147 42.80063992161586
1436.5005608784147 42.80063992161586
1436.5005608784147 42.80063992161586
1422.3895744051033 42.80063992212542
1422.3895744051033 42.80063992212542
1422.3895744051033 42.80063992212542
1422.3895744051033 42.80063992212542
1422.3895744051033 42.80063992212542
1422.3895744051033 42.80063992212542
1422.3895744051033 42.80063992212542
1422.3895744051033 42.80063992212542
1418.86182778661 42.800639922268736
1418.86182778661 42.800639922268736
1418.86182778661 42.800639922268736
1418.86182778661 42.800639922268736
1418.86182778661 42.800639922268736
1418.86182778661 42.800639922268736
1418.86182778661 42.800639922268736
1418.86182778661 42.800639922268736
1418.86182778661 42.800639922268736
1418.86182778661 42.800639922268736
1418.86182778661 42.800639922268736
1425.9173210235272 42.80063992198848
1425.9173210235272 42.80063992198848
1425.9173210235272 42.80063992198848
1425.9173210235272 42.80063992198848
1432.9728142601798 42.80063992173369
1432.9728142601798 42.80063992173369
1432.9728142601798 42.80063992173369
1432.9728142601798 42.80063992173369
1432.9728142601798 42.80063992173369
1432.9728142601798 42.80063992173369
1432.9728142601798 42.80063992173369
1432.9728142601798 42.80063992173369
1432.9728142601798 42.80063992173369
1432.9728142601798 42.80063992173369
1432.9728142601798 42.80063992173369
1432.9728142601798 42.80063992173369
1432.9728142601798 42.80063992173369
1432.9728142601798 42.80063992173369
1432.9728142601798 42.80063992173369
1432.9728142601798 42.80063992173369
1432.9728142601798 42.80063992173369
1432.9728142601798 42.80063992173369
1432.9728142601798 42.80063992173369
1432.9728142601798 42.80063992173369
1432.9728142601798 42.80063992173369
1432.9728142601798 42.80063992173369
1432.9728142601798 42.80063992173369
1432.9728142601798 42.80063992173369
1432.9728142601798 42.80063992173369
1432.9728142601798 42.80063992173369
1440.028307496593 42.80063992150439
1440.028307496593 42.80063992150439
1440.028307496593 42.80063992150439
1440.028307496593 42.80063992150439
1440.028307496593 42.80063992150439
1440.028307496593 42.80063992150439
1440.028307496593 42.80063992150439
1440.028307496593 42.80063992150439
1440.028307496593 42.80063992150439
1440.028307496593 42.80063992150439
1440.028307496593 42.80063992150439
1440.028307496593 42.80063992150439
1440.028307496593 42.80063992150439
1440.028307496593 42.80063992150439
1440.028307496593 42.80063992150439
1440.028307496593 42.80063992150439
1440.028307496593 42.80063992150439
1440.028307496593 42.80063992150439
1440.028307496593 42.80063992150439
1440.028307496593 42.80063992150439
1440.028307496593 42.80063992150439
1440.028307496593 42.80063992150439
1440.028307496593 42.80063992150439
1440.028307496593 42.80063992150439
1440.028307496593 42.80063992150439
1440.028307496593 42.80063992150439
1440.028307496593 42.80063992150439
1440.028307496593 42.80063992150439
1440.028307496593 42.80063992150439
1440.028307496593 42.80063992150439
1440.028307496593 42.80063992150439
1440.028307496593 42.80063992150439
1440.028307496593 42.80063992150439
1440.028307496593 42.80063992150439
1440.028307496593 42.80063992150439
1440.028307496593 42.80063992150439
1440.028307496593 42.80063992150439
1440.028307496593 42.80063992150439
1440.028307496593 42.80063992150439
1440.028307496593 42.80063992150439
1432.9728142601798 42.80063992173369
1432.9728142601798 42.80063992173369
1432.9728142601798 42.80063992173369
1425.9173210235274 42.80063992198848
1425.9173210235272 42.80063992198848
1425.9173210235274 42.80063992198848
1425.9173210235274 42.80063992198848
1425.9173210235274 42.80063992198848
1425.9173210235272 42.80063992198848
1425.9173210235272 42.80063992198848
1418.86182778661 42.800639922268736
1418.86182778661 42.800639922268736
1411.8063345494031 42.80063992257448
1411.8063345494031 42.80063992257448
1411.8063345494031 42.80063992257448
1411.8063345494031 42.80063992257448
1411.8063345494031 42.80063992257448
1411.8063345494031 42.80063992257448
1411.8063345494031 42.80063992257448
1411.8063345494031 42.80063992257448
1411.8063345494031 42.80063992257448
1411.8063345494031 42.80063992257448
1411.8063345494031 42.80063992257448
1411.8063345494031 42.80063992257448
1411.8063345494031 42.80063992257448
1404.7508413118812 42.800639922905695
1404.7508413118812 42.800639922905695
1404.7508413118812 42.800639922905695
1397.6953480740192 42.80063992326239
1397.6953480740192 42.80063992326239
1397.6953480740192 42.80063992326239
1397.6953480740192 42.80063992326239
1397.6953480740192 42.80063992326239
1397.6953480740192 42.80063992326239
1397.6953480740192 42.80063992326239
1397.6953480740192 42.80063992326239
1397.6953480740192 42.80063992326239
1397.6953480740192 42.80063992326239
1397.6953480740192 42.80063992326239
1397.6953480740192 42.80063992326239
1397.6953480740192 42.80063992326239
1397.6953480740192 42.80063992326239
1397.6953480740192 42.80063992326239
1397.6953480740192 42.80063992326239
1397.6953480740192 42.80063992326239
1397.6953480740192 42.80063992326239
1397.6953480740192 42.80063992326239
1397.6953480740192 42.80063992326239
1397.6953480740192 42.80063992326239
1397.6953480740192 42.80063992326239
1397.6953480740192 42.80063992326239
1397.6953480740192 42.80063992326239
1397.6953480740192 42.80063992326239
1397.6953480740192 42.80063992326239
1397.6953480740192 42.80063992326239
1397.6953480740192 42.80063992326239
1397.6953480740192 42.80063992326239
1397.6953480740192 42.80063992326239
1397.6953480740192 42.80063992326239
1397.6953480740192 42.80063992326239
1397.6953480740192 42.80063992326239
1397.6953480740192 42.80063992326239
1397.6953480740192 42.80063992326239
1397.6953480740192 42.80063992326239
1397.6953480740192 42.80063992326239
1397.6953480740192 42.80063992326239
1397.6953480740192 42.80063992326239
1397.6953480740192 42.80063992326239
1397.6953480740192 42.80063992326239
1397.6953480740192 42.80063992326239
1397.6953480740192 42.80063992326239
1397.6953480740192 42.80063992326239
1397.6953480740192 42.80063992326239
1390.6398548357915 42.80063992364457
1390.6398548357915 42.80063992364457
1390.6398548357915 42.80063992364457
1390.6398548357915 42.80063992364457
1390.6398548357915 42.80063992364457
1390.6398548357915 42.80063992364457
1390.6398548357915 42.80063992364457
1390.6398548357915 42.80063992364457
1390.6398548357915 42.80063992364457
1383.5843615971735 42.80063992405222
1383.5843615971735 42.80063992405222
1383.5843615971735 42.80063992405222
1383.5843615971735 42.80063992405222
1383.5843615971735 42.80063992405222
1383.5843615971735 42.80063992405222
1383.5843615971735 42.80063992405222
1383.5843615971735 42.80063992405222
1383.5843615971735 42.80063992405222
1383.5843615971735 42.80063992405222
1383.5843615971735 42.80063992405222
1383.5843615971735 42.80063992405222
1383.5843615971735 42.80063992405222
1383.5843615971735 42.80063992405222
1383.5843615971735 42.80063992405222
1383.5843615971735 42.80063992405222
1383.5843615971735 42.80063992405222
1383.5843615971735 42.80063992405222
1383.5843615971735 42.80063992405222
1383.5843615971735 42.80063992405222
1383.5843615971735 42.80063992405222
1383.5843615971735 42.80063992405222
1383.5843615971735 42.80063992405222
1383.5843615971735 42.80063992405222
1376.5288683581396 42.80063992448535
1376.5288683581396 42.80063992448535
1376.5288683581396 42.80063992448535
1376.5288683581396 42.80063992448535
1376.5288683581396 42.80063992448535
1376.5288683581396 42.80063992448535
1376.5288683581396 42.80063992448535
1376.5288683581396 42.80063992448535
1376.5288683581396 42.80063992448535
1376.5288683581396 42.80063992448535
1376.5288683581396 42.80063992448535
1376.5288683581396 42.80063992448535
1369.4733751186645 42.80063992494396
1369.4733751186645 42.80063992494396
1369.4733751186645 42.80063992494396
1369.4733751186645 42.80063992494396
1369.4733751186645 42.80063992494396
1369.4733751186645 42.80063992494396
1369.4733751186645 42.80063992494396
1369.4733751186645 42.80063992494396
1369.4733751186645 42.80063992494396
1369.4733751186645 42.80063992494396
1369.4733751186645 42.80063992494396
1369.4733751186645 42.80063992494396
1369.4733751186645 42.80063992494396
1369.4733751186645 42.80063992494396
1369.4733751186645 42.80063992494396
1369.4733751186645 42.80063992494396
1369.4733751186645 42.80063992494396
1369.4733751186645 42.80063992494396
1369.4733751186645 42.80063992494396
1369.4733751186645 42.80063992494396
1369.4733751186645 42.80063992494396
1369.4733751186645 42.80063992494396
1369.4733751186645 42.80063992494396
1369.4733751186645 42.80063992494396
1369.4733751186645 42.80063992494396
1369.4733751186645 42.80063992494396
1369.4733751186645 42.80063992494396
1369.4733751186645 42.80063992494396
1362.4178818787234 42.80063992542805
1362.4178818787234 42.80063992542805
1362.4178818787234 42.80063992542805
1362.4178818787234 42.80063992542805
1362.4178818787234 42.80063992542805
1362.4178818787234 42.80063992542805
1362.4178818787234 42.80063992542805
1362.4178818787234 42.80063992542805
1362.4178818787234 42.80063992542805
1362.4178818787234 42.80063992542805
1355.3623886382907 42.800639925937624
1355.3623886382907 42.800639925937624
1355.3623886382907 42.800639925937624
1355.3623886382907 42.800639925937624
1355.3623886382907 42.800639925937624
1355.3623886382907 42.800639925937624
1355.3623886382907 42.800639925937624
1355.3623886382907 42.800639925937624
1348.3068953973416 42.80063992647267
1348.3068953973416 42.80063992647267
1348.3068953973416 42.80063992647267
1341.2514021558507 42.8006399270332
1341.2514021558507 42.8006399270332
1341.2514021558507 42.8006399270332
1341.2514021558507 42.8006399270332
1341.2514021558507 42.8006399270332
1341.2514021558507 42.8006399270332
1341.2514021558507 42.8006399270332
1334.1959089137927 42.8006399276192
1334.1959089137927 42.8006399276192
1334.1959089137927 42.8006399276192
1334.1959089137927 42.8006399276192
1334.1959089137927 42.8006399276192
1334.1959089137927 42.8006399276192
1334.1959089137927 42.8006399276192
1327.1404156711424 42.8006399282307
1327.1404156711424 42.8006399282307
1320.084922427875 42.80063992886766
1320.084922427875 42.80063992886766
1320.084922427875 42.80063992886766
1320.084922427875 42.80063992886766
1320.084922427875 42.80063992886766
1320.084922427875 42.80063992886766
1320.084922427875 42.80063992886766
1320.084922427875 42.80063992886766
1313.0294291839646 42.800639929530114
1313.0294291839646 42.800639929530114
1313.0294291839646 42.800639929530114
1305.9739359393866 42.80063993021805
1305.9739359393866 42.80063993021805
1305.9739359393866 42.80063993021805
1305.9739359393866 42.80063993021805
1305.9739359393866 42.80063993021805
1305.9739359393866 42.80063993021805
1305.9739359393866 42.80063993021805
1305.9739359393866 42.80063993021805
1305.9739359393866 42.80063993021805
1305.9739359393866 42.80063993021805
1298.9184426941154 42.80063993093146
1298.9184426941154 42.80063993093146
1298.9184426941154 42.80063993093146
1298.9184426941154 42.80063993093146
1298.9184426941154 42.80063993093146
1298.9184426941154 42.80063993093146
1298.9184426941154 42.80063993093146
1298.9184426941154 42.80063993093146
1298.9184426941154 42.80063993093146
1291.862949448126 42.80063993167035
1291.862949448126 42.80063993167035
1291.862949448126 42.80063993167035
1291.862949448126 42.80063993167035
1291.862949448126 42.80063993167035
1291.862949448126 42.80063993167035
1291.862949448126 42.80063993167035
1291.862949448126 42.80063993167035
1284.8074562013935 42.80063993243472
1284.8074562013935 42.80063993243472
1284.8074562013935 42.80063993243472
1277.751962953892 42.80063993322458
1270.6964697055967 42.800639934039914
1270.6964697055967 42.800639934039914
1270.6964697055967 42.800639934039914
1270.6964697055967 42.800639934039914
1270.6964697055967 42.800639934039914
1270.6964697055967 42.800639934039914
1270.6964697055967 42.800639934039914
1270.6964697055967 42.800639934039914
1263.6409764564823 42.80063993488073
1263.6409764564823 42.80063993488073
1263.6409764564823 42.80063993488073
1256.585483206524 42.80063993574702
1256.585483206524 42.80063993574702
1256.585483206524 42.80063993574702
1256.585483206524 42.80063993574702
1256.585483206524 42.80063993574702
1256.585483206524 42.80063993574702
1256.585483206524 42.80063993574702
1256.585483206524 42.80063993574702
1256.585483206524 42.80063993574702
1256.585483206524 42.80063993574702
1256.585483206524 42.80063993574702
1249.5299899556958 42.80063993663882
1249.5299899556958 42.80063993663882
1249.5299899556958 42.80063993663882
1249.5299899556958 42.80063993663882
1249.5299899556958 42.80063993663882
1249.5299899556958 42.80063993663882
1249.5299899556958 42.80063993663882
1249.5299899556958 42.80063993663882
1249.5299899556958 42.80063993663882
1249.5299899556958 42.80063993663882
1249.5299899556958 42.80063993663882
1249.5299899556958 42.80063993663882
1249.5299899556958 42.80063993663882
1249.5299899556958 42.80063993663882
1249.5299899556958 42.80063993663882
1249.5299899556958 42.80063993663882
1249.5299899556958 42.80063993663882
1249.5299899556958 42.80063993663882
1249.5299899556958 42.80063993663882
1249.5299899556958 42.80063993663882
1249.5299899556958 42.80063993663882
1249.5299899556958 42.80063993663882
1249.5299899556958 42.80063993663882
1249.5299899556958 42.80063993663882
1249.5299899556958 42.80063993663882
1249.5299899556958 42.80063993663882
1249.5299899556958 42.80063993663882
1249.5299899556958 42.80063993663882
1249.5299899556958 42.80063993663882
1249.5299899556958 42.80063993663882
1249.5299899556958 42.80063993663882
1249.5299899556958 42.80063993663882
1249.5299899556958 42.80063993663882
1249.5299899556958 42.80063993663882
1249.5299899556958 42.80063993663882
1249.5299899556958 42.80063993663882
1249.5299899556958 42.80063993663882
1249.5299899556958 42.80063993663882
1249.5299899556958 42.80063993663882
1249.5299899556958 42.80063993663882
1249.5299899556958 42.80063993663882
1249.5299899556958 42.80063993663882
1249.5299899556958 42.80063993663882
1249.5299899556958 42.80063993663882
1249.5299899556958 42.80063993663882
1249.5299899556958 42.80063993663882
1249.5299899556958 42.80063993663882
1249.5299899556958 42.80063993663882
1249.5299899556958 42.80063993663882
1242.4744967039733 42.80063993755607
1242.4744967039733 42.80063993755607
1242.4744967039733 42.80063993755607
1242.4744967039733 42.80063993755607
1242.4744967039733 42.80063993755607
1242.4744967039733 42.80063993755607
1242.4744967039733 42.80063993755607
1242.4744967039733 42.80063993755607
1242.4744967039733 42.80063993755607
1242.4744967039733 42.80063993755607
1242.4744967039733 42.80063993755607
1242.4744967039733 42.80063993755607
1242.4744967039733 42.80063993755607
1242.4744967039733 42.80063993755607
1242.4744967039733 42.80063993755607
1242.4744967039733 42.80063993755607
1242.4744967039733 42.80063993755607
1242.4744967039733 42.80063993755607
1242.4744967039733 42.80063993755607
1242.4744967039733 42.80063993755607
1242.4744967039733 42.80063993755607
1242.4744967039733 42.80063993755607
1242.4744967039733 42.80063993755607
1242.4744967039733 42.80063993755607
1242.4744967039733 42.80063993755607
1242.4744967039733 42.80063993755607
1242.4744967039733 42.80063993755607
1242.4744967039733 42.80063993755607
1242.4744967039733 42.80063993755607
1242.4744967039733 42.80063993755607
1242.4744967039733 42.80063993755607
