jSOa
1729.3035302944033 42.800639934039914
1729.3035302944033 42.800639934039914
1468.2502804403555 42.80063992084196
1432.9728142601798 42.80063992173369
1440.028307496593 42.80063992150439
1376.5288683581396 42.80063992448535
1418.86182778661 42.800639922268736
1425.9173210235272 42.80063992198848
1369.4733751186645 42.80063992494396
1397.6953480740192 42.80063992326239
1454.139293968802 42.80063992112222
1397.6953480740192 42.80063992326239
1397.6953480740192 42.80063992326239
1418.86182778661 42.800639922268736
1341.2514021558507 42.8006399270332
1327.1404156711424 42.8006399282307
1369.4733751186645 42.80063992494396
1341.2514021558507 42.8006399270332
1348.3068953973416 42.80063992647267
1327.1404156711424 42.8006399282307
1327.1404156711424 42.8006399282307
1341.2514021558507 42.8006399270332
1334.1959089137927 42.8006399276192
1341.2514021558507 42.8006399270332
1362.4178818787234 42.80063992542805
1341.2514021558507 42.8006399270332
1327.1404156711424 42.8006399282307
1313.0294291839646 42.800639929530114
1298.9184426941154 42.80063993093146
1313.0294291839646 42.800639929530114
1320.084922427875 42.80063992886766
1277.751962953892 42.80063993322458
1284.8074562013935 42.80063993243472
1320.084922427875 42.80063992886766
1313.0294291839646 42.800639929530114
1298.9184426941154 42.80063993093146
1305.9739359393866 42.80063993021805
1284.8074562013935 42.80063993243472
1298.9184426941154 42.80063993093146
1298.9184426941154 42.80063993093146
1263.6409764564823 42.80063993488073
1242.4744967039733 42.80063993755607
1242.4744967039733 42.80063993755607
1242.4744967039733 42.80063993755607
1242.4744967039733 42.80063993755607
1284.8074562013935 42.80063993243472
1277.751962953892 42.80063993322458
1277.751962953892 42.80063993322458
1277.751962953892 42.80063993322458
1263.6409764564823 42.80063993488073
1256.585483206524 42.80063993574702
1263.6409764564823 42.80063993488073
1270.6964697055967 42.800639934039914
1256.585483206524 42.80063993574702
1263.6409764564823 42.80063993488073
1263.6409764564823 42.80063993488073
1256.585483206524 42.80063993574702
1256.585483206524 42.80063993574702
1263.6409764564823 42.80063993488073
1256.585483206524 42.80063993574702
1256.585483206524 42.80063993574702
1263.6409764564823 42.80063993488073
1256.585483206524 42.80063993574702
1256.585483206524 42.80063993574702
1249.5299899556958 42.80063993663882
1242.4744967039733 42.80063993755607
1235.4190034513306 42.80063993849882
1235.4190034513306 42.80063993849882
1235.4190034513306 42.80063993849882
1249.5299899556958 42.80063993663882
1263.6409764564823 42.80063993488073
1263.6409764564823 42.80063993488073
1256.585483206524 42.80063993574702
1249.5299899556958 42.80063993663882
1249.5299899556958 42.80063993663882
1249.5299899556958 42.80063993663882
1263.6409764564823 42.80063993488073
1242.4744967039733 42.80063993755607
1242.4744967039733 42.80063993755607
1242.4744967039733 42.80063993755607
1242.4744967039733 42.80063993755607
1235.4190034513306 42.80063993849882
1235.4190034513306 42.80063993849882
1235.4190034513306 42.80063993849882
1270.6964697055967 42.800639934039914
1263.6409764564823 42.80063993488073
1270.6964697055967 42.800639934039914
1270.6964697055967 42.800639934039914
1256.585483206524 42.80063993574702
1249.5299899556958 42.80063993663882
1235.4190034513306 42.80063993849882
1249.5299899556958 42.80063993663882
1249.5299899556958 42.80063993663882
1249.5299899556958 42.80063993663882
1242.4744967039733 42.80063993755607
1242.4744967039733 42.80063993755607
1242.4744967039733 42.80063993755607
1235.4190034513306 42.80063993849882
1242.4744967039733 42.80063993755607
1242.4744967039733 42.80063993755607
1242.4744967039733 42.80063993755607
1242.4744967039733 42.80063993755607
1235.4190034513306 42.80063993849882
1235.4190034513306 42.80063993849882
1235.4190034513306 42.80063993849882
1235.4190034513306 42.80063993849882
1235.4190034513306 42.80063993849882
1249.5299899556958 42.80063993663882
1249.5299899556958 42.80063993663882
1249.5299899556958 42.80063993663882
1242.4744967039733 42.80063993755607
1242.4744967039733 42.80063993755607
1242.4744967039733 42.80063993755607
1242.4744967039733 42.80063993755607
1242.4744967039733 42.80063993755607
1249.5299899556958 42.80063993663882
1249.5299899556958 42.80063993663882
1242.4744967039733 42.80063993755607
1256.585483206524 42.80063993574702
1256.585483206524 42.80063993574702
1256.585483206524 42.80063993574702
1256.585483206524 42.80063993574702
1263.6409764564823 42.80063993488073
1256.585483206524 42.80063993574702
1256.585483206524 42.80063993574702
1256.585483206524 42.80063993574702
1256.585483206524 42.80063993574702
1249.5299899556958 42.80063993663882
1249.5299899556958 42.80063993663882
1256.585483206524 42.80063993574702
1256.585483206524 42.80063993574702
1249.5299899556958 42.80063993663882
1242.4744967039733 42.80063993755607
1242.4744967039733 42.80063993755607
1242.4744967039733 42.80063993755607
1242.4744967039733 42.80063993755607
1242.4744967039733 42.80063993755607
1242.4744967039733 42.80063993755607
1242.4744967039733 42.80063993755607
1242.4744967039733 42.80063993755607
1242.4744967039733 42.80063993755607
1242.4744967039733 42.80063993755607
1242.4744967039733 42.80063993755607
1235.4190034513306 42.80063993849882
1228.363510197743 42.80063993946704
1228.363510197743 42.80063993946704
1228.363510197743 42.80063993946704
1228.363510197743 42.80063993946704
1221.3080169431848 42.80063994046076
1228.363510197743 42.80063993946704
1235.4190034513306 42.80063993849882
1228.363510197743 42.80063993946704
1242.4744967039733 42.80063993755607
1242.4744967039733 42.80063993755607
1235.4190034513306 42.80063993849882
1235.4190034513306 42.80063993849882
1235.4190034513306 42.80063993849882
1235.4190034513306 42.80063993849882
1235.4190034513306 42.80063993849882
1235.4190034513306 42.80063993849882
1235.4190034513306 42.80063993849882
1235.4190034513306 42.80063993849882
1221.3080169431848 42.80063994046076
1221.3080169431848 42.80063994046076
1221.3080169431848 42.80063994046076
1228.363510197743 42.80063993946704
1228.363510197743 42.80063993946704
1249.5299899556958 42.80063993663882
1242.4744967039733 42.80063993755607
1235.4190034513306 42.80063993849882
1249.5299899556958 42.80063993663882
1249.5299899556958 42.80063993663882
1249.5299899556958 42.80063993663882
1249.5299899556958 42.80063993663882
1249.5299899556958 42.80063993663882
1242.4744967039733 42.80063993755607
1242.4744967039733 42.80063993755607
1242.4744967039733 42.80063993755607
1242.4744967039733 42.80063993755607
1242.4744967039733 42.80063993755607
1242.4744967039733 42.80063993755607
1242.4744967039733 42.80063993755607
1242.4744967039733 42.80063993755607
1249.5299899556958 42.80063993663882
1249.5299899556958 42.80063993663882
1256.585483206524 42.80063993574702
1263.6409764564823 42.80063993488073
1256.585483206524 42.80063993574702
1249.5299899556958 42.80063993663882
1249.5299899556958 42.80063993663882
1242.4744967039733 42.80063993755607
1242.4744967039733 42.80063993755607
1242.4744967039733 42.80063993755607
1242.4744967039733 42.80063993755607
1242.4744967039733 42.80063993755607
1242.4744967039733 42.80063993755607
1235.4190034513306 42.80063993849882
1235.4190034513306 42.80063993849882
1235.4190034513306 42.80063993849882
1235.4190034513306 42.80063993849882
1228.363510197743 42.80063993946704
1235.4190034513306 42.80063993849882
1235.4190034513306 42.80063993849882
1235.4190034513306 42.80063993849882
1235.4190034513306 42.80063993849882
1242.4744967039733 42.80063993755607
1242.4744967039733 42.80063993755607
1228.363510197743 42.80063993946704
1228.363510197743 42.80063993946704
1228.363510197743 42.80063993946704
1228.363510197743 42.80063993946704
1228.363510197743 42.80063993946704
1221.3080169431848 42.80063994046076
1221.3080169431848 42.80063994046076
1221.3080169431848 42.80063994046076
1221.3080169431848 42.80063994046076
1235.4190034513306 42.80063993849882
1228.363510197743 42.80063993946704
1221.3080169431848 42.80063994046076
1221.3080169431848 42.80063994046076
1228.363510197743 42.80063993946704
1228.363510197743 42.80063993946704
1235.4190034513306 42.80063993849882
1235.4190034513306 42.80063993849882
1235.4190034513306 42.80063993849882
1235.4190034513306 42.80063993849882
1235.4190034513306 42.80063993849882
1235.4190034513306 42.80063993849882
1242.4744967039733 42.80063993755607
1242.4744967039733 42.80063993755607
1242.4744967039733 42.80063993755607
1242.4744967039733 42.80063993755607
1242.4744967039733 42.80063993755607
1249.5299899556958 42.80063993663882
1249.5299899556958 42.80063993663882
1249.5299899556958 42.80063993663882
1256.585483206524 42.80063993574702
1256.585483206524 42.80063993574702
1256.585483206524 42.80063993574702
1256.585483206524 42.80063993574702
1249.5299899556958 42.80063993663882
1249.5299899556958 42.80063993663882
1249.5299899556958 42.80063993663882
1235.4190034513306 42.80063993849882
1235.4190034513306 42.80063993849882
1235.4190034513306 42.80063993849882
1235.4190034513306 42.80063993849882
1235.4190034513306 42.80063993849882
1235.4190034513306 42.80063993849882
1235.4190034513306 42.80063993849882
1235.4190034513306 42.80063993849882
1235.4190034513306 42.80063993849882
1235.4190034513306 42.80063993849882
1235.4190034513306 42.80063993849882
1228.363510197743 42.80063993946704
1228.363510197743 42.80063993946704
1228.363510197743 42.80063993946704
1228.363510197743 42.80063993946704
1221.3080169431848 42.80063994046076
1221.3080169431848 42.80063994046076
1221.3080169431848 42.80063994046076
1221.3080169431848 42.80063994046076
1221.3080169431848 42.80063994046076
1221.3080169431848 42.80063994046076
1235.4190034513306 42.80063993849882
1235.4190034513306 42.80063993849882
1235.4190034513306 42.80063993849882
1235.4190034513306 42.80063993849882
1235.4190034513306 42.80063993849882
1256.585483206524 42.80063993574702
1256.585483206524 42.80063993574702
1256.585483206524 42.80063993574702
1256.585483206524 42.80063993574702
1249.5299899556958 42.80063993663882
1256.585483206524 42.80063993574702
1263.6409764564823 42.80063993488073
1263.6409764564823 42.80063993488073
1263.6409764564823 42.80063993488073
1263.6409764564823 42.80063993488073
1263.6409764564823 42.80063993488073
1270.6964697055967 42.800639934039914
1270.6964697055967 42.800639934039914
1263.6409764564823 42.80063993488073
1263.6409764564823 42.80063993488073
1263.6409764564823 42.80063993488073
1263.6409764564823 42.80063993488073
1270.6964697055967 42.800639934039914
1263.6409764564823 42.80063993488073
1263.6409764564823 42.80063993488073
1263.6409764564823 42.80063993488073
1263.6409764564823 42.80063993488073
1270.6964697055967 42.800639934039914
1277.751962953892 42.80063993322458
1270.6964697055967 42.800639934039914
1270.6964697055967 42.800639934039914
1291.862949448126 42.80063993167035
1291.862949448126 42.80063993167035
1291.862949448126 42.80063993167035
1291.862949448126 42.80063993167035
1291.862949448126 42.80063993167035
1291.862949448126 42.80063993167035
1291.862949448126 42.80063993167035
1291.862949448126 42.80063993167035
1291.862949448126 42.80063993167035
1291.862949448126 42.80063993167035
1305.9739359393866 42.80063993021805
1305.9739359393866 42.80063993021805
1298.9184426941154 42.80063993093146
1298.9184426941154 42.80063993093146
1298.9184426941154 42.80063993093146
1298.9184426941154 42.80063993093146
1298.9184426941154 42.80063993093146
1298.9184426941154 42.80063993093146
1298.9184426941154 42.80063993093146
1298.9184426941154 42.80063993093146
1305.9739359393866 42.80063993021805
1305.9739359393866 42.80063993021805
1305.9739359393866 42.80063993021805
1305.9739359393866 42.80063993021805
1298.9184426941154 42.80063993093146
1291.862949448126 42.80063993167035
1291.862949448126 42.80063993167035
1291.862949448126 42.80063993167035
1291.862949448126 42.80063993167035
1298.9184426941154 42.80063993093146
1305.9739359393866 42.80063993021805
1305.9739359393866 42.80063993021805
1313.0294291839646 42.800639929530114
1305.9739359393866 42.80063993021805
1313.0294291839646 42.800639929530114
1313.0294291839646 42.800639929530114
1313.0294291839646 42.800639929530114
1313.0294291839646 42.800639929530114
1313.0294291839646 42.800639929530114
1298.9184426941154 42.80063993093146
1313.0294291839646 42.800639929530114
1313.0294291839646 42.800639929530114
1313.0294291839646 42.800639929530114
1313.0294291839646 42.800639929530114
1305.9739359393866 42.80063993021805
1320.084922427875 42.80063992886766
1327.1404156711424 42.8006399282307
1327.1404156711424 42.8006399282307
1320.084922427875 42.80063992886766
1320.084922427875 42.80063992886766
1320.084922427875 42.80063992886766
1320.084922427875 42.80063992886766
1327.1404156711424 42.8006399282307
1320.084922427875 42.80063992886766
1327.1404156711424 42.8006399282307
1320.084922427875 42.80063992886766
1320.084922427875 42.80063992886766
1320.084922427875 42.80063992886766
1320.084922427875 42.80063992886766
1320.084922427875 42.80063992886766
1320.084922427875 42.80063992886766
1320.084922427875 42.80063992886766
1320.084922427875 42.80063992886766
1320.084922427875 42.80063992886766
1320.084922427875 42.80063992886766
1320.084922427875 42.80063992886766
1320.084922427875 42.80063992886766
1313.0294291839646 42.800639929530114
1313.0294291839646 42.800639929530114
1320.084922427875 42.80063992886766
1320.084922427875 42.80063992886766
1327.1404156711424 42.8006399282307
1320.084922427875 42.80063992886766
1320.084922427875 42.80063992886766
1320.084922427875 42.80063992886766
1313.0294291839646 42.800639929530114
1313.0294291839646 42.800639929530114
1334.1959089137927 42.8006399276192
1327.1404156711424 42.8006399282307
1327.1404156711424 42.8006399282307
1327.1404156711424 42.8006399282307
1327.1404156711424 42.8006399282307
1327.1404156711424 42.8006399282307
1334.1959089137927 42.8006399276192
1334.1959089137927 42.8006399276192
1334.1959089137927 42.8006399276192
1334.1959089137927 42.8006399276192
1334.1959089137927 42.8006399276192
1334.1959089137927 42.8006399276192
1341.2514021558507 42.8006399270332
1341.2514021558507 42.8006399270332
1341.2514021558507 42.8006399270332
1341.2514021558507 42.8006399270332
1341.2514021558507 42.8006399270332
1341.2514021558507 42.8006399270332
1341.2514021558507 42.8006399270332
1348.3068953973416 42.80063992647267
1348.3068953973416 42.80063992647267
1348.3068953973416 42.80063992647267
1348.3068953973416 42.80063992647267
1348.3068953973416 42.80063992647267
1348.3068953973416 42.80063992647267
1348.3068953973416 42.80063992647267
1348.3068953973416 42.80063992647267
1348.3068953973416 42.80063992647267
1348.3068953973416 42.80063992647267
1348.3068953973416 42.80063992647267
1348.3068953973416 42.80063992647267
1348.3068953973416 42.80063992647267
1348.3068953973416 42.80063992647267
1348.3068953973416 42.80063992647267
1348.3068953973416 42.80063992647267
1348.3068953973416 42.80063992647267
1348.3068953973416 42.80063992647267
1348.3068953973416 42.80063992647267
1362.4178818787234 42.80063992542805
1362.4178818787234 42.80063992542805
1362.4178818787234 42.80063992542805
1362.4178818787234 42.80063992542805
1362.4178818787234 42.80063992542805
1376.5288683581396 42.80063992448535
1390.6398548357915 42.80063992364457
1390.6398548357915 42.80063992364457
1376.5288683581396 42.80063992448535
1376.5288683581396 42.80063992448535
1383.5843615971735 42.80063992405222
1383.5843615971735 42.80063992405222
1376.5288683581396 42.80063992448535
1383.5843615971735 42.80063992405222
1383.5843615971735 42.80063992405222
1383.5843615971735 42.80063992405222
1383.5843615971735 42.80063992405222
1376.5288683581396 42.80063992448535
1376.5288683581396 42.80063992448535
1383.5843615971735 42.80063992405222
1383.5843615971735 42.80063992405222
1383.5843615971735 42.80063992405222
1376.5288683581396 42.80063992448535
1383.5843615971735 42.80063992405222
1383.5843615971735 42.80063992405222
1383.5843615971735 42.80063992405222
1383.5843615971735 42.80063992405222
1383.5843615971735 42.80063992405222
1383.5843615971735 42.80063992405222
1383.5843615971735 42.80063992405222
1390.6398548357915 42.80063992364457
1390.6398548357915 42.80063992364457
1390.6398548357915 42.80063992364457
1390.6398548357915 42.80063992364457
1383.5843615971735 42.80063992405222
1383.5843615971735 42.80063992405222
1383.5843615971735 42.80063992405222
1390.6398548357915 42.80063992364457
1390.6398548357915 42.80063992364457
1390.6398548357915 42.80063992364457
1397.6953480740192 42.80063992326239
1390.6398548357915 42.80063992364457
1390.6398548357915 42.80063992364457
1390.6398548357915 42.80063992364457
1390.6398548357915 42.80063992364457
1390.6398548357915 42.80063992364457
1397.6953480740192 42.80063992326239
1397.6953480740192 42.80063992326239
1397.6953480740192 42.80063992326239
1397.6953480740192 42.80063992326239
1397.6953480740192 42.80063992326239
1397.6953480740192 42.80063992326239
1397.6953480740192 42.80063992326239
1397.6953480740192 42.80063992326239
1390.6398548357915 42.80063992364457
1390.6398548357915 42.80063992364457
1390.6398548357915 42.80063992364457
1390.6398548357915 42.80063992364457
1390.6398548357915 42.80063992364457
1390.6398548357915 42.80063992364457
1390.6398548357915 42.80063992364457
1390.6398548357915 42.80063992364457
1390.6398548357915 42.80063992364457
1390.6398548357915 42.80063992364457
1390.6398548357915 42.80063992364457
1397.6953480740192 42.80063992326239
1397.6953480740192 42.80063992326239
1397.6953480740192 42.80063992326239
1397.6953480740192 42.80063992326239
1404.7508413118812 42.800639922905695
1404.7508413118812 42.800639922905695
1404.7508413118812 42.800639922905695
1397.6953480740192 42.80063992326239
1397.6953480740192 42.80063992326239
1390.6398548357915 42.80063992364457
1390.6398548357915 42.80063992364457
1390.6398548357915 42.80063992364457
1397.6953480740192 42.80063992326239
1390.6398548357915 42.80063992364457
1383.5843615971735 42.80063992405222
1390.6398548357915 42.80063992364457
1397.6953480740192 42.80063992326239
1397.6953480740192 42.80063992326239
1397.6953480740192 42.80063992326239
1397.6953480740192 42.80063992326239
1397.6953480740192 42.80063992326239
1397.6953480740192 42.80063992326239
1397.6953480740192 42.80063992326239
1397.6953480740192 42.80063992326239
1397.6953480740192 42.80063992326239
1397.6953480740192 42.80063992326239
1397.6953480740192 42.80063992326239
1404.7508413118812 42.800639922905695
1404.7508413118812 42.800639922905695
1404.7508413118812 42.800639922905695
1404.7508413118812 42.800639922905695
1411.8063345494031 42.80063992257448
1411.8063345494031 42.80063992257448
1404.7508413118812 42.800639922905695
1404.7508413118812 42.800639922905695
1390.6398548357915 42.80063992364457
1390.6398548357915 42.80063992364457
1390.6398548357915 42.80063992364457
1390.6398548357915 42.80063992364457
1397.6953480740192 42.80063992326239
1397.6953480740192 42.80063992326239
1397.6953480740192 42.80063992326239
1397.6953480740192 42.80063992326239
1397.6953480740192 42.80063992326239
1397.6953480740192 42.80063992326239
1397.6953480740192 42.80063992326239
1397.6953480740192 42.80063992326239
1397.6953480740192 42.80063992326239
1397.6953480740192 42.80063992326239
1397.6953480740192 42.80063992326239
1397.6953480740192 42.80063992326239
1397.6953480740192 42.80063992326239
1404.7508413118812 42.800639922905695
1404.7508413118812 42.800639922905695
1404.7508413118812 42.800639922905695
1397.6953480740192 42.80063992326239
1397.6953480740192 42.80063992326239
1397.6953480740192 42.80063992326239
1404.7508413118812 42.800639922905695
1404.7508413118812 42.800639922905695
1404.7508413118812 42.800639922905695
1408.2785879306832 42.8006399227369
1411.8063345494031 42.80063992257448
1418.86182778661 42.800639922268736
1418.86182778661 42.800639922268736
1418.86182778661 42.800639922268736
1411.8063345494031 42.80063992257448
1411.8063345494031 42.80063992257448
1432.9728142601798 42.80063992173369
1432.9728142601798 42.80063992173369
1432.9728142601798 42.80063992173369
1432.9728142601798 42.80063992173369
1432.9728142601798 42.80063992173369
1432.9728142601798 42.80063992173369
1432.9728142601798 42.80063992173369
1432.9728142601798 42.80063992173369
1432.9728142601798 42.80063992173369
1432.9728142601798 42.80063992173369
1432.9728142601798 42.80063992173369
1432.9728142601798 42.80063992173369
1425.9173210235272 42.80063992198848
1425.9173210235274 42.80063992198848
1425.9173210235272 42.80063992198848
1432.9728142601798 42.80063992173369
1432.9728142601798 42.80063992173369
1432.9728142601798 42.80063992173369
1440.028307496593 42.80063992150439
1440.028307496593 42.80063992150439
1450.611547350819 42.80063992120821
1443.5560541147177 42.800639921399295
1450.611547350819 42.80063992120821
1450.611547350819 42.80063992120821
1457.6670405867437 42.8006399210426
1457.6670405867437 42.8006399210426
1457.6670405867437 42.8006399210426
1457.6670405867437 42.8006399210426
1457.6670405867437 42.8006399210426
1457.6670405867437 42.8006399210426
1450.611547350819 42.80063992120821
1450.611547350819 42.80063992120821
1443.5560541147177 42.800639921399295
1450.611547350819 42.80063992120821
1450.611547350819 42.80063992120821
1450.611547350819 42.80063992120821
1450.611547350819 42.80063992120821
1450.611547350819 42.80063992120821
1457.6670405867437 42.8006399210426
1464.7225338225176 42.800639920902476
1464.7225338225176 42.800639920902476
1471.7780270581652 42.80063992078782
1478.8335202937121 42.80063992069864
1478.8335202937121 42.80063992069864
1478.8335202937121 42.80063992069864
1478.8335202937121 42.80063992069864
1478.8335202937121 42.80063992069864
1478.8335202937121 42.80063992069864
1478.8335202937121 42.80063992069864
1482.3612669114557 42.80063992066361
1482.3612669114557 42.80063992066361
1482.3612669114557 42.80063992066361
1482.3612669114557 42.80063992066361
1482.3612669114557 42.80063992066361
1482.3612669114557 42.80063992066361
1482.3612669114557 42.80063992066361
1482.3612669114557 42.80063992066361
1482.3612669114557 42.80063992066361
1482.3612669114557 42.80063992066361
1471.7780270581652 42.80063992078782
1464.7225338225176 42.800639920902476
1464.7225338225176 42.800639920902476
1464.7225338225176 42.800639920902476
1457.6670405867437 42.8006399210426
1457.6670405867437 42.8006399210426
1457.6670405867437 42.8006399210426
1471.7780270581652 42.80063992078782
1471.7780270581652 42.80063992078782
1471.7780270581652 42.80063992078782
1471.7780270581652 42.80063992078782
1471.7780270581652 42.80063992078782
1471.7780270581652 42.80063992078782
1471.7780270581652 42.80063992078782
1471.7780270581652 42.80063992078782
1471.7780270581652 42.80063992078782
1471.7780270581652 42.80063992078782
1471.7780270581652 42.80063992078782
1471.7780270581652 42.80063992078782
1471.7780270581652 42.80063992078782
1471.7780270581652 42.80063992078782
1471.7780270581652 42.80063992078782
1471.7780270581652 42.80063992078782
1471.7780270581652 42.80063992078782
1471.7780270581652 42.80063992078782
1471.7780270581652 42.80063992078782
1464.7225338225176 42.800639920902476
1464.7225338225176 42.800639920902476
1457.6670405867437 42.8006399210426
1457.6670405867437 42.8006399210426
1464.7225338225176 42.800639920902476
1443.5560541147177 42.800639921399295
1443.5560541147177 42.800639921399295
1443.5560541147177 42.800639921399295
1443.5560541147177 42.800639921399295
1443.5560541147177 42.800639921399295
1450.611547350819 42.80063992120821
1450.611547350819 42.80063992120821
1450.611547350819 42.80063992120821
1450.611547350819 42.80063992120821
1450.611547350819 42.80063992120821
1443.5560541147177 42.800639921399295
1450.611547350819 42.80063992120821
1457.6670405867437 42.8006399210426
1457.6670405867437 42.8006399210426
1457.6670405867437 42.8006399210426
1464.7225338225176 42.800639920902476
1464.7225338225176 42.800639920902476
1464.7225338225176 42.800639920902476
1464.7225338225176 42.800639920902476
1464.7225338225176 42.800639920902476
1464.7225338225176 42.800639920902476
1464.7225338225176 42.800639920902476
1464.7225338225176 42.800639920902476
1464.7225338225176 42.800639920902476
1457.6670405867437 42.8006399210426
1450.611547350819 42.80063992120821
1450.611547350819 42.80063992120821
1450.611547350819 42.80063992120821
1450.611547350819 42.80063992120821
1450.611547350819 42.80063992120821
1450.611547350819 42.80063992120821
1450.611547350819 42.80063992120821
1450.611547350819 42.80063992120821
1450.611547350819 42.80063992120821
1450.611547350819 42.80063992120821
1450.611547350819 42.80063992120821
1450.611547350819 42.80063992120821
1450.611547350819 42.80063992120821
1450.611547350819 42.80063992120821
1450.611547350819 42.80063992120821
1443.5560541147177 42.800639921399295
1443.5560541147177 42.800639921399295
1443.5560541147177 42.800639921399295
1440.028307496593 42.80063992150439
1440.028307496593 42.80063992150439
1440.028307496593 42.80063992150439
1432.9728142601798 42.80063992173369
1432.9728142601798 42.80063992173369
1432.9728142601798 42.80063992173369
1432.9728142601798 42.80063992173369
1432.9728142601798 42.80063992173369
1425.9173210235274 42.80063992198848
1432.9728142601798 42.80063992173369
1432.9728142601798 42.80063992173369
1432.9728142601798 42.80063992173369
1432.9728142601798 42.80063992173369
1432.9728142601798 42.80063992173369
1432.9728142601798 42.80063992173369
1432.9728142601798 42.80063992173369
1440.028307496593 42.80063992150439
1440.028307496593 42.80063992150439
1440.028307496593 42.80063992150439
1440.028307496593 42.80063992150439
1440.028307496593 42.80063992150439
1440.028307496593 42.80063992150439
1447.0838007327918 42.800639921300565
1447.0838007327918 42.800639921300565
1447.0838007327918 42.800639921300565
1454.139293968802 42.80063992112222
1454.139293968802 42.80063992112222
1454.139293968802 42.80063992112222
1454.139293968802 42.80063992112222
1454.139293968802 42.80063992112222
1454.139293968802 42.80063992112222
1447.0838007327918 42.800639921300565
1454.139293968802 42.80063992112222
1454.139293968802 42.80063992112222
1454.139293968802 42.80063992112222
1454.139293968802 42.80063992112222
1457.6670405867437 42.8006399210426
1457.6670405867437 42.8006399210426
1457.6670405867437 42.8006399210426
1457.6670405867437 42.8006399210426
1457.6670405867437 42.8006399210426
1457.6670405867437 42.8006399210426
1457.6670405867437 42.8006399210426
1457.6670405867437 42.8006399210426
1457.6670405867437 42.8006399210426
1450.611547350819 42.80063992120821
1450.611547350819 42.80063992120821
1450.611547350819 42.80063992120821
1464.7225338225176 42.800639920902476
1464.7225338225176 42.800639920902476
1457.6670405867437 42.8006399210426
1457.6670405867437 42.8006399210426
1457.6670405867437 42.8006399210426
1457.6670405867437 42.8006399210426
1457.6670405867437 42.8006399210426
1454.139293968802 42.80063992112222
1447.0838007327918 42.800639921300565
1447.0838007327918 42.800639921300565
1447.0838007327918 42.800639921300565
1447.0838007327918 42.800639921300565
1447.0838007327918 42.800639921300565
1447.0838007327918 42.800639921300565
1447.0838007327918 42.800639921300565
1447.0838007327918 42.800639921300565
1447.0838007327918 42.800639921300565
1447.0838007327918 42.800639921300565
1447.0838007327918 42.800639921300565
1454.139293968802 42.80063992112222
1454.139293968802 42.80063992112222
1447.0838007327918 42.800639921300565
1447.0838007327918 42.800639921300565
1447.0838007327918 42.800639921300565
1454.139293968802 42.80063992112222
1454.139293968802 42.80063992112222
1454.139293968802 42.80063992112222
1454.139293968802 42.80063992112222
1454.139293968802 42.80063992112222
1454.139293968802 42.80063992112222
1454.139293968802 42.80063992112222
1454.139293968802 42.80063992112222
1454.139293968802 42.80063992112222
1454.139293968802 42.80063992112222
1461.194787204648 42.800639920969346
1461.194787204648 42.800639920969346
1461.194787204648 42.800639920969346
1461.194787204648 42.800639920969346
1454.139293968802 42.80063992112222
1447.0838007327918 42.800639921300565
1447.0838007327918 42.800639921300565
1447.0838007327918 42.800639921300565
1447.0838007327918 42.800639921300565
1447.0838007327918 42.800639921300565
1447.0838007327918 42.800639921300565
1447.0838007327918 42.800639921300565
1447.0838007327918 42.800639921300565
1447.0838007327918 42.800639921300565
1447.0838007327918 42.800639921300565
1447.0838007327918 42.800639921300565
1440.028307496593 42.80063992150439
1447.0838007327918 42.800639921300565
1447.0838007327918 42.800639921300565
1447.0838007327918 42.800639921300565
1447.0838007327918 42.800639921300565
1447.0838007327918 42.800639921300565
1447.0838007327918 42.800639921300565
1447.0838007327918 42.800639921300565
1447.0838007327918 42.800639921300565
1447.0838007327918 42.800639921300565
1447.0838007327918 42.800639921300565
1447.0838007327918 42.800639921300565
1447.0838007327918 42.800639921300565
1447.0838007327918 42.800639921300565
1447.0838007327918 42.800639921300565
1447.0838007327918 42.800639921300565
1447.0838007327918 42.800639921300565
1454.139293968802 42.80063992112222
1454.139293968802 42.80063992112222
1454.139293968802 42.80063992112222
1454.139293968802 42.80063992112222
1454.139293968802 42.80063992112222
1454.139293968802 42.80063992112222
1447.0838007327918 42.800639921300565
1447.0838007327918 42.800639921300565
1447.0838007327918 42.800639921300565
1447.0838007327918 42.800639921300565
1447.0838007327918 42.800639921300565
1454.139293968802 42.80063992112222
1454.139293968802 42.80063992112222
1454.139293968802 42.80063992112222
1454.139293968802 42.80063992112222
1454.139293968802 42.80063992112222
1454.139293968802 42.80063992112222
1454.139293968802 42.80063992112222
1454.139293968802 42.80063992112222
1447.0838007327918 42.800639921300565
1447.0838007327918 42.800639921300565
1447.0838007327918 42.800639921300565
1447.0838007327918 42.800639921300565
1447.0838007327918 42.800639921300565
1447.0838007327918 42.800639921300565
1447.0838007327918 42.800639921300565
1447.0838007327918 42.800639921300565
1447.0838007327918 42.800639921300565
1461.194787204648 42.800639920969346
1461.194787204648 42.800639920969346
1461.194787204648 42.800639920969346
1461.194787204648 42.800639920969346
1461.194787204648 42.800639920969346
1461.194787204648 42.800639920969346
1461.194787204648 42.800639920969346
1454.139293968802 42.80063992112222
1454.139293968802 42.80063992112222
1454.139293968802 42.80063992112222
1454.139293968802 42.80063992112222
1454.139293968802 42.80063992112222
1461.194787204648 42.800639920969346
1461.194787204648 42.800639920969346
1461.194787204648 42.800639920969346
1461.194787204648 42.800639920969346
1461.194787204648 42.800639920969346
1461.194787204648 42.800639920969346
1468.2502804403555 42.80063992084196
1468.2502804403555 42.80063992084196
1468.2502804403555 42.80063992084196
1468.2502804403555 42.80063992084196
1468.2502804403555 42.80063992084196
1468.2502804403555 42.80063992084196
1468.2502804403555 42.80063992084196
1461.194787204648 42.800639920969346
1461.194787204648 42.800639920969346
1461.194787204648 42.800639920969346
1461.194787204648 42.800639920969346
1461.194787204648 42.800639920969346
1461.194787204648 42.800639920969346
1461.194787204648 42.800639920969346
1461.194787204648 42.800639920969346
1461.194787204648 42.800639920969346
1461.194787204648 42.800639920969346
1454.139293968802 42.80063992112222
1454.139293968802 42.80063992112222
1447.0838007327918 42.800639921300565
1454.139293968802 42.80063992112222
1454.139293968802 42.80063992112222
1454.139293968802 42.80063992112222
1447.0838007327918 42.800639921300565
1447.0838007327918 42.800639921300565
1461.194787204648 42.800639920969346
1461.194787204648 42.800639920969346
1461.194787204648 42.800639920969346
1461.194787204648 42.800639920969346
1461.194787204648 42.800639920969346
1468.2502804403555 42.80063992084196
1475.3057736759497 42.800639920740046
1468.2502804403555 42.80063992084196
1468.2502804403555 42.80063992084196
1461.194787204648 42.800639920969346
1461.194787204648 42.800639920969346
1461.194787204648 42.800639920969346
1461.194787204648 42.800639920969346
1461.194787204648 42.800639920969346
1461.194787204648 42.800639920969346
1475.3057736759497 42.800639920740046
1475.3057736759497 42.800639920740046
1475.3057736759497 42.800639920740046
1475.3057736759497 42.800639920740046
1475.3057736759497 42.800639920740046
1475.3057736759497 42.800639920740046
1468.2502804403555 42.80063992084196
1468.2502804403555 42.80063992084196
1468.2502804403555 42.80063992084196
1468.2502804403555 42.80063992084196
1468.2502804403555 42.80063992084196
1468.2502804403555 42.80063992084196
1475.3057736759497 42.800639920740046
1475.3057736759497 42.800639920740046
1475.3057736759497 42.800639920740046
1475.3057736759497 42.800639920740046
1475.3057736759497 42.800639920740046
1475.3057736759497 42.800639920740046
1475.3057736759497 42.800639920740046
1475.3057736759497 42.800639920740046
1482.3612669114557 42.80063992066361
1482.3612669114557 42.80063992066361
1482.3612669114557 42.80063992066361
1489.4167601468985 42.80063992061266
1489.4167601468985 42.80063992061266
1489.4167601468985 42.80063992061266
1489.4167601468985 42.80063992061266
1489.4167601468985 42.80063992061266
1489.4167601468985 42.80063992061266
1496.4722533823037 42.80063992058718
1496.4722533823037 42.80063992058718
1496.4722533823037 42.80063992058718
1503.5277466176963 42.80063992058718
1510.5832398531015 42.80063992061266
1510.5832398531015 42.80063992061266
1510.5832398531015 42.80063992061266
1510.5832398531015 42.80063992061266
1510.5832398531015 42.80063992061266
1517.6387330885443 42.80063992066361
1517.6387330885443 42.80063992066361
1517.6387330885443 42.80063992066361
1517.6387330885443 42.80063992066361
1517.6387330885443 42.80063992066361
1517.6387330885443 42.80063992066361
1510.5832398531015 42.80063992061266
1510.5832398531015 42.80063992061266
1517.6387330885443 42.80063992066361
1517.6387330885443 42.80063992066361
1517.6387330885443 42.80063992066361
1510.5832398531015 42.80063992061266
1510.5832398531015 42.80063992061266
1510.5832398531015 42.80063992061266
1517.6387330885443 42.80063992066361
1517.6387330885443 42.80063992066361
1517.6387330885443 42.80063992066361
1517.6387330885443 42.80063992066361
1517.6387330885443 42.80063992066361
1517.6387330885443 42.80063992066361
1517.6387330885443 42.80063992066361
1524.6942263240503 42.800639920740046
1524.6942263240503 42.800639920740046
1524.6942263240503 42.800639920740046
1524.6942263240503 42.800639920740046
1524.6942263240503 42.800639920740046
1524.6942263240503 42.800639920740046
1524.6942263240503 42.800639920740046
1517.6387330885443 42.80063992066361
1524.6942263240503 42.800639920740046
1524.6942263240503 42.800639920740046
1524.6942263240503 42.800639920740046
1524.6942263240503 42.800639920740046
1524.6942263240503 42.800639920740046
1524.6942263240503 42.800639920740046
1517.6387330885443 42.80063992066361
1517.6387330885443 42.80063992066361
1517.6387330885443 42.80063992066361
1524.6942263240503 42.800639920740046
1524.6942263240503 42.800639920740046
1524.6942263240503 42.800639920740046
1524.6942263240503 42.800639920740046
1524.6942263240503 42.800639920740046
1524.6942263240503 42.800639920740046
1524.6942263240503 42.800639920740046
1524.6942263240503 42.800639920740046
1524.6942263240503 42.800639920740046
1524.6942263240503 42.800639920740046
1524.6942263240503 42.800639920740046
1524.6942263240503 42.800639920740046
1524.6942263240503 42.800639920740046
1524.6942263240503 42.800639920740046
1524.6942263240503 42.800639920740046
1524.6942263240503 42.800639920740046
1524.6942263240503 42.800639920740046
1524.6942263240503 42.800639920740046
1524.6942263240503 42.800639920740046
1524.6942263240503 42.800639920740046
1524.6942263240503 42.800639920740046
1524.6942263240503 42.800639920740046
1524.6942263240503 42.800639920740046
1524.6942263240503 42.800639920740046
1524.6942263240503 42.800639920740046
1524.6942263240503 42.800639920740046
1524.6942263240503 42.800639920740046
1517.6387330885443 42.80063992066361
1517.6387330885443 42.80063992066361
1517.6387330885443 42.80063992066361
1517.6387330885443 42.80063992066361
1517.6387330885443 42.80063992066361
1517.6387330885443 42.80063992066361
1517.6387330885443 42.80063992066361
1524.6942263240503 42.800639920740046
1524.6942263240503 42.800639920740046
1524.6942263240503 42.800639920740046
1524.6942263240503 42.800639920740046
1524.6942263240503 42.800639920740046
1524.6942263240503 42.800639920740046
1524.6942263240503 42.800639920740046
1531.7497195596445 42.80063992084196
1531.7497195596445 42.80063992084196
1531.7497195596445 42.80063992084196
1531.7497195596445 42.80063992084196
1531.7497195596445 42.80063992084196
1531.7497195596445 42.80063992084196
