L-SRTDE
1545.860706031198 42.80063992112222
1559.971692503407 42.80063992150439
1567.0271857398202 42.80063992173369
1461.194787204648 42.800639920969346
1482.3612669114557 42.80063992066361
1461.194787204648 42.800639920969346
1404.7508413118812 42.800639922905695
1404.7508413118812 42.800639922905695
1411.8063345494031 42.80063992257448
1404.7508413118812 42.800639922905695
1362.4178818787234 42.80063992542805
1376.5288683581396 42.80063992448535
1397.6953480740192 42.80063992326239
1355.3623886382907 42.800639925937624
1383.5843615971735 42.80063992405222
1348.3068953973416 42.80063992647267
1327.1404156711424 42.8006399282307
1320.084922427875 42.80063992886766
1291.862949448126 42.80063993167035
1313.0294291839646 42.800639929530114
1298.9184426941154 42.80063993093146
1284.8074562013935 42.80063993243472
1298.9184426941154 42.80063993093146
1305.9739359393866 42.80063993021805
1263.6409764564823 42.80063993488073
1277.751962953892 42.80063993322458
1320.084922427875 42.80063992886766
1320.084922427875 42.80063992886766
1320.084922427875 42.80063992886766
1327.1404156711424 42.8006399282307
1313.0294291839646 42.800639929530114
1341.2514021558507 42.8006399270332
1320.084922427875 42.80063992886766
1320.084922427875 42.80063992886766
1313.0294291839646 42.800639929530114
1298.9184426941154 42.80063993093146
1284.8074562013935 42.80063993243472
1305.9739359393866 42.80063993021805
1298.9184426941154 42.80063993093146
1284.8074562013935 42.80063993243472
1277.751962953892 42.80063993322458
1334.1959089137927 42.8006399276192
1320.084922427875 42.80063992886766
1320.084922427875 42.80063992886766
1320.084922427875 42.80063992886766
1298.9184426941154 42.80063993093146
1327.1404156711424 42.8006399282307
1327.1404156711424 42.8006399282307
1327.1404156711424 42.8006399282307
1313.0294291839646 42.800639929530114
1313.0294291839646 42.800639929530114
1313.0294291839646 42.800639929530114
1327.1404156711424 42.8006399282307
1320.084922427875 42.80063992886766
1320.084922427875 42.80063992886766
1327.1404156711424 42.8006399282307
1334.1959089137927 42.8006399276192
1334.1959089137927 42.8006399276192
1341.2514021558507 42.8006399270332
1348.3068953973416 42.80063992647267
1341.2514021558507 42.8006399270332
1334.1959089137927 42.8006399276192
1341.2514021558507 42.8006399270332
1348.3068953973416 42.80063992647267
1348.3068953973416 42.80063992647267
1355.3623886382907 42.800639925937624
1348.3068953973416 42.80063992647267
1348.3068953973416 42.80063992647267
1341.2514021558507 42.8006399270332
1334.1959089137927 42.8006399276192
1327.1404156711424 42.8006399282307
1327.1404156711424 42.8006399282307
1327.1404156711424 42.8006399282307
1341.2514021558507 42.8006399270332
1341.2514021558507 42.8006399270332
1327.1404156711424 42.8006399282307
1320.084922427875 42.80063992886766
1327.1404156711424 42.8006399282307
1327.1404156711424 42.8006399282307
1320.084922427875 42.80063992886766
1327.1404156711424 42.8006399282307
1341.2514021558507 42.8006399270332
1355.3623886382907 42.800639925937624
1348.3068953973416 42.80063992647267
1348.3068953973416 42.80063992647267
1369.4733751186645 42.80063992494396
1369.4733751186645 42.80063992494396
1355.3623886382907 42.800639925937624
1362.4178818787234 42.80063992542805
1369.4733751186645 42.80063992494396
1376.5288683581396 42.80063992448535
1376.5288683581396 42.80063992448535
1383.5843615971735 42.80063992405222
1383.5843615971735 42.80063992405222
1376.5288683581396 42.80063992448535
1383.5843615971735 42.80063992405222
1383.5843615971735 42.80063992405222
1390.6398548357915 42.80063992364457
1383.5843615971735 42.80063992405222
1383.5843615971735 42.80063992405222
1383.5843615971735 42.80063992405222
1390.6398548357915 42.80063992364457
1390.6398548357915 42.80063992364457
1390.6398548357915 42.80063992364457
1390.6398548357915 42.80063992364457
1404.7508413118812 42.800639922905695
1411.8063345494031 42.80063992257448
1397.6953480740192 42.80063992326239
1397.6953480740192 42.80063992326239
1390.6398548357915 42.80063992364457
1404.7508413118812 42.800639922905695
1404.7508413118812 42.800639922905695
1404.7508413118812 42.800639922905695
1404.7508413118812 42.800639922905695
1411.8063345494031 42.80063992257448
1411.8063345494031 42.80063992257448
1425.9173210235272 42.80063992198848
1432.9728142601798 42.80063992173369
1418.86182778661 42.800639922268736
1425.9173210235274 42.80063992198848
1418.86182778661 42.800639922268736
1411.8063345494031 42.80063992257448
1411.8063345494031 42.80063992257448
1418.86182778661 42.800639922268736
1418.86182778661 42.800639922268736
1411.8063345494031 42.80063992257448
1418.86182778661 42.800639922268736
1432.9728142601798 42.80063992173369
1447.0838007327918 42.800639921300565
1432.9728142601798 42.80063992173369
1432.9728142601798 42.80063992173369
1432.9728142601798 42.80063992173369
1447.0838007327918 42.800639921300565
1447.0838007327918 42.800639921300565
1447.0838007327918 42.800639921300565
1447.0838007327918 42.800639921300565
1440.028307496593 42.80063992150439
1447.0838007327918 42.800639921300565
1440.028307496593 42.80063992150439
1432.9728142601798 42.80063992173369
1432.9728142601798 42.80063992173369
1432.9728142601798 42.80063992173369
1447.0838007327918 42.800639921300565
1447.0838007327918 42.800639921300565
1440.028307496593 42.80063992150439
1440.028307496593 42.80063992150439
1454.139293968802 42.80063992112222
1461.194787204648 42.800639920969346
1468.2502804403555 42.80063992084196
1468.2502804403555 42.80063992084196
1461.194787204648 42.800639920969346
1468.2502804403555 42.80063992084196
1468.2502804403555 42.80063992084196
1468.2502804403555 42.80063992084196
1475.3057736759497 42.800639920740046
1475.3057736759497 42.800639920740046
1482.3612669114557 42.80063992066361
1482.3612669114557 42.80063992066361
1482.3612669114557 42.80063992066361
1482.3612669114557 42.80063992066361
1496.4722533823037 42.80063992058718
1496.4722533823037 42.80063992058718
1503.5277466176963 42.80063992058718
1510.5832398531015 42.80063992061266
1510.5832398531015 42.80063992061266
1517.6387330885443 42.80063992066361
1510.5832398531015 42.80063992061266
1496.4722533823037 42.80063992058718
1503.5277466176963 42.80063992058718
1503.5277466176963 42.80063992058718
1503.5277466176963 42.80063992058718
1503.5277466176963 42.80063992058718
1510.5832398531015 42.80063992061266
1510.5832398531015 42.80063992061266
1510.5832398531015 42.80063992061266
1517.6387330885443 42.80063992066361
1517.6387330885443 42.80063992066361
1510.5832398531015 42.80063992061266
1517.6387330885443 42.80063992066361
1517.6387330885443 42.80063992066361
1510.5832398531015 42.80063992061266
1510.5832398531015 42.80063992061266
1503.5277466176963 42.80063992058718
1496.4722533823037 42.80063992058718
1489.4167601468985 42.80063992061266
1489.4167601468985 42.80063992061266
1482.3612669114557 42.80063992066361
1496.4722533823037 42.80063992058718
1496.4722533823037 42.80063992058718
1503.5277466176963 42.80063992058718
1503.5277466176963 42.80063992058718
1496.4722533823037 42.80063992058718
1496.4722533823037 42.80063992058718
1503.5277466176963 42.80063992058718
1503.5277466176963 42.80063992058718
1510.5832398531015 42.80063992061266
1510.5832398531015 42.80063992061266
1510.5832398531015 42.80063992061266
1510.5832398531015 42.80063992061266
1510.5832398531015 42.80063992061266
1517.6387330885443 42.80063992066361
1503.5277466176963 42.80063992058718
1517.6387330885443 42.80063992066361
1531.7497195596445 42.80063992084196
1531.7497195596445 42.80063992084196
1524.6942263240503 42.800639920740046
1524.6942263240503 42.800639920740046
1531.7497195596445 42.80063992084196
1538.805212795352 42.800639920969346
1531.7497195596445 42.80063992084196
1531.7497195596445 42.80063992084196
1531.7497195596445 42.80063992084196
1538.805212795352 42.800639920969346
1538.805212795352 42.800639920969346
1538.805212795352 42.800639920969346
1538.805212795352 42.800639920969346
1531.7497195596445 42.80063992084196
1524.6942263240503 42.800639920740046
1517.6387330885443 42.80063992066361
1517.6387330885443 42.80063992066361
1510.5832398531015 42.80063992061266
1510.5832398531015 42.80063992061266
1510.5832398531015 42.80063992061266
1510.5832398531015 42.80063992061266
1524.6942263240503 42.800639920740046
1524.6942263240503 42.800639920740046
1524.6942263240503 42.800639920740046
1524.6942263240503 42.800639920740046
1524.6942263240503 42.800639920740046
1531.7497195596445 42.80063992084196
1531.7497195596445 42.80063992084196
1531.7497195596445 42.80063992084196
1535.2774661774824 42.800639920902476
1535.2774661774824 42.800639920902476
1535.2774661774824 42.800639920902476
1535.2774661774824 42.800639920902476
1535.2774661774824 42.800639920902476
1535.2774661774824 42.800639920902476
1535.2774661774824 42.800639920902476
1535.2774661774824 42.800639920902476
1542.3329594132563 42.8006399210426
1542.3329594132563 42.8006399210426
1542.3329594132563 42.8006399210426
1535.2774661774824 42.800639920902476
1535.2774661774824 42.800639920902476
1542.3329594132563 42.8006399210426
1542.3329594132563 42.8006399210426
1542.3329594132563 42.8006399210426
1542.3329594132563 42.8006399210426
1542.3329594132563 42.8006399210426
1542.3329594132563 42.8006399210426
1542.3329594132563 42.8006399210426
1542.3329594132563 42.8006399210426
1542.3329594132563 42.8006399210426
1535.2774661774824 42.800639920902476
1535.2774661774824 42.800639920902476
1535.2774661774824 42.800639920902476
1535.2774661774824 42.800639920902476
1542.3329594132563 42.8006399210426
1542.3329594132563 42.8006399210426
1556.4439458852823 42.800639921399295
1556.4439458852823 42.800639921399295
1556.4439458852823 42.800639921399295
1556.4439458852823 42.800639921399295
1549.388452649181 42.80063992120821
1556.4439458852823 42.800639921399295
1563.4994391215853 42.80063992161586
1563.4994391215853 42.80063992161586
1570.554932358115 42.80063992185791
1563.4994391215853 42.80063992161586
1570.554932358115 42.80063992185791
1570.554932358115 42.80063992185791
1570.554932358115 42.80063992185791
1570.554932358115 42.80063992185791
1570.554932358115 42.80063992185791
1570.554932358115 42.80063992185791
1570.554932358115 42.80063992185791
1570.554932358115 42.80063992185791
1563.4994391215853 42.80063992161586
1577.6104255948967 42.80063992212542
1570.554932358115 42.80063992185791
1570.554932358115 42.80063992185791
1577.6104255948967 42.80063992212542
1577.6104255948967 42.80063992212542
1577.6104255948967 42.80063992212542
1577.6104255948967 42.80063992212542
1570.554932358115 42.80063992185791
1577.6104255948967 42.80063992212542
1577.6104255948967 42.80063992212542
1577.6104255948967 42.80063992212542
1584.6659188319554 42.800639922418426
1570.554932358115 42.80063992185791
1570.554932358115 42.80063992185791
1570.554932358115 42.80063992185791
1570.554932358115 42.80063992185791
1563.4994391215853 42.80063992161586
1570.554932358115 42.80063992185791
1570.554932358115 42.80063992185791
1577.6104255948967 42.80063992212542
1577.6104255948967 42.80063992212542
1577.6104255948967 42.80063992212542
1577.6104255948967 42.80063992212542
1577.6104255948967 42.80063992212542
1577.6104255948967 42.80063992212542
1577.6104255948967 42.80063992212542
1577.6104255948967 42.80063992212542
1577.6104255948967 42.80063992212542
1591.7214120693168 42.8006399227369
1591.7214120693168 42.8006399227369
1591.7214120693168 42.8006399227369
1591.7214120693168 42.8006399227369
1591.7214120693168 42.8006399227369
1591.7214120693168 42.8006399227369
1591.7214120693168 42.8006399227369
1591.7214120693168 42.8006399227369
1591.7214120693168 42.8006399227369
1591.7214120693168 42.8006399227369
1591.7214120693168 42.8006399227369
1598.7769053070058 42.80063992308086
1598.7769053070058 42.80063992308086
1605.8323985450475 42.80063992345029
1605.8323985450475 42.80063992345029
1605.8323985450475 42.80063992345029
1605.8323985450475 42.80063992345029
1605.8323985450475 42.80063992345029
1598.7769053070058 42.80063992308086
1605.8323985450475 42.80063992345029
1598.7769053070058 42.80063992308086
1605.8323985450475 42.80063992345029
1598.7769053070058 42.80063992308086
1598.7769053070058 42.80063992308086
1598.7769053070058 42.80063992308086
1598.7769053070058 42.80063992308086
1598.7769053070058 42.80063992308086
1598.7769053070058 42.80063992308086
1598.7769053070058 42.80063992308086
1598.7769053070058 42.80063992308086
1598.7769053070058 42.80063992308086
1598.7769053070058 42.80063992308086
1612.887891783467 42.8006399238452
1605.8323985450475 42.80063992345029
1598.7769053070058 42.80063992308086
1598.7769053070058 42.80063992308086
1598.7769053070058 42.80063992308086
1598.7769053070058 42.80063992308086
1598.7769053070058 42.80063992308086
1605.8323985450475 42.80063992345029
1598.7769053070058 42.80063992308086
1605.8323985450475 42.80063992345029
1605.8323985450475 42.80063992345029
1605.8323985450475 42.80063992345029
1605.8323985450475 42.80063992345029
1605.8323985450475 42.80063992345029
1605.8323985450475 42.80063992345029
1605.8323985450475 42.80063992345029
1605.8323985450475 42.80063992345029
1598.7769053070058 42.80063992308086
1598.7769053070058 42.80063992308086
1598.7769053070058 42.80063992308086
1605.8323985450475 42.80063992345029
1605.8323985450475 42.80063992345029
1605.8323985450475 42.80063992345029
1612.887891783467 42.8006399238452
1612.887891783467 42.8006399238452
1612.887891783467 42.8006399238452
1612.887891783467 42.8006399238452
1612.887891783467 42.8006399238452
1612.887891783467 42.8006399238452
1612.887891783467 42.8006399238452
1612.887891783467 42.8006399238452
1612.887891783467 42.8006399238452
1612.887891783467 42.8006399238452
1605.8323985450475 42.80063992345029
1605.8323985450475 42.80063992345029
1605.8323985450475 42.80063992345029
1598.7769053070058 42.80063992308086
1598.7769053070058 42.80063992308086
1605.8323985450475 42.80063992345029
1605.8323985450475 42.80063992345029
1605.8323985450475 42.80063992345029
1605.8323985450475 42.80063992345029
1605.8323985450475 42.80063992345029
1605.8323985450475 42.80063992345029
1612.887891783467 42.8006399238452
1612.887891783467 42.8006399238452
1612.887891783467 42.8006399238452
1619.94338502229 42.800639924265596
1626.9988782615412 42.80063992471147
1626.9988782615412 42.80063992471147
1619.94338502229 42.800639924265596
1619.94338502229 42.800639924265596
1619.94338502229 42.800639924265596
1619.94338502229 42.800639924265596
1619.94338502229 42.800639924265596
1619.94338502229 42.800639924265596
1619.94338502229 42.800639924265596
1612.887891783467 42.8006399238452
1612.887891783467 42.8006399238452
1605.8323985450475 42.80063992345029
1605.8323985450475 42.80063992345029
1605.8323985450475 42.80063992345029
1605.8323985450475 42.80063992345029
1605.8323985450475 42.80063992345029
1605.8323985450475 42.80063992345029
1605.8323985450475 42.80063992345029
1605.8323985450475 42.80063992345029
1605.8323985450475 42.80063992345029
1605.8323985450475 42.80063992345029
1612.887891783467 42.8006399238452
1612.887891783467 42.8006399238452
1605.8323985450475 42.80063992345029
1605.8323985450475 42.80063992345029
1605.8323985450475 42.80063992345029
1605.8323985450475 42.80063992345029
1605.8323985450475 42.80063992345029
1598.7769053070058 42.80063992308086
1591.7214120693168 42.8006399227369
1591.7214120693168 42.8006399227369
1605.8323985450475 42.80063992345029
1605.8323985450475 42.80063992345029
1605.8323985450475 42.80063992345029
1605.8323985450475 42.80063992345029
1605.8323985450475 42.80063992345029
1598.7769053070058 42.80063992308086
1598.7769053070058 42.80063992308086
1598.7769053070058 42.80063992308086
1598.7769053070058 42.80063992308086
1605.8323985450475 42.80063992345029
1605.8323985450475 42.80063992345029
1612.887891783467 42.8006399238452
1612.887891783467 42.8006399238452
1612.887891783467 42.8006399238452
1626.9988782615412 42.80063992471147
1626.9988782615412 42.80063992471147
1626.9988782615412 42.80063992471147
1626.9988782615412 42.80063992471147
1626.9988782615412 42.80063992471147
1626.9988782615412 42.80063992471147
1626.9988782615412 42.80063992471147
1626.9988782615412 42.80063992471147
1626.9988782615412 42.80063992471147
1619.94338502229 42.800639924265596
1619.94338502229 42.800639924265596
1619.94338502229 42.800639924265596
1637.5821181212766 42.80063992542805
1637.5821181212766 42.80063992542805
1637.5821181212766 42.80063992542805
1644.6376113617093 42.800639925937624
1644.6376113617093 42.800639925937624
1651.6931046026584 42.80063992647267
1651.6931046026584 42.80063992647267
1651.6931046026584 42.80063992647267
1651.6931046026584 42.80063992647267
1651.6931046026584 42.80063992647267
1651.6931046026584 42.80063992647267
1651.6931046026584 42.80063992647267
1651.6931046026584 42.80063992647267
1651.6931046026584 42.80063992647267
1651.6931046026584 42.80063992647267
1651.6931046026584 42.80063992647267
1651.6931046026584 42.80063992647267
1651.6931046026584 42.80063992647267
1651.6931046026584 42.80063992647267
1658.7485978441493 42.8006399270332
1658.7485978441493 42.8006399270332
1658.7485978441493 42.8006399270332
1658.7485978441493 42.8006399270332
1658.7485978441493 42.8006399270332
1658.7485978441493 42.8006399270332
1658.7485978441493 42.8006399270332
1658.7485978441493 42.8006399270332
1658.7485978441493 42.8006399270332
1658.7485978441493 42.8006399270332
1658.7485978441493 42.8006399270332
1651.6931046026584 42.80063992647267
1651.6931046026584 42.80063992647267
1651.6931046026584 42.80063992647267
1651.6931046026584 42.80063992647267
1651.6931046026584 42.80063992647267
1644.6376113617093 42.800639925937624
1644.6376113617093 42.800639925937624
1644.6376113617093 42.800639925937624
1644.6376113617093 42.800639925937624
1644.6376113617093 42.800639925937624
1644.6376113617093 42.800639925937624
1644.6376113617093 42.800639925937624
1644.6376113617093 42.800639925937624
1641.1098647414299 42.800639925679654
1641.1098647414299 42.800639925679654
1641.1098647414299 42.800639925679654
1634.0543715012464 42.80063992518283
1634.0543715012464 42.80063992518283
1634.0543715012464 42.80063992518283
1634.0543715012464 42.80063992518283
1634.0543715012464 42.80063992518283
1634.0543715012464 42.80063992518283
1634.0543715012464 42.80063992518283
1634.0543715012464 42.80063992518283
1634.0543715012464 42.80063992518283
1634.0543715012464 42.80063992518283
1634.0543715012464 42.80063992518283
1634.0543715012464 42.80063992518283
1634.0543715012464 42.80063992518283
1634.0543715012464 42.80063992518283
1626.9988782615412 42.80063992471147
1626.9988782615412 42.80063992471147
1626.9988782615412 42.80063992471147
1626.9988782615412 42.80063992471147
1626.9988782615412 42.80063992471147
1626.9988782615412 42.80063992471147
1623.4711316418604 42.80063992448535
1623.4711316418604 42.80063992448535
1623.4711316418604 42.80063992448535
1623.4711316418604 42.80063992448535
1623.4711316418604 42.80063992448535
1626.9988782615412 42.80063992471147
1626.9988782615412 42.80063992471147
1626.9988782615412 42.80063992471147
1626.9988782615412 42.80063992471147
1626.9988782615412 42.80063992471147
1626.9988782615412 42.80063992471147
1626.9988782615412 42.80063992471147
1626.9988782615412 42.80063992471147
1626.9988782615412 42.80063992471147
1626.9988782615412 42.80063992471147
1626.9988782615412 42.80063992471147
1626.9988782615412 42.80063992471147
1626.9988782615412 42.80063992471147
1626.9988782615412 42.80063992471147
1626.9988782615412 42.80063992471147
1634.0543715012464 42.80063992518283
1641.1098647414299 42.800639925679654
1641.1098647414299 42.800639925679654
1634.0543715012464 42.80063992518283
1634.0543715012464 42.80063992518283
1634.0543715012464 42.80063992518283
1634.0543715012464 42.80063992518283
1634.0543715012464 42.80063992518283
1648.1653579821177 42.80063992620196
1648.1653579821177 42.80063992620196
1648.1653579821177 42.80063992620196
1641.1098647414299 42.800639925679654
1641.1098647414299 42.800639925679654
1634.0543715012464 42.80063992518283
1634.0543715012464 42.80063992518283
1634.0543715012464 42.80063992518283
1634.0543715012464 42.80063992518283
1634.0543715012464 42.80063992518283
1634.0543715012464 42.80063992518283
1634.0543715012464 42.80063992518283
1634.0543715012464 42.80063992518283
1634.0543715012464 42.80063992518283
1634.0543715012464 42.80063992518283
1634.0543715012464 42.80063992518283
1630.5266248813355 42.80063992494396
1644.6376113617093 42.800639925937624
1644.6376113617093 42.800639925937624
1644.6376113617093 42.800639925937624
1644.6376113617093 42.800639925937624
1644.6376113617093 42.800639925937624
1644.6376113617093 42.800639925937624
1644.6376113617093 42.800639925937624
1644.6376113617093 42.800639925937624
1641.1098647414299 42.800639925679654
1655.2208512233346 42.80063992674975
1655.2208512233346 42.80063992674975
1655.2208512233346 42.80063992674975
1655.2208512233346 42.80063992674975
1655.2208512233346 42.80063992674975
1648.1653579821177 42.80063992620196
1648.1653579821177 42.80063992620196
1648.1653579821177 42.80063992620196
1648.1653579821177 42.80063992620196
1648.1653579821177 42.80063992620196
1648.1653579821177 42.80063992620196
1648.1653579821177 42.80063992620196
1648.1653579821177 42.80063992620196
1648.1653579821177 42.80063992620196
1648.1653579821177 42.80063992620196
1648.1653579821177 42.80063992620196
1651.6931046026584 42.80063992647267
1651.6931046026584 42.80063992647267
1651.6931046026584 42.80063992647267
1651.6931046026584 42.80063992647267
1658.7485978441493 42.8006399270332
1655.2208512233346 42.80063992674975
1655.2208512233346 42.80063992674975
1655.2208512233346 42.80063992674975
1662.276344465106 42.80063992732302
1662.276344465106 42.80063992732302
1662.276344465106 42.80063992732302
1662.276344465106 42.80063992732302
1651.6931046026584 42.80063992647267
1651.6931046026584 42.80063992647267
1651.6931046026584 42.80063992647267
1658.7485978441493 42.8006399270332
1658.7485978441493 42.8006399270332
1658.7485978441493 42.8006399270332
1658.7485978441493 42.8006399270332
1658.7485978441493 42.8006399270332
1658.7485978441493 42.8006399270332
1658.7485978441493 42.8006399270332
1658.7485978441493 42.8006399270332
1655.2208512233346 42.80063992674975
1655.2208512233346 42.80063992674975
1655.2208512233346 42.80063992674975
1655.2208512233346 42.80063992674975
1655.2208512233346 42.80063992674975
1655.2208512233346 42.80063992674975
1655.2208512233346 42.80063992674975
1655.2208512233346 42.80063992674975
1655.2208512233346 42.80063992674975
1655.2208512233346 42.80063992674975
1655.2208512233346 42.80063992674975
1655.2208512233346 42.80063992674975
1655.2208512233346 42.80063992674975
1655.2208512233346 42.80063992674975
1655.2208512233346 42.80063992674975
1655.2208512233346 42.80063992674975
1655.2208512233346 42.80063992674975
1655.2208512233346 42.80063992674975
1655.2208512233346 42.80063992674975
1655.2208512233346 42.80063992674975
1648.1653579821177 42.80063992620196
1648.1653579821177 42.80063992620196
1648.1653579821177 42.80063992620196
1648.1653579821177 42.80063992620196
1648.1653579821177 42.80063992620196
1662.276344465106 42.80063992732302
1662.276344465106 42.80063992732302
1662.276344465106 42.80063992732302
1662.276344465106 42.80063992732302
1662.276344465106 42.80063992732302
1662.276344465106 42.80063992732302
1662.276344465106 42.80063992732302
1662.276344465106 42.80063992732302
1662.276344465106 42.80063992732302
1662.276344465106 42.80063992732302
1662.276344465106 42.80063992732302
1662.276344465106 42.80063992732302
1662.276344465106 42.80063992732302
1655.2208512233346 42.80063992674975
1655.2208512233346 42.80063992674975
1662.276344465106 42.80063992732302
1662.276344465106 42.80063992732302
1662.276344465106 42.80063992732302
1662.276344465106 42.80063992732302
1662.276344465106 42.80063992732302
1662.276344465106 42.80063992732302
1648.1653579821177 42.80063992620196
1655.2208512233346 42.80063992674975
1655.2208512233346 42.80063992674975
1655.2208512233346 42.80063992674975
1662.276344465106 42.80063992732302
1662.276344465106 42.80063992732302
1662.276344465106 42.80063992732302
1662.276344465106 42.80063992732302
1662.276344465106 42.80063992732302
1662.276344465106 42.80063992732302
1662.276344465106 42.80063992732302
1655.2208512233346 42.80063992674975
1655.2208512233346 42.80063992674975
1655.2208512233346 42.80063992674975
1655.2208512233346 42.80063992674975
1655.2208512233346 42.80063992674975
1655.2208512233346 42.80063992674975
1655.2208512233346 42.80063992674975
1655.2208512233346 42.80063992674975
1655.2208512233346 42.80063992674975
1655.2208512233346 42.80063992674975
1655.2208512233346 42.80063992674975
1655.2208512233346 42.80063992674975
1655.2208512233346 42.80063992674975
1676.3873309504127 42.800639928546005
1676.3873309504127 42.800639928546005
1683.4428241939984 42.800639929195704
1672.8595843288576 42.8006399282307
1679.915077572125 42.80063992886766
1679.915077572125 42.80063992886766
1679.915077572125 42.80063992886766
1679.915077572125 42.80063992886766
1679.915077572125 42.80063992886766
1679.915077572125 42.80063992886766
1686.9705708160354 42.800639929530114
1694.0260640606134 42.80063993021805
1694.0260640606134 42.80063993021805
1715.1925437986065 42.80063993243472
1715.1925437986065 42.80063993243472
1715.1925437986065 42.80063993243472
1715.1925437986065 42.80063993243472
1715.1925437986065 42.80063993243472
1715.1925437986065 42.80063993243472
1715.1925437986065 42.80063993243472
1715.1925437986065 42.80063993243472
1715.1925437986065 42.80063993243472
1715.1925437986065 42.80063993243472
1715.1925437986065 42.80063993243472
1715.1925437986065 42.80063993243472
1722.248037046108 42.80063993322458
1729.3035302944033 42.800639934039914
1729.3035302944033 42.800639934039914
1729.3035302944033 42.800639934039914
1729.3035302944033 42.800639934039914
1729.3035302944033 42.800639934039914
1729.3035302944033 42.800639934039914
1729.3035302944033 42.800639934039914
1729.3035302944033 42.800639934039914
1729.3035302944033 42.800639934039914
1729.3035302944033 42.800639934039914
1729.3035302944033 42.800639934039914
1729.3035302944033 42.800639934039914
1729.3035302944033 42.800639934039914
1729.3035302944033 42.800639934039914
1729.3035302944033 42.800639934039914
1729.3035302944033 42.800639934039914
1729.3035302944033 42.800639934039914
1729.3035302944033 42.800639934039914
1729.3035302944033 42.800639934039914
1729.3035302944033 42.800639934039914
1729.3035302944033 42.800639934039914
1729.3035302944033 42.800639934039914
1729.3035302944033 42.800639934039914
1729.3035302944033 42.800639934039914
1729.3035302944033 42.800639934039914
1729.3035302944033 42.800639934039914
1729.3035302944033 42.800639934039914
1729.3035302944033 42.800639934039914
1729.3035302944033 42.800639934039914
1729.3035302944033 42.800639934039914
1729.3035302944033 42.800639934039914
1729.3035302944033 42.800639934039914
1736.3590235435177 42.80063993488073
1736.3590235435177 42.80063993488073
1736.3590235435177 42.80063993488073
1736.3590235435177 42.80063993488073
1736.3590235435177 42.80063993488073
1736.3590235435177 42.80063993488073
1736.3590235435177 42.80063993488073
1736.3590235435177 42.80063993488073
1736.3590235435177 42.80063993488073
1743.414516793476 42.80063993574702
1743.414516793476 42.80063993574702
1743.414516793476 42.80063993574702
1743.414516793476 42.80063993574702
1743.414516793476 42.80063993574702
1750.4700100443042 42.80063993663882
1750.4700100443042 42.80063993663882
1750.4700100443042 42.80063993663882
1750.4700100443042 42.80063993663882
1750.4700100443042 42.80063993663882
1750.4700100443042 42.80063993663882
1750.4700100443042 42.80063993663882
1750.4700100443042 42.80063993663882
1750.4700100443042 42.80063993663882
1750.4700100443042 42.80063993663882
1757.5255032960267 42.80063993755607
1757.5255032960267 42.80063993755607
1757.5255032960267 42.80063993755607
1757.5255032960267 42.80063993755607
1757.5255032960267 42.80063993755607
1757.5255032960267 42.80063993755607
1757.5255032960267 42.80063993755607
1757.5255032960267 42.80063993755607
1757.5255032960267 42.80063993755607
1757.5255032960267 42.80063993755607
1757.5255032960267 42.80063993755607
1757.5255032960267 42.80063993755607
1757.5255032960267 42.80063993755607
1757.5255032960267 42.80063993755607
1757.5255032960267 42.80063993755607
1757.5255032960267 42.80063993755607
1757.5255032960267 42.80063993755607
1757.5255032960267 42.80063993755607
1757.5255032960267 42.80063993755607
1757.5255032960267 42.80063993755607
1757.5255032960267 42.80063993755607
1757.5255032960267 42.80063993755607
1757.5255032960267 42.80063993755607
1757.5255032960267 42.80063993755607
1757.5255032960267 42.80063993755607
1757.5255032960267 42.80063993755607
1757.5255032960267 42.80063993755607
1757.5255032960267 42.80063993755607
1757.5255032960267 42.80063993755607
1757.5255032960267 42.80063993755607
1757.5255032960267 42.80063993755607
1757.5255032960267 42.80063993755607
1757.5255032960267 42.80063993755607
1757.5255032960267 42.80063993755607
1757.5255032960267 42.80063993755607
1757.5255032960267 42.80063993755607
1757.5255032960267 42.80063993755607
1757.5255032960267 42.80063993755607
1757.5255032960267 42.80063993755607
1757.5255032960267 42.80063993755607
1757.5255032960267 42.80063993755607
1757.5255032960267 42.80063993755607
1757.5255032960267 42.80063993755607
1757.5255032960267 42.80063993755607
1757.5255032960267 42.80063993755607
1757.5255032960267 42.80063993755607
1757.5255032960267 42.80063993755607
1757.5255032960267 42.80063993755607
1757.5255032960267 42.80063993755607
1757.5255032960267 42.80063993755607
1757.5255032960267 42.80063993755607
1757.5255032960267 42.80063993755607
1757.5255032960267 42.80063993755607
1757.5255032960267 42.80063993755607
1757.5255032960267 42.80063993755607
1757.5255032960267 42.80063993755607
1757.5255032960267 42.80063993755607
1757.5255032960267 42.80063993755607
1757.5255032960267 42.80063993755607
1757.5255032960267 42.80063993755607
1757.5255032960267 42.80063993755607
1757.5255032960267 42.80063993755607
1757.5255032960267 42.80063993755607
1757.5255032960267 42.80063993755607
1750.4700100443042 42.80063993663882
1750.4700100443042 42.80063993663882
1750.4700100443042 42.80063993663882
1750.4700100443042 42.80063993663882
1750.4700100443042 42.80063993663882
1750.4700100443042 42.80063993663882
1750.4700100443042 42.80063993663882
1750.4700100443042 42.80063993663882
1750.4700100443042 42.80063993663882
1750.4700100443042 42.80063993663882
1750.4700100443042 42.80063993663882
1750.4700100443042 42.80063993663882
1750.4700100443042 42.80063993663882
1750.4700100443042 42.80063993663882
1750.4700100443042 42.80063993663882
1750.4700100443042 42.80063993663882
1750.4700100443042 42.80063993663882
1750.4700100443042 42.80063993663882
1750.4700100443042 42.80063993663882
1750.4700100443042 42.80063993663882
1750.4700100443042 42.80063993663882
1750.4700100443042 42.80063993663882
1750.4700100443042 42.80063993663882
1750.4700100443042 42.80063993663882
1750.4700100443042 42.80063993663882
1750.4700100443042 42.80063993663882
1750.4700100443042 42.80063993663882
1750.4700100443042 42.80063993663882
1750.4700100443042 42.80063993663882
1750.4700100443042 42.80063993663882
1750.4700100443042 42.80063993663882
1750.4700100443042 42.80063993663882
1750.4700100443042 42.80063993663882
1750.4700100443042 42.80063993663882
1750.4700100443042 42.80063993663882
1750.4700100443042 42.80063993663882
1750.4700100443042 42.80063993663882
1743.414516793476 42.80063993574702
1736.3590235435177 42.80063993488073
1736.3590235435177 42.80063993488073
1736.3590235435177 42.80063993488073
1736.3590235435177 42.80063993488073
1736.3590235435177 42.80063993488073
1736.3590235435177 42.80063993488073
1736.3590235435177 42.80063993488073
1736.3590235435177 42.80063993488073
1736.3590235435177 42.80063993488073
1736.3590235435177 42.80063993488073
1736.3590235435177 42.80063993488073
1736.3590235435177 42.80063993488073
1736.3590235435177 42.80063993488073
1736.3590235435177 42.80063993488073
1736.3590235435177 42.80063993488073
1736.3590235435177 42.80063993488073
1736.3590235435177 42.80063993488073
1736.3590235435177 42.80063993488073
1736.3590235435177 42.80063993488073
1736.3590235435177 42.80063993488073
1736.3590235435177 42.80063993488073
1736.3590235435177 42.80063993488073
1736.3590235435177 42.80063993488073
1736.3590235435177 42.80063993488073
1736.3590235435177 42.80063993488073
1736.3590235435177 42.80063993488073
1736.3590235435177 42.80063993488073
1736.3590235435177 42.80063993488073
1736.3590235435177 42.80063993488073
1736.3590235435177 42.80063993488073
1736.3590235435177 42.80063993488073
1736.3590235435177 42.80063993488073
1736.3590235435177 42.80063993488073
1736.3590235435177 42.80063993488073
1736.3590235435177 42.80063993488073
1736.3590235435177 42.80063993488073
1736.3590235435177 42.80063993488073
1736.3590235435177 42.80063993488073
1736.3590235435177 42.80063993488073
1736.3590235435177 42.80063993488073
1736.3590235435177 42.80063993488073
1736.3590235435177 42.80063993488073
1736.3590235435177 42.80063993488073
1736.3590235435177 42.80063993488073
1736.3590235435177 42.80063993488073
1736.3590235435177 42.80063993488073
1736.3590235435177 42.80063993488073
1736.3590235435177 42.80063993488073
1736.3590235435177 42.80063993488073
1736.3590235435177 42.80063993488073
1736.3590235435177 42.80063993488073
1736.3590235435177 42.80063993488073
1736.3590235435177 42.80063993488073
1736.3590235435177 42.80063993488073
1736.3590235435177 42.80063993488073
1736.3590235435177 42.80063993488073
1736.3590235435177 42.80063993488073
1736.3590235435177 42.80063993488073
1736.3590235435177 42.80063993488073
1736.3590235435177 42.80063993488073
1736.3590235435177 42.80063993488073
1736.3590235435177 42.80063993488073
1736.3590235435177 42.80063993488073
1736.3590235435177 42.80063993488073
1736.3590235435177 42.80063993488073
1736.3590235435177 42.80063993488073
1736.3590235435177 42.80063993488073
1736.3590235435177 42.80063993488073
1736.3590235435177 42.80063993488073
1736.3590235435177 42.80063993488073
1736.3590235435177 42.80063993488073
1736.3590235435177 42.80063993488073
1736.3590235435177 42.80063993488073
1736.3590235435177 42.80063993488073
1736.3590235435177 42.80063993488073
1736.3590235435177 42.80063993488073
1736.3590235435177 42.80063993488073
1736.3590235435177 42.80063993488073
1736.3590235435177 42.80063993488073
1736.3590235435177 42.80063993488073
1736.3590235435177 42.80063993488073
1736.3590235435177 42.80063993488073
1736.3590235435177 42.80063993488073
1736.3590235435177 42.80063993488073
1736.3590235435177 42.80063993488073
1736.3590235435177 42.80063993488073
1736.3590235435177 42.80063993488073
1736.3590235435177 42.80063993488073
1736.3590235435177 42.80063993488073
1736.3590235435177 42.80063993488073
1736.3590235435177 42.80063993488073
1736.3590235435177 42.80063993488073
1736.3590235435177 42.80063993488073
1736.3590235435177 42.80063993488073
1736.3590235435177 42.80063993488073
1736.3590235435177 42.80063993488073
1736.3590235435177 42.80063993488073
1736.3590235435177 42.80063993488073
1736.3590235435177 42.80063993488073
1736.3590235435177 42.80063993488073
1729.3035302944033 42.800639934039914
1729.3035302944033 42.800639934039914
1729.3035302944033 42.800639934039914
1729.3035302944033 42.800639934039914
1729.3035302944033 42.800639934039914
1729.3035302944033 42.800639934039914
1729.3035302944033 42.800639934039914
1729.3035302944033 42.800639934039914
1729.3035302944033 42.800639934039914
1729.3035302944033 42.800639934039914
1729.3035302944033 42.800639934039914
1729.3035302944033 42.800639934039914
1736.3590235435177 42.80063993488073
1736.3590235435177 42.80063993488073
1736.3590235435177 42.80063993488073
1736.3590235435177 42.80063993488073
1736.3590235435177 42.80063993488073
1736.3590235435177 42.80063993488073
1736.3590235435177 42.80063993488073
1736.3590235435177 42.80063993488073
1736.3590235435177 42.80063993488073
1736.3590235435177 42.80063993488073
1736.3590235435177 42.80063993488073
1736.3590235435177 42.80063993488073
1736.3590235435177 42.80063993488073
1736.3590235435177 42.80063993488073
1736.3590235435177 42.80063993488073
1736.3590235435177 42.80063993488073
1729.3035302944033 42.800639934039914
1729.3035302944033 42.800639934039914
1729.3035302944033 42.800639934039914
1729.3035302944033 42.800639934039914
1729.3035302944033 42.800639934039914
1729.3035302944033 42.800639934039914
1729.3035302944033 42.800639934039914
1729.3035302944033 42.800639934039914
1729.3035302944033 42.800639934039914
1729.3035302944033 42.800639934039914
1729.3035302944033 42.800639934039914
1729.3035302944033 42.800639934039914
1729.3035302944033 42.800639934039914
1729.3035302944033 42.800639934039914
1729.3035302944033 42.800639934039914
