mLSHADE-RL
1475.3057736759497 42.800639920740046
1482.3612669114557 42.80063992066361
1418.86182778661 42.800639922268736
1404.7508413118812 42.800639922905695
1397.6953480740192 42.80063992326239
1397.6953480740192 42.80063992326239
1362.4178818787234 42.80063992542805
1376.5288683581396 42.80063992448535
1376.5288683581396 42.80063992448535
1355.3623886382907 42.800639925937624
1362.4178818787234 42.80063992542805
1362.4178818787234 42.80063992542805
1362.4178818787234 42.80063992542805
1348.3068953973416 42.80063992647267
1397.6953480740192 42.80063992326239
1390.6398548357915 42.80063992364457
1411.8063345494031 42.80063992257448
1404.7508413118812 42.800639922905695
1390.6398548357915 42.80063992364457
1404.7508413118812 42.800639922905695
1404.7508413118812 42.800639922905695
1411.8063345494031 42.80063992257448
1397.6953480740192 42.80063992326239
1411.8063345494031 42.80063992257448
1425.9173210235274 42.80063992198848
1418.86182778661 42.800639922268736
1404.7508413118812 42.800639922905695
1404.7508413118812 42.800639922905695
1411.8063345494031 42.80063992257448
1404.7508413118812 42.800639922905695
1404.7508413118812 42.800639922905695
1418.86182778661 42.800639922268736
1418.86182778661 42.800639922268736
1418.86182778661 42.800639922268736
1404.7508413118812 42.800639922905695
1404.7508413118812 42.800639922905695
1404.7508413118812 42.800639922905695
1404.7508413118812 42.800639922905695
1397.6953480740192 42.80063992326239
1390.6398548357915 42.80063992364457
1404.7508413118812 42.800639922905695
1397.6953480740192 42.80063992326239
1404.7508413118812 42.800639922905695
1404.7508413118812 42.800639922905695
1404.7508413118812 42.800639922905695
1404.7508413118812 42.800639922905695
1397.6953480740192 42.80063992326239
1397.6953480740192 42.80063992326239
1390.6398548357915 42.80063992364457
1425.9173210235274 42.80063992198848
1432.9728142601798 42.80063992173369
1404.7508413118812 42.800639922905695
1425.9173210235272 42.80063992198848
1425.9173210235272 42.80063992198848
1411.8063345494031 42.80063992257448
1404.7508413118812 42.800639922905695
1404.7508413118812 42.800639922905695
1404.7508413118812 42.800639922905695
1390.6398548357915 42.80063992364457
1404.7508413118812 42.800639922905695
1404.7508413118812 42.800639922905695
1404.7508413118812 42.800639922905695
1404.7508413118812 42.800639922905695
1404.7508413118812 42.800639922905695
1411.8063345494031 42.80063992257448
1411.8063345494031 42.80063992257448
1411.8063345494031 42.80063992257448
1418.86182778661 42.800639922268736
1411.8063345494031 42.80063992257448
1411.8063345494031 42.80063992257448
1411.8063345494031 42.80063992257448
1411.8063345494031 42.80063992257448
1425.9173210235274 42.80063992198848
1418.86182778661 42.800639922268736
1418.86182778661 42.800639922268736
1418.86182778661 42.800639922268736
1418.86182778661 42.800639922268736
1418.86182778661 42.800639922268736
1411.8063345494031 42.80063992257448
1418.86182778661 42.800639922268736
1411.8063345494031 42.80063992257448
1404.7508413118812 42.800639922905695
1397.6953480740192 42.80063992326239
1397.6953480740192 42.80063992326239
1383.5843615971735 42.80063992405222
1383.5843615971735 42.80063992405222
1383.5843615971735 42.80063992405222
1383.5843615971735 42.80063992405222
1383.5843615971735 42.80063992405222
1383.5843615971735 42.80063992405222
1383.5843615971735 42.80063992405222
1376.5288683581396 42.80063992448535
1376.5288683581396 42.80063992448535
1376.5288683581396 42.80063992448535
1376.5288683581396 42.80063992448535
1383.5843615971735 42.80063992405222
1383.5843615971735 42.80063992405222
1390.6398548357915 42.80063992364457
1383.5843615971735 42.80063992405222
1383.5843615971735 42.80063992405222
1383.5843615971735 42.80063992405222
1383.5843615971735 42.80063992405222
1383.5843615971735 42.80063992405222
1383.5843615971735 42.80063992405222
1383.5843615971735 42.80063992405222
1390.6398548357915 42.80063992364457
1390.6398548357915 42.80063992364457
1397.6953480740192 42.80063992326239
1397.6953480740192 42.80063992326239
1397.6953480740192 42.80063992326239
1404.7508413118812 42.800639922905695
1404.7508413118812 42.800639922905695
1404.7508413118812 42.800639922905695
1404.7508413118812 42.800639922905695
1404.7508413118812 42.800639922905695
1404.7508413118812 42.800639922905695
1404.7508413118812 42.800639922905695
1404.7508413118812 42.800639922905695
1404.7508413118812 42.800639922905695
1404.7508413118812 42.800639922905695
1418.86182778661 42.800639922268736
1425.9173210235272 42.80063992198848
1425.9173210235272 42.80063992198848
1425.9173210235272 42.80063992198848
1425.9173210235274 42.80063992198848
1425.9173210235274 42.80063992198848
1432.9728142601798 42.80063992173369
1425.9173210235272 42.80063992198848
1418.86182778661 42.800639922268736
1425.9173210235272 42.80063992198848
1425.9173210235272 42.80063992198848
1440.028307496593 42.80063992150439
1440.028307496593 42.80063992150439
1440.028307496593 42.80063992150439
1440.028307496593 42.80063992150439
1447.0838007327918 42.800639921300565
1447.0838007327918 42.800639921300565
1440.028307496593 42.80063992150439
1440.028307496593 42.80063992150439
1432.9728142601798 42.80063992173369
1440.028307496593 42.80063992150439
1440.028307496593 42.80063992150439
1440.028307496593 42.80063992150439
1447.0838007327918 42.800639921300565
1447.0838007327918 42.800639921300565
1454.139293968802 42.80063992112222
1454.139293968802 42.80063992112222
1454.139293968802 42.80063992112222
1454.139293968802 42.80063992112222
1454.139293968802 42.80063992112222
1454.139293968802 42.80063992112222
1454.139293968802 42.80063992112222
1454.139293968802 42.80063992112222
1454.139293968802 42.80063992112222
1447.0838007327918 42.800639921300565
1447.0838007327918 42.800639921300565
1447.0838007327918 42.800639921300565
1454.139293968802 42.80063992112222
1454.139293968802 42.80063992112222
1454.139293968802 42.80063992112222
1454.139293968802 42.80063992112222
1454.139293968802 42.80063992112222
1454.139293968802 42.80063992112222
1454.139293968802 42.80063992112222
1454.139293968802 42.80063992112222
1447.0838007327918 42.800639921300565
1454.139293968802 42.80063992112222
1447.0838007327918 42.800639921300565
1447.0838007327918 42.800639921300565
1468.2502804403555 42.80063992084196
1468.2502804403555 42.80063992084196
1468.2502804403555 42.80063992084196
1468.2502804403555 42.80063992084196
1468.2502804403555 42.80063992084196
1468.2502804403555 42.80063992084196
1468.2502804403555 42.80063992084196
1475.3057736759497 42.800639920740046
1475.3057736759497 42.800639920740046
1475.3057736759497 42.800639920740046
1475.3057736759497 42.800639920740046
1475.3057736759497 42.800639920740046
1482.3612669114557 42.80063992066361
1482.3612669114557 42.80063992066361
1475.3057736759497 42.800639920740046
1475.3057736759497 42.800639920740046
1475.3057736759497 42.800639920740046
1475.3057736759497 42.800639920740046
1482.3612669114557 42.80063992066361
1482.3612669114557 42.80063992066361
1482.3612669114557 42.80063992066361
1489.4167601468985 42.80063992061266
1489.4167601468985 42.80063992061266
1489.4167601468985 42.80063992061266
1482.3612669114557 42.80063992066361
1482.3612669114557 42.80063992066361
1482.3612669114557 42.80063992066361
1489.4167601468985 42.80063992061266
1489.4167601468985 42.80063992061266
1489.4167601468985 42.80063992061266
1489.4167601468985 42.80063992061266
1489.4167601468985 42.80063992061266
1489.4167601468985 42.80063992061266
1482.3612669114557 42.80063992066361
1482.3612669114557 42.80063992066361
1482.3612669114557 42.80063992066361
1482.3612669114557 42.80063992066361
1482.3612669114557 42.80063992066361
1482.3612669114557 42.80063992066361
1475.3057736759497 42.800639920740046
1468.2502804403555 42.80063992084196
1468.2502804403555 42.80063992084196
1468.2502804403555 42.80063992084196
1468.2502804403555 42.80063992084196
1468.2502804403555 42.80063992084196
1468.2502804403555 42.80063992084196
1468.2502804403555 42.80063992084196
1468.2502804403555 42.80063992084196
1468.2502804403555 42.80063992084196
1468.2502804403555 42.80063992084196
1468.2502804403555 42.80063992084196
1468.2502804403555 42.80063992084196
1468.2502804403555 42.80063992084196
1468.2502804403555 42.80063992084196
1468.2502804403555 42.80063992084196
1468.2502804403555 42.80063992084196
1468.2502804403555 42.80063992084196
1468.2502804403555 42.80063992084196
1468.2502804403555 42.80063992084196
1468.2502804403555 42.80063992084196
1468.2502804403555 42.80063992084196
1468.2502804403555 42.80063992084196
1468.2502804403555 42.80063992084196
1468.2502804403555 42.80063992084196
1468.2502804403555 42.80063992084196
1468.2502804403555 42.80063992084196
1468.2502804403555 42.80063992084196
1468.2502804403555 42.80063992084196
1468.2502804403555 42.80063992084196
1468.2502804403555 42.80063992084196
1468.2502804403555 42.80063992084196
1468.2502804403555 42.80063992084196
1468.2502804403555 42.80063992084196
1468.2502804403555 42.80063992084196
1468.2502804403555 42.80063992084196
1468.2502804403555 42.80063992084196
1468.2502804403555 42.80063992084196
1468.2502804403555 42.80063992084196
1468.2502804403555 42.80063992084196
1461.194787204648 42.800639920969346
1461.194787204648 42.800639920969346
1461.194787204648 42.800639920969346
1461.194787204648 42.800639920969346
1461.194787204648 42.800639920969346
1461.194787204648 42.800639920969346
1461.194787204648 42.800639920969346
1461.194787204648 42.800639920969346
1454.139293968802 42.80063992112222
1454.139293968802 42.80063992112222
1454.139293968802 42.80063992112222
1454.139293968802 42.80063992112222
1447.0838007327918 42.800639921300565
1447.0838007327918 42.800639921300565
1447.0838007327918 42.800639921300565
1447.0838007327918 42.800639921300565
1440.028307496593 42.80063992150439
1440.028307496593 42.80063992150439
1447.0838007327918 42.800639921300565
1447.0838007327918 42.800639921300565
1454.139293968802 42.80063992112222
1454.139293968802 42.80063992112222
1454.139293968802 42.80063992112222
1454.139293968802 42.80063992112222
1454.139293968802 42.80063992112222
1454.139293968802 42.80063992112222
1454.139293968802 42.80063992112222
1454.139293968802 42.80063992112222
1454.139293968802 42.80063992112222
1454.139293968802 42.80063992112222
1454.139293968802 42.80063992112222
1454.139293968802 42.80063992112222
1454.139293968802 42.80063992112222
1454.139293968802 42.80063992112222
1454.139293968802 42.80063992112222
1454.139293968802 42.80063992112222
1454.139293968802 42.80063992112222
1454.139293968802 42.80063992112222
1454.139293968802 42.80063992112222
1454.139293968802 42.80063992112222
1454.139293968802 42.80063992112222
1454.139293968802 42.80063992112222
1454.139293968802 42.80063992112222
1454.139293968802 42.80063992112222
1454.139293968802 42.80063992112222
1454.139293968802 42.80063992112222
1447.0838007327918 42.800639921300565
1443.5560541147177 42.800639921399295
1443.5560541147177 42.800639921399295
1443.5560541147177 42.800639921399295
1443.5560541147177 42.800639921399295
1443.5560541147177 42.800639921399295
1443.5560541147177 42.800639921399295
1443.5560541147177 42.800639921399295
1443.5560541147177 42.800639921399295
1443.5560541147177 42.800639921399295
1443.5560541147177 42.800639921399295
1429.445067641885 42.80063992185791
1429.445067641885 42.80063992185791
1429.445067641885 42.80063992185791
1429.445067641885 42.80063992185791
1429.445067641885 42.80063992185791
1429.445067641885 42.80063992185791
1429.445067641885 42.80063992185791
1429.445067641885 42.80063992185791
1429.445067641885 42.80063992185791
1429.445067641885 42.80063992185791
1429.445067641885 42.80063992185791
1429.445067641885 42.80063992185791
1429.445067641885 42.80063992185791
1429.445067641885 42.80063992185791
1429.445067641885 42.80063992185791
1429.445067641885 42.80063992185791
1429.445067641885 42.80063992185791
1429.445067641885 42.80063992185791
1429.445067641885 42.80063992185791
1429.445067641885 42.80063992185791
1429.445067641885 42.80063992185791
1429.445067641885 42.80063992185791
1429.445067641885 42.80063992185791
1429.445067641885 42.80063992185791
1429.445067641885 42.80063992185791
1429.445067641885 42.80063992185791
1429.445067641885 42.80063992185791
1429.445067641885 42.80063992185791
1429.445067641885 42.80063992185791
1429.445067641885 42.80063992185791
1422.3895744051033 42.80063992212542
1422.3895744051033 42.80063992212542
1422.3895744051033 42.80063992212542
1422.3895744051033 42.80063992212542
1422.3895744051033 42.80063992212542
1422.3895744051033 42.80063992212542
1422.3895744051033 42.80063992212542
1422.3895744051033 42.80063992212542
1422.3895744051033 42.80063992212542
1422.3895744051033 42.80063992212542
1422.3895744051033 42.80063992212542
1422.3895744051033 42.80063992212542
1415.3340811680446 42.800639922418426
1415.3340811680446 42.800639922418426
1415.3340811680446 42.800639922418426
1415.3340811680446 42.800639922418426
1415.3340811680446 42.800639922418426
1415.3340811680446 42.800639922418426
1415.3340811680446 42.800639922418426
1415.3340811680446 42.800639922418426
1415.3340811680446 42.800639922418426
1415.3340811680446 42.800639922418426
1415.3340811680446 42.800639922418426
1415.3340811680446 42.800639922418426
1408.2785879306832 42.8006399227369
1408.2785879306832 42.8006399227369
1408.2785879306832 42.8006399227369
1408.2785879306832 42.8006399227369
1408.2785879306832 42.8006399227369
1408.2785879306832 42.8006399227369
1408.2785879306832 42.8006399227369
1408.2785879306832 42.8006399227369
1408.2785879306832 42.8006399227369
1408.2785879306832 42.8006399227369
1408.2785879306832 42.8006399227369
1401.2230946929942 42.80063992308086
1401.2230946929942 42.80063992308086
1401.2230946929942 42.80063992308086
1401.2230946929942 42.80063992308086
1401.2230946929942 42.80063992308086
1401.2230946929942 42.80063992308086
1401.2230946929942 42.80063992308086
1401.2230946929942 42.80063992308086
1401.2230946929942 42.80063992308086
1401.2230946929942 42.80063992308086
1401.2230946929942 42.80063992308086
1401.2230946929942 42.80063992308086
1401.2230946929942 42.80063992308086
1401.2230946929942 42.80063992308086
1401.2230946929942 42.80063992308086
1401.2230946929942 42.80063992308086
1401.2230946929942 42.80063992308086
1401.2230946929942 42.80063992308086
1401.2230946929942 42.80063992308086
1401.2230946929942 42.80063992308086
1401.2230946929942 42.80063992308086
1401.2230946929942 42.80063992308086
1401.2230946929942 42.80063992308086
1401.2230946929942 42.80063992308086
1401.2230946929942 42.80063992308086
1394.1676014549525 42.80063992345029
1394.1676014549525 42.80063992345029
1394.1676014549525 42.80063992345029
1394.1676014549525 42.80063992345029
1394.1676014549525 42.80063992345029
1394.1676014549525 42.80063992345029
1394.1676014549525 42.80063992345029
1394.1676014549525 42.80063992345029
1394.1676014549525 42.80063992345029
1394.1676014549525 42.80063992345029
1394.1676014549525 42.80063992345029
1394.1676014549525 42.80063992345029
1394.1676014549525 42.80063992345029
1397.6953480740192 42.80063992326239
1397.6953480740192 42.80063992326239
1397.6953480740192 42.80063992326239
1401.2230946929942 42.80063992308086
1401.2230946929942 42.80063992308086
1401.2230946929942 42.80063992308086
1401.2230946929942 42.80063992308086
1401.2230946929942 42.80063992308086
1401.2230946929942 42.80063992308086
1401.2230946929942 42.80063992308086
1401.2230946929942 42.80063992308086
1401.2230946929942 42.80063992308086
1401.2230946929942 42.80063992308086
1401.2230946929942 42.80063992308086
1401.2230946929942 42.80063992308086
1401.2230946929942 42.80063992308086
1401.2230946929942 42.80063992308086
1401.2230946929942 42.80063992308086
1401.2230946929942 42.80063992308086
1401.2230946929942 42.80063992308086
1401.2230946929942 42.80063992308086
1401.2230946929942 42.80063992308086
1401.2230946929942 42.80063992308086
1401.2230946929942 42.80063992308086
1401.2230946929942 42.80063992308086
1401.2230946929942 42.80063992308086
1401.2230946929942 42.80063992308086
1401.2230946929942 42.80063992308086
1401.2230946929942 42.80063992308086
1401.2230946929942 42.80063992308086
1401.2230946929942 42.80063992308086
1401.2230946929942 42.80063992308086
1401.2230946929942 42.80063992308086
1401.2230946929942 42.80063992308086
1401.2230946929942 42.80063992308086
1401.2230946929942 42.80063992308086
1401.2230946929942 42.80063992308086
1401.2230946929942 42.80063992308086
1401.2230946929942 42.80063992308086
1401.2230946929942 42.80063992308086
1401.2230946929942 42.80063992308086
1401.2230946929942 42.80063992308086
1401.2230946929942 42.80063992308086
1401.2230946929942 42.80063992308086
1401.2230946929942 42.80063992308086
1401.2230946929942 42.80063992308086
1401.2230946929942 42.80063992308086
1401.2230946929942 42.80063992308086
1401.2230946929942 42.80063992308086
1401.2230946929942 42.80063992308086
1401.2230946929942 42.80063992308086
1401.2230946929942 42.80063992308086
1401.2230946929942 42.80063992308086
1401.2230946929942 42.80063992308086
1401.2230946929942 42.80063992308086
1401.2230946929942 42.80063992308086
1401.2230946929942 42.80063992308086
1401.2230946929942 42.80063992308086
1401.2230946929942 42.80063992308086
1408.2785879306832 42.8006399227369
1408.2785879306832 42.8006399227369
1408.2785879306832 42.8006399227369
1408.2785879306832 42.8006399227369
1408.2785879306832 42.8006399227369
1408.2785879306832 42.8006399227369
1408.2785879306832 42.8006399227369
1415.3340811680446 42.800639922418426
1415.3340811680446 42.800639922418426
1415.3340811680446 42.800639922418426
1415.3340811680446 42.800639922418426
1415.3340811680446 42.800639922418426
1415.3340811680446 42.800639922418426
1415.3340811680446 42.800639922418426
1415.3340811680446 42.800639922418426
1429.445067641885 42.80063992185791
1429.445067641885 42.80063992185791
1436.5005608784147 42.80063992161586
1436.5005608784147 42.80063992161586
1436.5005608784147 42.80063992161586
1436.5005608784147 42.80063992161586
1436.5005608784147 42.80063992161586
1436.5005608784147 42.80063992161586
1436.5005608784147 42.80063992161586
1436.5005608784147 42.80063992161586
1436.5005608784147 42.80063992161586
1436.5005608784147 42.80063992161586
1436.5005608784147 42.80063992161586
1436.5005608784147 42.80063992161586
1436.5005608784147 42.80063992161586
1436.5005608784147 42.80063992161586
1436.5005608784147 42.80063992161586
1436.5005608784147 42.80063992161586
1436.5005608784147 42.80063992161586
1436.5005608784147 42.80063992161586
1436.5005608784147 42.80063992161586
1436.5005608784147 42.80063992161586
1443.5560541147177 42.800639921399295
1443.5560541147177 42.800639921399295
1443.5560541147177 42.800639921399295
1443.5560541147177 42.800639921399295
1443.5560541147177 42.800639921399295
1443.5560541147177 42.800639921399295
1450.611547350819 42.80063992120821
1450.611547350819 42.80063992120821
1450.611547350819 42.80063992120821
1450.611547350819 42.80063992120821
1450.611547350819 42.80063992120821
1450.611547350819 42.80063992120821
1450.611547350819 42.80063992120821
1450.611547350819 42.80063992120821
1450.611547350819 42.80063992120821
1450.611547350819 42.80063992120821
1450.611547350819 42.80063992120821
1450.611547350819 42.80063992120821
1450.611547350819 42.80063992120821
1450.611547350819 42.80063992120821
1450.611547350819 42.80063992120821
1450.611547350819 42.80063992120821
1450.611547350819 42.80063992120821
1450.611547350819 42.80063992120821
1450.611547350819 42.80063992120821
1450.611547350819 42.80063992120821
1450.611547350819 42.80063992120821
1450.611547350819 42.80063992120821
1450.611547350819 42.80063992120821
1450.611547350819 42.80063992120821
1450.611547350819 42.80063992120821
1450.611547350819 42.80063992120821
1450.611547350819 42.80063992120821
1450.611547350819 42.80063992120821
1450.611547350819 42.80063992120821
1450.611547350819 42.80063992120821
1457.6670405867437 42.8006399210426
1457.6670405867437 42.8006399210426
1457.6670405867437 42.8006399210426
1457.6670405867437 42.8006399210426
1457.6670405867437 42.8006399210426
1457.6670405867437 42.8006399210426
1457.6670405867437 42.8006399210426
1457.6670405867437 42.8006399210426
1457.6670405867437 42.8006399210426
1457.6670405867437 42.8006399210426
1457.6670405867437 42.8006399210426
1457.6670405867437 42.8006399210426
1457.6670405867437 42.8006399210426
1457.6670405867437 42.8006399210426
1457.6670405867437 42.8006399210426
1457.6670405867437 42.8006399210426
1457.6670405867437 42.8006399210426
1457.6670405867437 42.8006399210426
1457.6670405867437 42.8006399210426
1457.6670405867437 42.8006399210426
1457.6670405867437 42.8006399210426
1457.6670405867437 42.8006399210426
1457.6670405867437 42.8006399210426
1457.6670405867437 42.8006399210426
1457.6670405867437 42.8006399210426
1457.6670405867437 42.8006399210426
1457.6670405867437 42.8006399210426
1457.6670405867437 42.8006399210426
1457.6670405867437 42.8006399210426
1464.7225338225176 42.800639920902476
1464.7225338225176 42.800639920902476
1464.7225338225176 42.800639920902476
1464.7225338225176 42.800639920902476
1471.7780270581652 42.80063992078782
1471.7780270581652 42.80063992078782
1471.7780270581652 42.80063992078782
1471.7780270581652 42.80063992078782
1471.7780270581652 42.80063992078782
1471.7780270581652 42.80063992078782
1471.7780270581652 42.80063992078782
1471.7780270581652 42.80063992078782
1471.7780270581652 42.80063992078782
1471.7780270581652 42.80063992078782
1471.7780270581652 42.80063992078782
1471.7780270581652 42.80063992078782
1471.7780270581652 42.80063992078782
1471.7780270581652 42.80063992078782
1471.7780270581652 42.80063992078782
1471.7780270581652 42.80063992078782
1471.7780270581652 42.80063992078782
1471.7780270581652 42.80063992078782
1471.7780270581652 42.80063992078782
1471.7780270581652 42.80063992078782
1471.7780270581652 42.80063992078782
1471.7780270581652 42.80063992078782
1457.6670405867437 42.8006399210426
1457.6670405867437 42.8006399210426
1457.6670405867437 42.8006399210426
1457.6670405867437 42.8006399210426
1464.7225338225176 42.800639920902476
1464.7225338225176 42.800639920902476
1464.7225338225176 42.800639920902476
1468.2502804403555 42.80063992084196
1475.3057736759497 42.800639920740046
1475.3057736759497 42.800639920740046
1475.3057736759497 42.800639920740046
1475.3057736759497 42.800639920740046
1468.2502804403555 42.80063992084196
1468.2502804403555 42.80063992084196
1468.2502804403555 42.80063992084196
1468.2502804403555 42.80063992084196
1468.2502804403555 42.80063992084196
1468.2502804403555 42.80063992084196
1468.2502804403555 42.80063992084196
1468.2502804403555 42.80063992084196
1468.2502804403555 42.80063992084196
1468.2502804403555 42.80063992084196
1468.2502804403555 42.80063992084196
1468.2502804403555 42.80063992084196
1468.2502804403555 42.80063992084196
1468.2502804403555 42.80063992084196
1468.2502804403555 42.80063992084196
1468.2502804403555 42.80063992084196
1475.3057736759497 42.800639920740046
1475.3057736759497 42.800639920740046
1475.3057736759497 42.800639920740046
1475.3057736759497 42.800639920740046
1475.3057736759497 42.800639920740046
1475.3057736759497 42.800639920740046
1475.3057736759497 42.800639920740046
1475.3057736759497 42.800639920740046
1475.3057736759497 42.800639920740046
1475.3057736759497 42.800639920740046
1475.3057736759497 42.800639920740046
1475.3057736759497 42.800639920740046
1475.3057736759497 42.800639920740046
1475.3057736759497 42.800639920740046
1475.3057736759497 42.800639920740046
1475.3057736759497 42.800639920740046
1475.3057736759497 42.800639920740046
1475.3057736759497 42.800639920740046
1475.3057736759497 42.800639920740046
1475.3057736759497 42.800639920740046
1468.2502804403555 42.80063992084196
1468.2502804403555 42.80063992084196
1468.2502804403555 42.80063992084196
1468.2502804403555 42.80063992084196
1468.2502804403555 42.80063992084196
1468.2502804403555 42.80063992084196
1475.3057736759497 42.800639920740046
1468.2502804403555 42.80063992084196
1468.2502804403555 42.80063992084196
1468.2502804403555 42.80063992084196
1468.2502804403555 42.80063992084196
1468.2502804403555 42.80063992084196
1468.2502804403555 42.80063992084196
1468.2502804403555 42.80063992084196
1468.2502804403555 42.80063992084196
1468.2502804403555 42.80063992084196
1468.2502804403555 42.80063992084196
1468.2502804403555 42.80063992084196
1468.2502804403555 42.80063992084196
1468.2502804403555 42.80063992084196
1468.2502804403555 42.80063992084196
1468.2502804403555 42.80063992084196
1468.2502804403555 42.80063992084196
1468.2502804403555 42.80063992084196
1468.2502804403555 42.80063992084196
1468.2502804403555 42.80063992084196
1468.2502804403555 42.80063992084196
1461.194787204648 42.800639920969346
1461.194787204648 42.800639920969346
1461.194787204648 42.800639920969346
1461.194787204648 42.800639920969346
1461.194787204648 42.800639920969346
1461.194787204648 42.800639920969346
1478.8335202937121 42.80063992069864
1478.8335202937121 42.80063992069864
1478.8335202937121 42.80063992069864
1478.8335202937121 42.80063992069864
1478.8335202937121 42.80063992069864
1478.8335202937121 42.80063992069864
1478.8335202937121 42.80063992069864
1478.8335202937121 42.80063992069864
1478.8335202937121 42.80063992069864
1478.8335202937121 42.80063992069864
1471.7780270581652 42.80063992078782
1471.7780270581652 42.80063992078782
1471.7780270581652 42.80063992078782
1471.7780270581652 42.80063992078782
1471.7780270581652 42.80063992078782
1471.7780270581652 42.80063992078782
1471.7780270581652 42.80063992078782
1471.7780270581652 42.80063992078782
1471.7780270581652 42.80063992078782
1471.7780270581652 42.80063992078782
1471.7780270581652 42.80063992078782
1471.7780270581652 42.80063992078782
1471.7780270581652 42.80063992078782
1471.7780270581652 42.80063992078782
1471.7780270581652 42.80063992078782
1471.7780270581652 42.80063992078782
1471.7780270581652 42.80063992078782
1471.7780270581652 42.80063992078782
1471.7780270581652 42.80063992078782
1471.7780270581652 42.80063992078782
1471.7780270581652 42.80063992078782
1471.7780270581652 42.80063992078782
1471.7780270581652 42.80063992078782
1471.7780270581652 42.80063992078782
1471.7780270581652 42.80063992078782
1471.7780270581652 42.80063992078782
1471.7780270581652 42.80063992078782
1471.7780270581652 42.80063992078782
1471.7780270581652 42.80063992078782
1471.7780270581652 42.80063992078782
1471.7780270581652 42.80063992078782
1471.7780270581652 42.80063992078782
1471.7780270581652 42.80063992078782
1471.7780270581652 42.80063992078782
1471.7780270581652 42.80063992078782
1464.7225338225176 42.800639920902476
1464.7225338225176 42.800639920902476
1464.7225338225176 42.800639920902476
1464.7225338225176 42.800639920902476
1464.7225338225176 42.800639920902476
1464.7225338225176 42.800639920902476
1464.7225338225176 42.800639920902476
1464.7225338225176 42.800639920902476
1464.7225338225176 42.800639920902476
1464.7225338225176 42.800639920902476
1464.7225338225176 42.800639920902476
1464.7225338225176 42.800639920902476
1464.7225338225176 42.800639920902476
1464.7225338225176 42.800639920902476
1464.7225338225176 42.800639920902476
1464.7225338225176 42.800639920902476
1464.7225338225176 42.800639920902476
1464.7225338225176 42.800639920902476
1464.7225338225176 42.800639920902476
1464.7225338225176 42.800639920902476
1464.7225338225176 42.800639920902476
1464.7225338225176 42.800639920902476
1457.6670405867437 42.8006399210426
1457.6670405867437 42.8006399210426
1457.6670405867437 42.8006399210426
1457.6670405867437 42.8006399210426
1457.6670405867437 42.8006399210426
1457.6670405867437 42.8006399210426
1457.6670405867437 42.8006399210426
1457.6670405867437 42.8006399210426
1457.6670405867437 42.8006399210426
1457.6670405867437 42.8006399210426
1457.6670405867437 42.8006399210426
1457.6670405867437 42.8006399210426
1457.6670405867437 42.8006399210426
1457.6670405867437 42.8006399210426
1457.6670405867437 42.8006399210426
1457.6670405867437 42.8006399210426
1457.6670405867437 42.8006399210426
1457.6670405867437 42.8006399210426
1457.6670405867437 42.8006399210426
1457.6670405867437 42.8006399210426
1457.6670405867437 42.8006399210426
1457.6670405867437 42.8006399210426
1457.6670405867437 42.8006399210426
1457.6670405867437 42.8006399210426
1457.6670405867437 42.8006399210426
1457.6670405867437 42.8006399210426
1457.6670405867437 42.8006399210426
1457.6670405867437 42.8006399210426
1457.6670405867437 42.8006399210426
1457.6670405867437 42.8006399210426
1457.6670405867437 42.8006399210426
1457.6670405867437 42.8006399210426
1457.6670405867437 42.8006399210426
1457.6670405867437 42.8006399210426
1457.6670405867437 42.8006399210426
1457.6670405867437 42.8006399210426
1457.6670405867437 42.8006399210426
1457.6670405867437 42.8006399210426
1457.6670405867437 42.8006399210426
1457.6670405867437 42.8006399210426
1457.6670405867437 42.8006399210426
1457.6670405867437 42.8006399210426
1457.6670405867437 42.8006399210426
1457.6670405867437 42.8006399210426
1457.6670405867437 42.8006399210426
1457.6670405867437 42.8006399210426
1457.6670405867437 42.8006399210426
1457.6670405867437 42.8006399210426
1457.6670405867437 42.8006399210426
1457.6670405867437 42.8006399210426
1457.6670405867437 42.8006399210426
1457.6670405867437 42.8006399210426
1457.6670405867437 42.8006399210426
1457.6670405867437 42.8006399210426
1457.6670405867437 42.8006399210426
1457.6670405867437 42.8006399210426
1457.6670405867437 42.8006399210426
1457.6670405867437 42.8006399210426
1457.6670405867437 42.8006399210426
1457.6670405867437 42.8006399210426
1457.6670405867437 42.8006399210426
1457.6670405867437 42.8006399210426
1457.6670405867437 42.8006399210426
1457.6670405867437 42.8006399210426
1457.6670405867437 42.8006399210426
1457.6670405867437 42.8006399210426
1457.6670405867437 42.8006399210426
1457.6670405867437 42.8006399210426
1457.6670405867437 42.8006399210426
1457.6670405867437 42.8006399210426
1457.6670405867437 42.8006399210426
1457.6670405867437 42.8006399210426
1457.6670405867437 42.8006399210426
1457.6670405867437 42.8006399210426
1457.6670405867437 42.8006399210426
1457.6670405867437 42.8006399210426
1457.6670405867437 42.8006399210426
1457.6670405867437 42.8006399210426
1457.6670405867437 42.8006399210426
1457.6670405867437 42.8006399210426
1457.6670405867437 42.8006399210426
1457.6670405867437 42.8006399210426
1457.6670405867437 42.8006399210426
1457.6670405867437 42.8006399210426
1457.6670405867437 42.8006399210426
1457.6670405867437 42.8006399210426
1464.7225338225176 42.800639920902476
1464.7225338225176 42.800639920902476
1464.7225338225176 42.800639920902476
1464.7225338225176 42.800639920902476
1464.7225338225176 42.800639920902476
1464.7225338225176 42.800639920902476
1464.7225338225176 42.800639920902476
1464.7225338225176 42.800639920902476
1464.7225338225176 42.800639920902476
1464.7225338225176 42.800639920902476
1464.7225338225176 42.800639920902476
1464.7225338225176 42.800639920902476
1464.7225338225176 42.800639920902476
1464.7225338225176 42.800639920902476
1464.7225338225176 42.800639920902476
1464.7225338225176 42.800639920902476
1464.7225338225176 42.800639920902476
1464.7225338225176 42.800639920902476
1464.7225338225176 42.800639920902476
1464.7225338225176 42.800639920902476
1464.7225338225176 42.800639920902476
1464.7225338225176 42.800639920902476
1471.7780270581652 42.80063992078782
1471.7780270581652 42.80063992078782
1471.7780270581652 42.80063992078782
1471.7780270581652 42.80063992078782
1471.7780270581652 42.80063992078782
1507.0554932353957 42.80063992059674
1514.1109864708167 42.80063992063495
1514.1109864708167 42.80063992063495
1514.1109864708167 42.80063992063495
1514.1109864708167 42.80063992063495
1514.1109864708167 42.80063992063495
1514.1109864708167 42.80063992063495
1514.1109864708167 42.80063992063495
1514.1109864708167 42.80063992063495
1514.1109864708167 42.80063992063495
1514.1109864708167 42.80063992063495
1514.1109864708167 42.80063992063495
1514.1109864708167 42.80063992063495
1514.1109864708167 42.80063992063495
1514.1109864708167 42.80063992063495
1514.1109864708167 42.80063992063495
1514.1109864708167 42.80063992063495
1514.1109864708167 42.80063992063495
1514.1109864708167 42.80063992063495
1521.1664797062879 42.80063992069864
1521.1664797062879 42.80063992069864
1521.1664797062879 42.80063992069864
1521.1664797062879 42.80063992069864
1521.1664797062879 42.80063992069864
1521.1664797062879 42.80063992069864
1521.1664797062879 42.80063992069864
1521.1664797062879 42.80063992069864
1521.1664797062879 42.80063992069864
1521.1664797062879 42.80063992069864
1521.1664797062879 42.80063992069864
1521.1664797062879 42.80063992069864
1521.1664797062879 42.80063992069864
1521.1664797062879 42.80063992069864
1521.1664797062879 42.80063992069864
1521.1664797062879 42.80063992069864
1521.1664797062879 42.80063992069864
1521.1664797062879 42.80063992069864
1521.1664797062879 42.80063992069864
1521.1664797062879 42.80063992069864
1521.1664797062879 42.80063992069864
1521.1664797062879 42.80063992069864
1521.1664797062879 42.80063992069864
1521.1664797062879 42.80063992069864
1521.1664797062879 42.80063992069864
1521.1664797062879 42.80063992069864
1521.1664797062879 42.80063992069864
1521.1664797062879 42.80063992069864
1528.2219729418348 42.80063992078782
1528.2219729418348 42.80063992078782
1528.2219729418348 42.80063992078782
1528.2219729418348 42.80063992078782
1528.2219729418348 42.80063992078782
1528.2219729418348 42.80063992078782
1528.2219729418348 42.80063992078782
1528.2219729418348 42.80063992078782
1528.2219729418348 42.80063992078782
1528.2219729418348 42.80063992078782
1528.2219729418348 42.80063992078782
1528.2219729418348 42.80063992078782
1528.2219729418348 42.80063992078782
1528.2219729418348 42.80063992078782
1528.2219729418348 42.80063992078782
1528.2219729418348 42.80063992078782
1528.2219729418348 42.80063992078782
1528.2219729418348 42.80063992078782
1528.2219729418348 42.80063992078782
1528.2219729418348 42.80063992078782
1528.2219729418348 42.80063992078782
1528.2219729418348 42.80063992078782
1528.2219729418348 42.80063992078782
1528.2219729418348 42.80063992078782
1528.2219729418348 42.80063992078782
1528.2219729418348 42.80063992078782
1528.2219729418348 42.80063992078782
1528.2219729418348 42.80063992078782
1528.2219729418348 42.80063992078782
1528.2219729418348 42.80063992078782
1528.2219729418348 42.80063992078782
1528.2219729418348 42.80063992078782
1528.2219729418348 42.80063992078782
1528.2219729418348 42.80063992078782
1528.2219729418348 42.80063992078782
1528.2219729418348 42.80063992078782
1535.2774661774824 42.800639920902476
1535.2774661774824 42.800639920902476
1535.2774661774824 42.800639920902476
1535.2774661774824 42.800639920902476
1535.2774661774824 42.800639920902476
1535.2774661774824 42.800639920902476
1535.2774661774824 42.800639920902476
1535.2774661774824 42.800639920902476
1535.2774661774824 42.800639920902476
1535.2774661774824 42.800639920902476
1535.2774661774824 42.800639920902476
1535.2774661774824 42.800639920902476
1535.2774661774824 42.800639920902476
1535.2774661774824 42.800639920902476
1535.2774661774824 42.800639920902476
1535.2774661774824 42.800639920902476
1535.2774661774824 42.800639920902476
1535.2774661774824 42.800639920902476
1528.2219729418348 42.80063992078782
1528.2219729418348 42.80063992078782
1528.2219729418348 42.80063992078782
1528.2219729418348 42.80063992078782
1528.2219729418348 42.80063992078782
1528.2219729418348 42.80063992078782
1528.2219729418348 42.80063992078782
1528.2219729418348 42.80063992078782
1528.2219729418348 42.80063992078782
1528.2219729418348 42.80063992078782
1528.2219729418348 42.80063992078782
1528.2219729418348 42.80063992078782
1528.2219729418348 42.80063992078782
1528.2219729418348 42.80063992078782
1528.2219729418348 42.80063992078782
1528.2219729418348 42.80063992078782
1528.2219729418348 42.80063992078782
1528.2219729418348 42.80063992078782
1535.2774661774824 42.800639920902476
1535.2774661774824 42.800639920902476
1535.2774661774824 42.800639920902476
1535.2774661774824 42.800639920902476
1535.2774661774824 42.800639920902476
1535.2774661774824 42.800639920902476
1535.2774661774824 42.800639920902476
1535.2774661774824 42.800639920902476
1535.2774661774824 42.800639920902476
1535.2774661774824 42.800639920902476
1535.2774661774824 42.800639920902476
1535.2774661774824 42.800639920902476
1535.2774661774824 42.800639920902476
1535.2774661774824 42.800639920902476
1535.2774661774824 42.800639920902476
1535.2774661774824 42.800639920902476
1535.2774661774824 42.800639920902476
1535.2774661774824 42.800639920902476
1535.2774661774824 42.800639920902476
1535.2774661774824 42.800639920902476
1535.2774661774824 42.800639920902476
1535.2774661774824 42.800639920902476
1535.2774661774824 42.800639920902476
1535.2774661774824 42.800639920902476
1535.2774661774824 42.800639920902476
