RDE
1143.697591071798 42.800639953073556
1143.697591071798 42.800639953073556
1200.1415371734374 42.80063994359479
1291.862949448126 42.80063993167035
1242.4744967039733 42.80063993755607
1291.862949448126 42.80063993167035
1320.084922427875 42.80063992886766
1277.751962953892 42.80063993322458
1305.9739359393866 42.80063993021805
1320.084922427875 42.80063992886766
1298.9184426941154 42.80063993093146
1341.2514021558507 42.8006399270332
1327.1404156711424 42.8006399282307
1348.3068953973416 42.80063992647267
1348.3068953973416 42.80063992647267
1383.5843615971735 42.80063992405222
1355.3623886382907 42.800639925937624
1397.6953480740192 42.80063992326239
1432.9728142601798 42.80063992173369
1425.9173210235272 42.80063992198848
1440.028307496593 42.80063992150439
1454.139293968802 42.80063992112222
1461.194787204648 42.800639920969346
1440.028307496593 42.80063992150439
1447.0838007327918 42.800639921300565
1447.0838007327918 42.800639921300565
1447.0838007327918 42.800639921300565
1454.139293968802 42.80063992112222
1461.194787204648 42.800639920969346
1447.0838007327918 42.800639921300565
1454.139293968802 42.80063992112222
1447.0838007327918 42.800639921300565
1454.139293968802 42.80063992112222
1425.9173210235272 42.80063992198848
1447.0838007327918 42.800639921300565
1482.3612669114557 42.80063992066361
1489.4167601468985 42.80063992061266
1496.4722533823037 42.80063992058718
1489.4167601468985 42.80063992061266
1503.5277466176963 42.80063992058718
1531.7497195596445 42.80063992084196
1503.5277466176963 42.80063992058718
1510.5832398531015 42.80063992061266
1510.5832398531015 42.80063992061266
1510.5832398531015 42.80063992061266
1496.4722533823037 42.80063992058718
1489.4167601468985 42.80063992061266
1503.5277466176963 42.80063992058718
1510.5832398531015 42.80063992061266
1503.5277466176963 42.80063992058718
1503.5277466176963 42.80063992058718
1524.6942263240503 42.800639920740046
1503.5277466176963 42.80063992058718
1524.6942263240503 42.800639920740046
1545.860706031198 42.80063992112222
1545.860706031198 42.80063992112222
1545.860706031198 42.80063992112222
1545.860706031198 42.80063992112222
1559.971692503407 42.80063992150439
1545.860706031198 42.80063992112222
1552.9161992672082 42.800639921300565
1545.860706031198 42.80063992112222
1545.860706031198 42.80063992112222
1538.805212795352 42.800639920969346
1559.971692503407 42.80063992150439
1559.971692503407 42.80063992150439
1567.0271857398202 42.80063992173369
1567.0271857398202 42.80063992173369
1574.0826789764726 42.80063992198848
1574.0826789764728 42.80063992198848
1574.0826789764728 42.80063992198848
1567.0271857398202 42.80063992173369
1574.0826789764728 42.80063992198848
1574.0826789764726 42.80063992198848
1567.0271857398202 42.80063992173369
1588.1936654505969 42.80063992257448
1595.2491586881188 42.800639922905695
1602.3046519259808 42.80063992326239
1602.3046519259808 42.80063992326239
1595.2491586881188 42.800639922905695
1595.2491586881188 42.800639922905695
1595.2491586881188 42.800639922905695
1581.13817221339 42.800639922268736
1588.1936654505969 42.80063992257448
1574.0826789764728 42.80063992198848
1559.971692503407 42.80063992150439
1552.9161992672082 42.800639921300565
1574.0826789764728 42.80063992198848
1588.1936654505969 42.80063992257448
1588.1936654505969 42.80063992257448
1595.2491586881188 42.800639922905695
1595.2491586881188 42.800639922905695
1588.1936654505969 42.80063992257448
1588.1936654505969 42.80063992257448
1602.3046519259808 42.80063992326239
1595.2491586881188 42.800639922905695
1602.3046519259808 42.80063992326239
1595.2491586881188 42.800639922905695
1602.3046519259808 42.80063992326239
1602.3046519259808 42.80063992326239
1602.3046519259808 42.80063992326239
1602.3046519259808 42.80063992326239
1616.4156384028265 42.80063992405222
1623.4711316418604 42.80063992448535
1623.4711316418604 42.80063992448535
1609.3601451642085 42.80063992364457
1609.3601451642085 42.80063992364457
1616.4156384028265 42.80063992405222
1616.4156384028265 42.80063992405222
1623.4711316418604 42.80063992448535
1616.4156384028265 42.80063992405222
1609.3601451642085 42.80063992364457
1609.3601451642085 42.80063992364457
1616.4156384028265 42.80063992405222
1609.3601451642085 42.80063992364457
1602.3046519259808 42.80063992326239
1602.3046519259808 42.80063992326239
1609.3601451642085 42.80063992364457
1609.3601451642085 42.80063992364457
1595.2491586881188 42.800639922905695
1595.2491586881188 42.800639922905695
1602.3046519259808 42.80063992326239
1602.3046519259808 42.80063992326239
1602.3046519259808 42.80063992326239
1602.3046519259808 42.80063992326239
1609.3601451642085 42.80063992364457
1595.2491586881188 42.800639922905695
1595.2491586881188 42.800639922905695
1595.2491586881188 42.800639922905695
1595.2491586881188 42.800639922905695
1595.2491586881188 42.800639922905695
1602.3046519259808 42.80063992326239
1602.3046519259808 42.80063992326239
1602.3046519259808 42.80063992326239
1602.3046519259808 42.80063992326239
1602.3046519259808 42.80063992326239
1609.3601451642085 42.80063992364457
1609.3601451642085 42.80063992364457
1623.4711316418604 42.80063992448535
1630.5266248813355 42.80063992494396
1630.5266248813355 42.80063992494396
1630.5266248813355 42.80063992494396
1630.5266248813355 42.80063992494396
1630.5266248813355 42.80063992494396
1616.4156384028265 42.80063992405222
1609.3601451642085 42.80063992364457
1595.2491586881188 42.800639922905695
1595.2491586881188 42.800639922905695
1588.1936654505969 42.80063992257448
1588.1936654505969 42.80063992257448
1595.2491586881188 42.800639922905695
1595.2491586881188 42.800639922905695
1595.2491586881188 42.800639922905695
1595.2491586881188 42.800639922905695
1595.2491586881188 42.800639922905695
1595.2491586881188 42.800639922905695
1588.1936654505969 42.80063992257448
1588.1936654505969 42.80063992257448
1588.1936654505969 42.80063992257448
1588.1936654505969 42.80063992257448
1574.0826789764726 42.80063992198848
1574.0826789764726 42.80063992198848
1581.13817221339 42.800639922268736
1581.13817221339 42.800639922268736
1581.13817221339 42.800639922268736
1574.0826789764728 42.80063992198848
1581.13817221339 42.800639922268736
1581.13817221339 42.800639922268736
1581.13817221339 42.800639922268736
1574.0826789764728 42.80063992198848
1574.0826789764726 42.80063992198848
1574.0826789764726 42.80063992198848
1567.0271857398202 42.80063992173369
1567.0271857398202 42.80063992173369
1574.0826789764728 42.80063992198848
1574.0826789764728 42.80063992198848
1574.0826789764728 42.80063992198848
1581.13817221339 42.800639922268736
1581.13817221339 42.800639922268736
1581.13817221339 42.800639922268736
1574.0826789764728 42.80063992198848
1567.0271857398202 42.80063992173369
1574.0826789764728 42.80063992198848
1588.1936654505969 42.80063992257448
1588.1936654505969 42.80063992257448
1581.13817221339 42.800639922268736
1581.13817221339 42.800639922268736
1574.0826789764728 42.80063992198848
1581.13817221339 42.800639922268736
1574.0826789764726 42.80063992198848
1574.0826789764728 42.80063992198848
1581.13817221339 42.800639922268736
1581.13817221339 42.800639922268736
1581.13817221339 42.800639922268736
1581.13817221339 42.800639922268736
1574.0826789764728 42.80063992198848
1581.13817221339 42.800639922268736
1588.1936654505969 42.80063992257448
1588.1936654505969 42.80063992257448
1588.1936654505969 42.80063992257448
1588.1936654505969 42.80063992257448
1581.13817221339 42.800639922268736
1581.13817221339 42.800639922268736
1574.0826789764728 42.80063992198848
1574.0826789764726 42.80063992198848
1581.13817221339 42.800639922268736
1581.13817221339 42.800639922268736
1595.2491586881188 42.800639922905695
1595.2491586881188 42.800639922905695
1602.3046519259808 42.80063992326239
1602.3046519259808 42.80063992326239
1602.3046519259808 42.80063992326239
1602.3046519259808 42.80063992326239
1602.3046519259808 42.80063992326239
1602.3046519259808 42.80063992326239
1602.3046519259808 42.80063992326239
1595.2491586881188 42.800639922905695
1602.3046519259808 42.80063992326239
1623.4711316418604 42.80063992448535
1623.4711316418604 42.80063992448535
1630.5266248813355 42.80063992494396
1630.5266248813355 42.80063992494396
1623.4711316418604 42.80063992448535
1623.4711316418604 42.80063992448535
1616.4156384028265 42.80063992405222
1616.4156384028265 42.80063992405222
1616.4156384028265 42.80063992405222
1616.4156384028265 42.80063992405222
1609.3601451642085 42.80063992364457
1609.3601451642085 42.80063992364457
1609.3601451642085 42.80063992364457
1609.3601451642085 42.80063992364457
1605.8323985450475 42.80063992345029
1605.8323985450475 42.80063992345029
1605.8323985450475 42.80063992345029
1605.8323985450475 42.80063992345029
1605.8323985450475 42.80063992345029
1605.8323985450475 42.80063992345029
1605.8323985450475 42.80063992345029
1605.8323985450475 42.80063992345029
1605.8323985450475 42.80063992345029
1605.8323985450475 42.80063992345029
1612.887891783467 42.8006399238452
1634.0543715012464 42.80063992518283
1634.0543715012464 42.80063992518283
1634.0543715012464 42.80063992518283
1634.0543715012464 42.80063992518283
1634.0543715012464 42.80063992518283
1634.0543715012464 42.80063992518283
1634.0543715012464 42.80063992518283
1634.0543715012464 42.80063992518283
1634.0543715012464 42.80063992518283
1626.9988782615412 42.80063992471147
1626.9988782615412 42.80063992471147
1641.1098647414299 42.800639925679654
1641.1098647414299 42.800639925679654
1648.1653579821177 42.80063992620196
1648.1653579821177 42.80063992620196
1648.1653579821177 42.80063992620196
1648.1653579821177 42.80063992620196
1641.1098647414299 42.800639925679654
1641.1098647414299 42.800639925679654
1641.1098647414299 42.800639925679654
1641.1098647414299 42.800639925679654
1648.1653579821177 42.80063992620196
1641.1098647414299 42.800639925679654
1634.0543715012464 42.80063992518283
1634.0543715012464 42.80063992518283
1634.0543715012464 42.80063992518283
1626.9988782615412 42.80063992471147
1619.94338502229 42.800639924265596
1619.94338502229 42.800639924265596
1619.94338502229 42.800639924265596
1626.9988782615412 42.80063992471147
1626.9988782615412 42.80063992471147
1626.9988782615412 42.80063992471147
1626.9988782615412 42.80063992471147
1626.9988782615412 42.80063992471147
1641.1098647414299 42.800639925679654
1626.9988782615412 42.80063992471147
1626.9988782615412 42.80063992471147
1626.9988782615412 42.80063992471147
1619.94338502229 42.800639924265596
1619.94338502229 42.800639924265596
1619.94338502229 42.800639924265596
1619.94338502229 42.800639924265596
1619.94338502229 42.800639924265596
1619.94338502229 42.800639924265596
1619.94338502229 42.800639924265596
1619.94338502229 42.800639924265596
1619.94338502229 42.800639924265596
1626.9988782615412 42.80063992471147
1626.9988782615412 42.80063992471147
1626.9988782615412 42.80063992471147
1626.9988782615412 42.80063992471147
1626.9988782615412 42.80063992471147
1619.94338502229 42.800639924265596
1619.94338502229 42.800639924265596
1619.94338502229 42.800639924265596
1619.94338502229 42.800639924265596
1619.94338502229 42.800639924265596
1619.94338502229 42.800639924265596
1619.94338502229 42.800639924265596
1619.94338502229 42.800639924265596
1619.94338502229 42.800639924265596
1619.94338502229 42.800639924265596
1619.94338502229 42.800639924265596
1619.94338502229 42.800639924265596
1619.94338502229 42.800639924265596
1619.94338502229 42.800639924265596
1619.94338502229 42.800639924265596
1619.94338502229 42.800639924265596
1619.94338502229 42.800639924265596
1612.887891783467 42.8006399238452
1612.887891783467 42.8006399238452
1612.887891783467 42.8006399238452
1612.887891783467 42.8006399238452
1612.887891783467 42.8006399238452
1612.887891783467 42.8006399238452
1612.887891783467 42.8006399238452
1612.887891783467 42.8006399238452
1612.887891783467 42.8006399238452
1612.887891783467 42.8006399238452
1612.887891783467 42.8006399238452
1612.887891783467 42.8006399238452
1619.94338502229 42.800639924265596
1619.94338502229 42.800639924265596
1619.94338502229 42.800639924265596
1619.94338502229 42.800639924265596
1619.94338502229 42.800639924265596
1623.4711316418604 42.80063992448535
1623.4711316418604 42.80063992448535
1623.4711316418604 42.80063992448535
1623.4711316418604 42.80063992448535
1616.4156384028265 42.80063992405222
1609.3601451642085 42.80063992364457
1609.3601451642085 42.80063992364457
1609.3601451642085 42.80063992364457
1602.3046519259808 42.80063992326239
1595.2491586881188 42.800639922905695
1588.1936654505969 42.80063992257448
1588.1936654505969 42.80063992257448
1588.1936654505969 42.80063992257448
1595.2491586881188 42.800639922905695
1595.2491586881188 42.800639922905695
1595.2491586881188 42.800639922905695
1595.2491586881188 42.800639922905695
1595.2491586881188 42.800639922905695
1595.2491586881188 42.800639922905695
1595.2491586881188 42.800639922905695
1602.3046519259808 42.80063992326239
1602.3046519259808 42.80063992326239
1602.3046519259808 42.80063992326239
1602.3046519259808 42.80063992326239
1602.3046519259808 42.80063992326239
1602.3046519259808 42.80063992326239
1609.3601451642085 42.80063992364457
1609.3601451642085 42.80063992364457
1609.3601451642085 42.80063992364457
1609.3601451642085 42.80063992364457
1609.3601451642085 42.80063992364457
1609.3601451642085 42.80063992364457
1609.3601451642085 42.80063992364457
1609.3601451642085 42.80063992364457
1602.3046519259808 42.80063992326239
1602.3046519259808 42.80063992326239
1595.2491586881188 42.800639922905695
1602.3046519259808 42.80063992326239
1602.3046519259808 42.80063992326239
1602.3046519259808 42.80063992326239
1602.3046519259808 42.80063992326239
1602.3046519259808 42.80063992326239
1602.3046519259808 42.80063992326239
1609.3601451642085 42.80063992364457
1609.3601451642085 42.80063992364457
1616.4156384028265 42.80063992405222
1616.4156384028265 42.80063992405222
1616.4156384028265 42.80063992405222
1609.3601451642085 42.80063992364457
1609.3601451642085 42.80063992364457
1609.3601451642085 42.80063992364457
1609.3601451642085 42.80063992364457
1609.3601451642085 42.80063992364457
1602.3046519259808 42.80063992326239
1595.2491586881188 42.800639922905695
1595.2491586881188 42.800639922905695
1588.1936654505969 42.80063992257448
1581.13817221339 42.800639922268736
1581.13817221339 42.800639922268736
1588.1936654505969 42.80063992257448
1588.1936654505969 42.80063992257448
1581.13817221339 42.800639922268736
1581.13817221339 42.800639922268736
1581.13817221339 42.800639922268736
1581.13817221339 42.800639922268736
1581.13817221339 42.800639922268736
1588.1936654505969 42.80063992257448
1588.1936654505969 42.80063992257448
1595.2491586881188 42.800639922905695
1595.2491586881188 42.800639922905695
1595.2491586881188 42.800639922905695
1595.2491586881188 42.800639922905695
1595.2491586881188 42.800639922905695
1595.2491586881188 42.800639922905695
1595.2491586881188 42.800639922905695
1595.2491586881188 42.800639922905695
1595.2491586881188 42.800639922905695
1595.2491586881188 42.800639922905695
1588.1936654505969 42.80063992257448
1588.1936654505969 42.80063992257448
1581.13817221339 42.800639922268736
1584.6659188319554 42.800639922418426
1584.6659188319554 42.800639922418426
1584.6659188319554 42.800639922418426
1584.6659188319554 42.800639922418426
1588.1936654505969 42.80063992257448
1581.13817221339 42.800639922268736
1581.13817221339 42.800639922268736
1588.1936654505969 42.80063992257448
1588.1936654505969 42.80063992257448
1581.13817221339 42.800639922268736
1588.1936654505969 42.80063992257448
1595.2491586881188 42.800639922905695
1595.2491586881188 42.800639922905695
1595.2491586881188 42.800639922905695
1595.2491586881188 42.800639922905695
1595.2491586881188 42.800639922905695
1595.2491586881188 42.800639922905695
1602.3046519259808 42.80063992326239
1602.3046519259808 42.80063992326239
1602.3046519259808 42.80063992326239
1602.3046519259808 42.80063992326239
1598.7769053070058 42.80063992308086
1591.7214120693168 42.8006399227369
1591.7214120693168 42.8006399227369
1591.7214120693168 42.8006399227369
1591.7214120693168 42.8006399227369
1591.7214120693168 42.8006399227369
1591.7214120693168 42.8006399227369
1591.7214120693168 42.8006399227369
1584.6659188319554 42.800639922418426
1591.7214120693168 42.8006399227369
1591.7214120693168 42.8006399227369
1591.7214120693168 42.8006399227369
1584.6659188319554 42.800639922418426
1584.6659188319554 42.800639922418426
1584.6659188319554 42.800639922418426
1577.6104255948967 42.80063992212542
1577.6104255948967 42.80063992212542
1570.554932358115 42.80063992185791
1563.4994391215853 42.80063992161586
1570.554932358115 42.80063992185791
1570.554932358115 42.80063992185791
1570.554932358115 42.80063992185791
1570.554932358115 42.80063992185791
1570.554932358115 42.80063992185791
1563.4994391215853 42.80063992161586
1563.4994391215853 42.80063992161586
1563.4994391215853 42.80063992161586
1563.4994391215853 42.80063992161586
1563.4994391215853 42.80063992161586
1570.554932358115 42.80063992185791
1570.554932358115 42.80063992185791
1563.4994391215853 42.80063992161586
1570.554932358115 42.80063992185791
1570.554932358115 42.80063992185791
1570.554932358115 42.80063992185791
1570.554932358115 42.80063992185791
1570.554932358115 42.80063992185791
1570.554932358115 42.80063992185791
1570.554932358115 42.80063992185791
1570.554932358115 42.80063992185791
1570.554932358115 42.80063992185791
1570.554932358115 42.80063992185791
1577.6104255948967 42.80063992212542
1577.6104255948967 42.80063992212542
1577.6104255948967 42.80063992212542
1577.6104255948967 42.80063992212542
1577.6104255948967 42.80063992212542
1577.6104255948967 42.80063992212542
1577.6104255948967 42.80063992212542
1577.6104255948967 42.80063992212542
1570.554932358115 42.80063992185791
1570.554932358115 42.80063992185791
1577.6104255948967 42.80063992212542
1577.6104255948967 42.80063992212542
1577.6104255948967 42.80063992212542
1574.0826789764726 42.80063992198848
1581.13817221339 42.800639922268736
1588.1936654505969 42.80063992257448
1588.1936654505969 42.80063992257448
1588.1936654505969 42.80063992257448
1588.1936654505969 42.80063992257448
1588.1936654505969 42.80063992257448
1588.1936654505969 42.80063992257448
1588.1936654505969 42.80063992257448
1588.1936654505969 42.80063992257448
1588.1936654505969 42.80063992257448
1588.1936654505969 42.80063992257448
1588.1936654505969 42.80063992257448
1588.1936654505969 42.80063992257448
1588.1936654505969 42.80063992257448
1581.13817221339 42.800639922268736
1581.13817221339 42.800639922268736
1581.13817221339 42.800639922268736
1581.13817221339 42.800639922268736
1574.0826789764728 42.80063992198848
1581.13817221339 42.800639922268736
1588.1936654505969 42.80063992257448
1588.1936654505969 42.80063992257448
1609.3601451642085 42.80063992364457
1609.3601451642085 42.80063992364457
1609.3601451642085 42.80063992364457
1609.3601451642085 42.80063992364457
1602.3046519259808 42.80063992326239
1598.7769053070058 42.80063992308086
1598.7769053070058 42.80063992308086
1598.7769053070058 42.80063992308086
1598.7769053070058 42.80063992308086
1598.7769053070058 42.80063992308086
1598.7769053070058 42.80063992308086
1598.7769053070058 42.80063992308086
1598.7769053070058 42.80063992308086
1598.7769053070058 42.80063992308086
1598.7769053070058 42.80063992308086
1598.7769053070058 42.80063992308086
1598.7769053070058 42.80063992308086
1598.7769053070058 42.80063992308086
1598.7769053070058 42.80063992308086
1598.7769053070058 42.80063992308086
1598.7769053070058 42.80063992308086
1598.7769053070058 42.80063992308086
1598.7769053070058 42.80063992308086
1605.8323985450475 42.80063992345029
1605.8323985450475 42.80063992345029
1605.8323985450475 42.80063992345029
1605.8323985450475 42.80063992345029
1605.8323985450475 42.80063992345029
1598.7769053070058 42.80063992308086
1598.7769053070058 42.80063992308086
1598.7769053070058 42.80063992308086
1612.887891783467 42.8006399238452
1612.887891783467 42.8006399238452
1605.8323985450475 42.80063992345029
1605.8323985450475 42.80063992345029
1605.8323985450475 42.80063992345029
1605.8323985450475 42.80063992345029
1605.8323985450475 42.80063992345029
1605.8323985450475 42.80063992345029
1605.8323985450475 42.80063992345029
1605.8323985450475 42.80063992345029
1605.8323985450475 42.80063992345029
1605.8323985450475 42.80063992345029
1605.8323985450475 42.80063992345029
1609.3601451642085 42.80063992364457
1602.3046519259808 42.80063992326239
1602.3046519259808 42.80063992326239
1602.3046519259808 42.80063992326239
1595.2491586881188 42.800639922905695
1595.2491586881188 42.800639922905695
1595.2491586881188 42.800639922905695
1588.1936654505969 42.80063992257448
1588.1936654505969 42.80063992257448
1584.6659188319554 42.800639922418426
1577.6104255948967 42.80063992212542
1570.554932358115 42.80063992185791
1570.554932358115 42.80063992185791
1563.4994391215853 42.80063992161586
1563.4994391215853 42.80063992161586
1570.554932358115 42.80063992185791
1570.554932358115 42.80063992185791
1570.554932358115 42.80063992185791
1570.554932358115 42.80063992185791
1577.6104255948967 42.80063992212542
1577.6104255948967 42.80063992212542
1584.6659188319554 42.800639922418426
1577.6104255948967 42.80063992212542
1577.6104255948967 42.80063992212542
1577.6104255948967 42.80063992212542
1577.6104255948967 42.80063992212542
1574.0826789764728 42.80063992198848
1574.0826789764728 42.80063992198848
1567.0271857398202 42.80063992173369
1567.0271857398202 42.80063992173369
1567.0271857398202 42.80063992173369
1563.4994391215853 42.80063992161586
1563.4994391215853 42.80063992161586
1563.4994391215853 42.80063992161586
1556.4439458852823 42.800639921399295
1556.4439458852823 42.800639921399295
1556.4439458852823 42.800639921399295
1556.4439458852823 42.800639921399295
1567.0271857398202 42.80063992173369
1567.0271857398202 42.80063992173369
1567.0271857398202 42.80063992173369
1567.0271857398202 42.80063992173369
1567.0271857398202 42.80063992173369
1567.0271857398202 42.80063992173369
1567.0271857398202 42.80063992173369
1567.0271857398202 42.80063992173369
1567.0271857398202 42.80063992173369
1567.0271857398202 42.80063992173369
1574.0826789764726 42.80063992198848
1570.554932358115 42.80063992185791
1570.554932358115 42.80063992185791
1570.554932358115 42.80063992185791
1577.6104255948967 42.80063992212542
1577.6104255948967 42.80063992212542
1577.6104255948967 42.80063992212542
1563.4994391215853 42.80063992161586
1563.4994391215853 42.80063992161586
1563.4994391215853 42.80063992161586
1563.4994391215853 42.80063992161586
1563.4994391215853 42.80063992161586
1563.4994391215853 42.80063992161586
1563.4994391215853 42.80063992161586
1563.4994391215853 42.80063992161586
1563.4994391215853 42.80063992161586
1563.4994391215853 42.80063992161586
1563.4994391215853 42.80063992161586
1563.4994391215853 42.80063992161586
1563.4994391215853 42.80063992161586
1563.4994391215853 42.80063992161586
1563.4994391215853 42.80063992161586
1563.4994391215853 42.80063992161586
1563.4994391215853 42.80063992161586
1563.4994391215853 42.80063992161586
1563.4994391215853 42.80063992161586
1556.4439458852823 42.800639921399295
1556.4439458852823 42.800639921399295
1563.4994391215853 42.80063992161586
1563.4994391215853 42.80063992161586
1556.4439458852823 42.800639921399295
1570.554932358115 42.80063992185791
1570.554932358115 42.80063992185791
1570.554932358115 42.80063992185791
1570.554932358115 42.80063992185791
1570.554932358115 42.80063992185791
1563.4994391215853 42.80063992161586
1563.4994391215853 42.80063992161586
1563.4994391215853 42.80063992161586
1570.554932358115 42.80063992185791
1570.554932358115 42.80063992185791
1577.6104255948967 42.80063992212542
1570.554932358115 42.80063992185791
1563.4994391215853 42.80063992161586
1563.4994391215853 42.80063992161586
1563.4994391215853 42.80063992161586
1563.4994391215853 42.80063992161586
1563.4994391215853 42.80063992161586
1563.4994391215853 42.80063992161586
1563.4994391215853 42.80063992161586
1563.4994391215853 42.80063992161586
1563.4994391215853 42.80063992161586
1563.4994391215853 42.80063992161586
1563.4994391215853 42.80063992161586
1563.4994391215853 42.80063992161586
1556.4439458852823 42.800639921399295
1570.554932358115 42.80063992185791
1563.4994391215853 42.80063992161586
1570.554932358115 42.80063992185791
1570.554932358115 42.80063992185791
1570.554932358115 42.80063992185791
1570.554932358115 42.80063992185791
1570.554932358115 42.80063992185791
1570.554932358115 42.80063992185791
1570.554932358115 42.80063992185791
1570.554932358115 42.80063992185791
1570.554932358115 42.80063992185791
1570.554932358115 42.80063992185791
1570.554932358115 42.80063992185791
1570.554932358115 42.80063992185791
1570.554932358115 42.80063992185791
1563.4994391215853 42.80063992161586
1563.4994391215853 42.80063992161586
1563.4994391215853 42.80063992161586
1559.971692503407 42.80063992150439
1559.971692503407 42.80063992150439
1559.971692503407 42.80063992150439
1567.0271857398202 42.80063992173369
1567.0271857398202 42.80063992173369
1567.0271857398202 42.80063992173369
1567.0271857398202 42.80063992173369
1567.0271857398202 42.80063992173369
1567.0271857398202 42.80063992173369
1567.0271857398202 42.80063992173369
1559.971692503407 42.80063992150439
1559.971692503407 42.80063992150439
1559.971692503407 42.80063992150439
1559.971692503407 42.80063992150439
1559.971692503407 42.80063992150439
1559.971692503407 42.80063992150439
1552.9161992672082 42.800639921300565
1552.9161992672082 42.800639921300565
1552.9161992672082 42.800639921300565
1552.9161992672082 42.800639921300565
1552.9161992672082 42.800639921300565
1552.9161992672082 42.800639921300565
1545.860706031198 42.80063992112222
1545.860706031198 42.80063992112222
1545.860706031198 42.80063992112222
1545.860706031198 42.80063992112222
1545.860706031198 42.80063992112222
1545.860706031198 42.80063992112222
1545.860706031198 42.80063992112222
1545.860706031198 42.80063992112222
1545.860706031198 42.80063992112222
1552.9161992672082 42.800639921300565
1545.860706031198 42.80063992112222
1545.860706031198 42.80063992112222
1545.860706031198 42.80063992112222
1545.860706031198 42.80063992112222
1542.3329594132563 42.8006399210426
1542.3329594132563 42.8006399210426
1542.3329594132563 42.8006399210426
1542.3329594132563 42.8006399210426
1542.3329594132563 42.8006399210426
1542.3329594132563 42.8006399210426
1542.3329594132563 42.8006399210426
1542.3329594132563 42.8006399210426
1542.3329594132563 42.8006399210426
1556.4439458852823 42.800639921399295
1556.4439458852823 42.800639921399295
1556.4439458852823 42.800639921399295
1549.388452649181 42.80063992120821
1549.388452649181 42.80063992120821
1556.4439458852823 42.800639921399295
1556.4439458852823 42.800639921399295
1556.4439458852823 42.800639921399295
1556.4439458852823 42.800639921399295
1556.4439458852823 42.800639921399295
1552.9161992672082 42.800639921300565
1559.971692503407 42.80063992150439
1559.971692503407 42.80063992150439
1559.971692503407 42.80063992150439
1559.971692503407 42.80063992150439
1559.971692503407 42.80063992150439
1559.971692503407 42.80063992150439
1559.971692503407 42.80063992150439
1559.971692503407 42.80063992150439
1552.9161992672082 42.800639921300565
1552.9161992672082 42.800639921300565
1552.9161992672082 42.800639921300565
1552.9161992672082 42.800639921300565
1552.9161992672082 42.800639921300565
1552.9161992672082 42.800639921300565
1559.971692503407 42.80063992150439
1559.971692503407 42.80063992150439
1552.9161992672082 42.800639921300565
1552.9161992672082 42.800639921300565
1552.9161992672082 42.800639921300565
1552.9161992672082 42.800639921300565
1552.9161992672082 42.800639921300565
1552.9161992672082 42.800639921300565
1552.9161992672082 42.800639921300565
1559.971692503407 42.80063992150439
1559.971692503407 42.80063992150439
1559.971692503407 42.80063992150439
1552.9161992672082 42.800639921300565
1552.9161992672082 42.800639921300565
1552.9161992672082 42.800639921300565
1552.9161992672082 42.800639921300565
1559.971692503407 42.80063992150439
1567.0271857398202 42.80063992173369
1567.0271857398202 42.80063992173369
1567.0271857398202 42.80063992173369
1567.0271857398202 42.80063992173369
1567.0271857398202 42.80063992173369
1567.0271857398202 42.80063992173369
1567.0271857398202 42.80063992173369
1567.0271857398202 42.80063992173369
1567.0271857398202 42.80063992173369
1567.0271857398202 42.80063992173369
1567.0271857398202 42.80063992173369
1574.0826789764726 42.80063992198848
1567.0271857398202 42.80063992173369
1567.0271857398202 42.80063992173369
1567.0271857398202 42.80063992173369
1567.0271857398202 42.80063992173369
1574.0826789764728 42.80063992198848
1574.0826789764726 42.80063992198848
1574.0826789764728 42.80063992198848
1574.0826789764728 42.80063992198848
1574.0826789764728 42.80063992198848
1574.0826789764728 42.80063992198848
1574.0826789764726 42.80063992198848
1574.0826789764728 42.80063992198848
1574.0826789764728 42.80063992198848
1574.0826789764728 42.80063992198848
1574.0826789764726 42.80063992198848
1574.0826789764728 42.80063992198848
1574.0826789764728 42.80063992198848
1574.0826789764726 42.80063992198848
1574.0826789764726 42.80063992198848
1574.0826789764728 42.80063992198848
1574.0826789764728 42.80063992198848
1574.0826789764728 42.80063992198848
1581.13817221339 42.800639922268736
1581.13817221339 42.800639922268736
1581.13817221339 42.800639922268736
1581.13817221339 42.800639922268736
1581.13817221339 42.800639922268736
1574.0826789764728 42.80063992198848
1574.0826789764728 42.80063992198848
1574.0826789764728 42.80063992198848
1574.0826789764728 42.80063992198848
1574.0826789764728 42.80063992198848
1574.0826789764728 42.80063992198848
1574.0826789764728 42.80063992198848
1574.0826789764728 42.80063992198848
1581.13817221339 42.800639922268736
1581.13817221339 42.800639922268736
1581.13817221339 42.800639922268736
1581.13817221339 42.800639922268736
1581.13817221339 42.800639922268736
1581.13817221339 42.800639922268736
1581.13817221339 42.800639922268736
1581.13817221339 42.800639922268736
1581.13817221339 42.800639922268736
1581.13817221339 42.800639922268736
1581.13817221339 42.800639922268736
1581.13817221339 42.800639922268736
1581.13817221339 42.800639922268736
1581.13817221339 42.800639922268736
1581.13817221339 42.800639922268736
1581.13817221339 42.800639922268736
1588.1936654505969 42.80063992257448
1588.1936654505969 42.80063992257448
1588.1936654505969 42.80063992257448
1588.1936654505969 42.80063992257448
1588.1936654505969 42.80063992257448
1581.13817221339 42.800639922268736
1581.13817221339 42.800639922268736
1581.13817221339 42.800639922268736
1581.13817221339 42.800639922268736
1581.13817221339 42.800639922268736
1581.13817221339 42.800639922268736
1581.13817221339 42.800639922268736
1581.13817221339 42.800639922268736
1581.13817221339 42.800639922268736
1588.1936654505969 42.80063992257448
1588.1936654505969 42.80063992257448
1588.1936654505969 42.80063992257448
1588.1936654505969 42.80063992257448
1595.2491586881188 42.800639922905695
1595.2491586881188 42.800639922905695
1595.2491586881188 42.800639922905695
1602.3046519259808 42.80063992326239
1602.3046519259808 42.80063992326239
1602.3046519259808 42.80063992326239
1602.3046519259808 42.80063992326239
1595.2491586881188 42.800639922905695
1595.2491586881188 42.800639922905695
1595.2491586881188 42.800639922905695
1609.3601451642085 42.80063992364457
1609.3601451642085 42.80063992364457
1602.3046519259808 42.80063992326239
1595.2491586881188 42.800639922905695
1595.2491586881188 42.800639922905695
1595.2491586881188 42.800639922905695
1602.3046519259808 42.80063992326239
1602.3046519259808 42.80063992326239
1588.1936654505969 42.80063992257448
1588.1936654505969 42.80063992257448
1595.2491586881188 42.800639922905695
1595.2491586881188 42.800639922905695
1595.2491586881188 42.800639922905695
1595.2491586881188 42.800639922905695
1588.1936654505969 42.80063992257448
1595.2491586881188 42.800639922905695
1595.2491586881188 42.800639922905695
1602.3046519259808 42.80063992326239
1602.3046519259808 42.80063992326239
1602.3046519259808 42.80063992326239
1602.3046519259808 42.80063992326239
1602.3046519259808 42.80063992326239
1602.3046519259808 42.80063992326239
1595.2491586881188 42.800639922905695
1595.2491586881188 42.800639922905695
1595.2491586881188 42.800639922905695
1595.2491586881188 42.800639922905695
1595.2491586881188 42.800639922905695
1595.2491586881188 42.800639922905695
1602.3046519259808 42.80063992326239
1602.3046519259808 42.80063992326239
1602.3046519259808 42.80063992326239
1609.3601451642085 42.80063992364457
1609.3601451642085 42.80063992364457
1609.3601451642085 42.80063992364457
1602.3046519259808 42.80063992326239
1602.3046519259808 42.80063992326239
1602.3046519259808 42.80063992326239
1602.3046519259808 42.80063992326239
1602.3046519259808 42.80063992326239
1609.3601451642085 42.80063992364457
1609.3601451642085 42.80063992364457
1609.3601451642085 42.80063992364457
1609.3601451642085 42.80063992364457
1616.4156384028265 42.80063992405222
1616.4156384028265 42.80063992405222
1609.3601451642085 42.80063992364457
1609.3601451642085 42.80063992364457
1609.3601451642085 42.80063992364457
1609.3601451642085 42.80063992364457
1609.3601451642085 42.80063992364457
1609.3601451642085 42.80063992364457
1609.3601451642085 42.80063992364457
1609.3601451642085 42.80063992364457
1609.3601451642085 42.80063992364457
1609.3601451642085 42.80063992364457
1602.3046519259808 42.80063992326239
1602.3046519259808 42.80063992326239
1602.3046519259808 42.80063992326239
1602.3046519259808 42.80063992326239
1602.3046519259808 42.80063992326239
1602.3046519259808 42.80063992326239
1602.3046519259808 42.80063992326239
1602.3046519259808 42.80063992326239
1602.3046519259808 42.80063992326239
1602.3046519259808 42.80063992326239
1609.3601451642085 42.80063992364457
1623.4711316418604 42.80063992448535
1623.4711316418604 42.80063992448535
1623.4711316418604 42.80063992448535
1623.4711316418604 42.80063992448535
1623.4711316418604 42.80063992448535
1630.5266248813355 42.80063992494396
1630.5266248813355 42.80063992494396
1630.5266248813355 42.80063992494396
1623.4711316418604 42.80063992448535
1623.4711316418604 42.80063992448535
1623.4711316418604 42.80063992448535
1630.5266248813355 42.80063992494396
1630.5266248813355 42.80063992494396
1630.5266248813355 42.80063992494396
1630.5266248813355 42.80063992494396
1623.4711316418604 42.80063992448535
1623.4711316418604 42.80063992448535
1623.4711316418604 42.80063992448535
1623.4711316418604 42.80063992448535
1623.4711316418604 42.80063992448535
1623.4711316418604 42.80063992448535
1623.4711316418604 42.80063992448535
1630.5266248813355 42.80063992494396
1623.4711316418604 42.80063992448535
1623.4711316418604 42.80063992448535
1623.4711316418604 42.80063992448535
1623.4711316418604 42.80063992448535
1623.4711316418604 42.80063992448535
1623.4711316418604 42.80063992448535
1630.5266248813355 42.80063992494396
1630.5266248813355 42.80063992494396
1630.5266248813355 42.80063992494396
1623.4711316418604 42.80063992448535
1623.4711316418604 42.80063992448535
1623.4711316418604 42.80063992448535
1623.4711316418604 42.80063992448535
1644.6376113617093 42.800639925937624
1644.6376113617093 42.800639925937624
1644.6376113617093 42.800639925937624
1644.6376113617093 42.800639925937624
1644.6376113617093 42.800639925937624
1644.6376113617093 42.800639925937624
1644.6376113617093 42.800639925937624
1644.6376113617093 42.800639925937624
1644.6376113617093 42.800639925937624
1644.6376113617093 42.800639925937624
1644.6376113617093 42.800639925937624
1644.6376113617093 42.800639925937624
1644.6376113617093 42.800639925937624
1644.6376113617093 42.800639925937624
1644.6376113617093 42.800639925937624
1644.6376113617093 42.800639925937624
1644.6376113617093 42.800639925937624
1644.6376113617093 42.800639925937624
1644.6376113617093 42.800639925937624
1644.6376113617093 42.800639925937624
1644.6376113617093 42.800639925937624
1644.6376113617093 42.800639925937624
1644.6376113617093 42.800639925937624
1651.6931046026584 42.80063992647267
1651.6931046026584 42.80063992647267
1651.6931046026584 42.80063992647267
1651.6931046026584 42.80063992647267
1651.6931046026584 42.80063992647267
1658.7485978441493 42.8006399270332
1658.7485978441493 42.8006399270332
1651.6931046026584 42.80063992647267
1651.6931046026584 42.80063992647267
1651.6931046026584 42.80063992647267
1651.6931046026584 42.80063992647267
1651.6931046026584 42.80063992647267
1651.6931046026584 42.80063992647267
1651.6931046026584 42.80063992647267
1644.6376113617093 42.800639925937624
1644.6376113617093 42.800639925937624
1644.6376113617093 42.800639925937624
1644.6376113617093 42.800639925937624
1644.6376113617093 42.800639925937624
1644.6376113617093 42.800639925937624
