BlockEA
1597.9777538513354 30.000000000000004
1615.141739927992 30.000000000000004
1670.9246946790217 30.000000000000004
1635.1663903510723 30.000000000000004
1659.482037293921 30.000000000000004
1653.045542514869 30.000000000000004
1674.5005251118985 30.000000000000004
1671.6398607655958 30.000000000000004
1688.0886807569814 30.000000000000004
1683.7976842374553 30.000000000000004
1692.3796772765331 30.000000000000004
1697.385839882709 30.000000000000004
1704.5375007487373 30.000000000000004
1696.6706737961103 30.000000000000004
1695.9555077095122 30.000000000000004
1690.9493451033463 30.000000000000004
1685.9431824972153 30.000000000000004
1684.5128503240412 30.000000000000004
1690.9493451033463 30.000000000000004
1688.0886807569814 30.000000000000004
1688.8038468435716 30.000000000000004
1683.7976842374553 30.000000000000004
1683.7976842374553 30.000000000000004
1679.5066877179534 30.000000000000004
1682.3673520642853 30.000000000000004
1685.2280164106278 30.000000000000004
1689.5190129301625 30.000000000000004
1689.5190129301625 30.000000000000004
1694.5251755363183 30.000000000000004
1694.5251755363183 30.000000000000004
1695.9555077095122 30.000000000000004
1693.8100094497224 30.000000000000004
1697.385839882709 30.000000000000004
1688.0886807569814 30.000000000000004
1689.5190129301625 30.000000000000004
1689.5190129301625 30.000000000000004
1689.5190129301625 30.000000000000004
1686.6583485838032 30.000000000000004
1688.8038468435716 30.000000000000004
1688.8038468435716 30.000000000000004
1690.9493451033463 30.000000000000004
1690.234179016754 30.000000000000004
1691.6645111899393 30.000000000000004
1690.234179016754 30.000000000000004
1686.6583485838032 30.000000000000004
1685.2280164106278 30.000000000000004
1688.0886807569814 30.000000000000004
1688.0886807569814 30.000000000000004
1688.0886807569814 30.000000000000004
1682.3673520642853 30.000000000000004
1674.5005251118985 30.000000000000004
1673.0701929387458 30.000000000000004
1667.3488642461607 30.000000000000004
1664.488199899883 30.000000000000004
1656.62137294767 30.000000000000004
1655.1910407745477 30.000000000000004
1653.7607086014282 30.000000000000004
1650.1848781686388 30.000000000000004
1650.1848781686388 30.000000000000004
1643.748383389653 30.000000000000004
1643.0332173031018 30.000000000000004
1640.887719043451 30.000000000000004
1638.0270546972574 30.000000000000004
1636.5967225241639 30.000000000000004
1636.5967225241639 30.000000000000004
1635.1663903510723 30.000000000000004
1635.1663903510723 30.000000000000004
1630.8753938318096 30.000000000000004
1631.590559918352 30.000000000000004
1632.3057260048952 30.000000000000004
1631.590559918352 30.000000000000004
1628.0147294856442 30.000000000000004
1630.1602277452675 30.000000000000004
1630.1602277452675 30.000000000000004
1628.729895572185 30.000000000000004
1628.0147294856442 30.000000000000004
1626.5843973125645 30.000000000000004
1626.5843973125645 30.000000000000004
1627.299563399104 30.000000000000004
1625.1540651394864 30.000000000000004
1628.0147294856442 30.000000000000004
1624.4388990529483 30.000000000000004
1625.1540651394864 30.000000000000004
1623.7237329664104 30.000000000000004
1620.1479025337283 30.000000000000004
1619.432736447193 30.000000000000004
1616.5720721010573 30.000000000000004
1615.141739927992 30.000000000000004
1613.7114077549281 30.000000000000004
1610.850743408806 30.000000000000004
1607.2749129761626 30.000000000000004
1604.4142486300548 30.000000000000004
1597.9777538513354 30.000000000000004
1596.5474216782904 30.000000000000004
1596.5474216782904 30.000000000000004
1595.1170895052471 30.000000000000004
1594.401923418726 30.000000000000004
1590.1109268996067 30.000000000000004
1590.8260929861258 30.000000000000004
1589.395760813088 30.000000000000004
1590.8260929861258 30.000000000000004
1590.1109268996067 30.000000000000004
1587.2502625535337 30.000000000000004
1587.2502625535337 30.000000000000004
1584.389598207466 30.000000000000004
1580.098601688374 30.000000000000004
1579.3834356018597 30.000000000000004
1578.6682695153456 30.000000000000004
1575.09243908278 30.000000000000004
1575.09243908278 30.000000000000004
1571.516608650221 30.000000000000004
1570.8014425637102 30.000000000000004
1568.655944304179 30.000000000000004
1565.7952799581408 30.000000000000004
1564.3649477851231 30.000000000000004
1562.2194495255987 30.000000000000004
1562.9346156121067 30.000000000000004
1562.9346156121067 30.000000000000004
1560.0739512660762 30.000000000000004
1559.3587851795692 30.000000000000004
1557.9284530065556 30.000000000000004
1554.3526225740256 30.000000000000004
1553.6374564875205 30.000000000000004
1551.4919582280054 30.000000000000004
1550.0616260549964 30.000000000000004
1548.6312938819883 30.000000000000004
1547.9161277954845 30.000000000000004
1546.4857956224773 30.000000000000004
1542.19479910346 30.000000000000004
1538.6189686709497 30.000000000000004
1537.9038025844482 30.000000000000004
1535.0431382384431 30.000000000000004
1535.0431382384431 30.000000000000004
1535.0431382384431 30.000000000000004
1534.3279721519423 30.000000000000004
1529.3218095464395 30.000000000000004
1530.7521417194396 30.000000000000004
1529.3218095464395 30.000000000000004
1527.1763112869398 30.000000000000004
1526.4611452004401 30.000000000000004
1523.6004808544426 30.000000000000004
1524.3156469409419 30.000000000000004
1522.1701486814443 30.000000000000004
1520.7398165084464 30.000000000000004
1521.4549825949452 30.000000000000004
1515.733653902956 30.000000000000004
1514.3033217299592 30.000000000000004
1512.1578234704643 30.000000000000004
1509.297159124472 30.000000000000004
1505.7213286919825 30.000000000000004
1504.2909965189867 30.000000000000004
1502.1454982594933 30.000000000000004
1501.4303321729956 30.000000000000004
1501.4303321729956 30.000000000000004
1504.2909965189867 30.000000000000004
1504.2909965189867 30.000000000000004
1505.7213286919825 30.000000000000004
1503.5758304324888 30.000000000000004
1501.4303321729956 30.000000000000004
1501.4303321729956 30.000000000000004
1499.2848339135023 30.000000000000004
1496.4241695675112 30.000000000000004
1497.1393356540088 30.000000000000004
1493.5635052215198 30.000000000000004
1493.5635052215198 30.000000000000004
1492.848339135022 30.000000000000004
1492.848339135022 30.000000000000004
1492.848339135022 30.000000000000004
1492.1331730485238 30.000000000000004
1489.9876747890298 30.000000000000004
1489.9876747890298 30.000000000000004
1491.4180069620259 30.000000000000004
1490.702840875528 30.000000000000004
1490.702840875528 30.000000000000004
1489.9876747890298 30.000000000000004
1488.5573426160338 30.000000000000004
1487.1270104430375 30.000000000000004
1485.6966782700408 30.000000000000004
1484.9815121835427 30.000000000000004
1483.5511800105457 30.000000000000004
1485.6966782700408 30.000000000000004
1485.6966782700408 30.000000000000004
1486.4118443565392 30.000000000000004
1485.6966782700408 30.000000000000004
1485.6966782700408 30.000000000000004
1487.8421765295357 30.000000000000004
1493.5635052215198 30.000000000000004
1492.848339135022 30.000000000000004
1492.848339135022 30.000000000000004
1493.5635052215198 30.000000000000004
1493.5635052215198 30.000000000000004
1493.5635052215198 30.000000000000004
1492.1331730485238 30.000000000000004
1491.4180069620259 30.000000000000004
1490.702840875528 30.000000000000004
1490.702840875528 30.000000000000004
1491.4180069620259 30.000000000000004
1489.9876747890298 30.000000000000004
1489.9876747890298 30.000000000000004
1489.9876747890298 30.000000000000004
1488.5573426160338 30.000000000000004
1488.5573426160338 30.000000000000004
1488.5573426160338 30.000000000000004
1490.702840875528 30.000000000000004
1489.9876747890298 30.000000000000004
1489.9876747890298 30.000000000000004
1489.9876747890298 30.000000000000004
1487.8421765295357 30.000000000000004
1485.6966782700408 30.000000000000004
1484.266346097044 30.000000000000004
1484.266346097044 30.000000000000004
1482.8360139240472 30.000000000000004
1482.8360139240472 30.000000000000004
1483.5511800105457 30.000000000000004
1482.8360139240472 30.000000000000004
1481.40568175105 30.000000000000004
1479.9753495780526 30.000000000000004
1479.2601834915536 30.000000000000004
1479.2601834915536 30.000000000000004
1479.2601834915536 30.000000000000004
1477.1146852320567 30.000000000000004
1477.8298513185557 30.000000000000004
1477.1146852320567 30.000000000000004
1476.3995191455574 30.000000000000004
1474.2540208860594 30.000000000000004
1473.5388547995599 30.000000000000004
1474.2540208860594 30.000000000000004
1474.2540208860594 30.000000000000004
1473.5388547995599 30.000000000000004
1472.1085226265604 30.000000000000004
1471.3933565400605 30.000000000000004
1470.6781904535605 30.000000000000004
1471.3933565400605 30.000000000000004
1470.6781904535605 30.000000000000004
1468.53269219406 30.000000000000004
1468.53269219406 30.000000000000004
1468.53269219406 30.000000000000004
1467.1023600210592 30.000000000000004
1467.8175261075596 30.000000000000004
1467.8175261075596 30.000000000000004
1467.8175261075596 30.000000000000004
1467.1023600210592 30.000000000000004
1467.1023600210592 30.000000000000004
1466.3871939345586 30.000000000000004
1465.6720278480577 30.000000000000004
1464.2416956750558 30.000000000000004
1463.5265295885547 30.000000000000004
1462.8113635020534 30.000000000000004
1464.9568617615569 30.000000000000004
1465.6720278480577 30.000000000000004
1465.6720278480577 30.000000000000004
1464.9568617615569 30.000000000000004
1465.6720278480577 30.000000000000004
1464.2416956750558 30.000000000000004
1462.8113635020534 30.000000000000004
1462.0961974155518 30.000000000000004
1461.0234482857995 30.000000000000004
1460.3082821992975 30.000000000000004
1462.4537804588026 30.000000000000004
1463.8841126318052 30.000000000000004
1462.4537804588026 30.000000000000004
1461.738614372301 30.000000000000004
1460.3082821992975 30.000000000000004
1460.3082821992975 30.000000000000004
1459.5931161127955 30.000000000000004
1460.3082821992975 30.000000000000004
1459.5931161127955 30.000000000000004
1460.3082821992975 30.000000000000004
1458.1627839397913 30.000000000000004
1456.0172856802835 30.000000000000004
1456.0172856802835 30.000000000000004
1456.7324517667862 30.000000000000004
1458.1627839397913 30.000000000000004
1456.7324517667862 30.000000000000004
1457.4476178532889 30.000000000000004
1457.4476178532889 30.000000000000004
1457.4476178532889 30.000000000000004
1457.4476178532889 30.000000000000004
1456.7324517667862 30.000000000000004
1456.7324517667862 30.000000000000004
1456.7324517667862 30.000000000000004
1456.0172856802835 30.000000000000004
1455.3021195937806 30.000000000000004
1454.5869535072777 30.000000000000004
1453.8717874207744 30.000000000000004
1452.4414552477674 30.000000000000004
1451.7262891612636 30.000000000000004
1452.7990382910193 30.000000000000004
1453.5142043775227 30.000000000000004
1454.229370464026 30.000000000000004
1453.8717874207744 30.000000000000004
1453.156621334271 30.000000000000004
1451.0111230747598 30.000000000000004
1451.7262891612636 30.000000000000004
1451.7262891612636 30.000000000000004
1449.9383739450036 30.000000000000004
1449.9383739450036 30.000000000000004
1451.3687061180117 30.000000000000004
1450.6535400315076 30.000000000000004
1451.3687061180117 30.000000000000004
1450.2959569882555 30.000000000000004
1450.2959569882555 30.000000000000004
1448.1504587287423 30.000000000000004
1449.5807909017512 30.000000000000004
1448.8656248152467 30.000000000000004
1448.8656248152467 30.000000000000004
1448.1504587287423 30.000000000000004
1447.4352926422373 30.000000000000004
1447.4352926422373 30.000000000000004
1445.6473774259744 30.000000000000004
1447.0777095989847 30.000000000000004
1446.3625435124795 30.000000000000004
1449.223207858499 30.000000000000004
1449.9383739450036 30.000000000000004
1449.223207858499 30.000000000000004
1447.7928756854897 30.000000000000004
1447.7928756854897 30.000000000000004
1447.0777095989847 30.000000000000004
1446.3625435124795 30.000000000000004
1447.7928756854897 30.000000000000004
1448.5080417719946 30.000000000000004
1449.9383739450036 30.000000000000004
1450.6535400315076 30.000000000000004
1449.9383739450036 30.000000000000004
1449.223207858499 30.000000000000004
1449.9383739450036 30.000000000000004
1449.9383739450036 30.000000000000004
1449.9383739450036 30.000000000000004
1450.6535400315076 30.000000000000004
1449.223207858499 30.000000000000004
1449.223207858499 30.000000000000004
1449.223207858499 30.000000000000004
1449.9383739450036 30.000000000000004
1449.9383739450036 30.000000000000004
1449.223207858499 30.000000000000004
1449.223207858499 30.000000000000004
1449.223207858499 30.000000000000004
1449.223207858499 30.000000000000004
1451.3687061180117 30.000000000000004
1452.0838722045155 30.000000000000004
1452.0838722045155 30.000000000000004
1451.3687061180117 30.000000000000004
1451.3687061180117 30.000000000000004
1452.0838722045155 30.000000000000004
1450.6535400315076 30.000000000000004
1449.9383739450036 30.000000000000004
1449.9383739450036 30.000000000000004
1449.9383739450036 30.000000000000004
1449.223207858499 30.000000000000004
1449.223207858499 30.000000000000004
1449.223207858499 30.000000000000004
1448.5080417719946 30.000000000000004
1447.7928756854897 30.000000000000004
1446.3625435124795 30.000000000000004
1444.9322113394687 30.000000000000004
1445.6473774259744 30.000000000000004
1446.3625435124795 30.000000000000004
1446.3625435124795 30.000000000000004
1446.3625435124795 30.000000000000004
1448.5080417719946 30.000000000000004
1447.7928756854897 30.000000000000004
1449.223207858499 30.000000000000004
1449.9383739450036 30.000000000000004
1449.9383739450036 30.000000000000004
1449.9383739450036 30.000000000000004
1449.223207858499 30.000000000000004
1449.9383739450036 30.000000000000004
1450.6535400315076 30.000000000000004
1449.9383739450036 30.000000000000004
1449.223207858499 30.000000000000004
1450.6535400315076 30.000000000000004
1450.6535400315076 30.000000000000004
1450.6535400315076 30.000000000000004
1453.5142043775227 30.000000000000004
1452.7990382910193 30.000000000000004
1451.3687061180117 30.000000000000004
1452.0838722045155 30.000000000000004
1452.0838722045155 30.000000000000004
1452.0838722045155 30.000000000000004
1452.7990382910193 30.000000000000004
1452.0838722045155 30.000000000000004
1452.7990382910193 30.000000000000004
1453.5142043775227 30.000000000000004
1454.9445365505292 30.000000000000004
1455.659702637032 30.000000000000004
1455.659702637032 30.000000000000004
1455.659702637032 30.000000000000004
1456.374868723535 30.000000000000004
1456.374868723535 30.000000000000004
1455.659702637032 30.000000000000004
1457.0900348100377 30.000000000000004
1458.5203669830425 30.000000000000004
1458.5203669830425 30.000000000000004
1457.80520089654 30.000000000000004
1457.0900348100377 30.000000000000004
1456.374868723535 30.000000000000004
1456.374868723535 30.000000000000004
1456.0172856802835 30.000000000000004
1456.7324517667862 30.000000000000004
1456.0172856802835 30.000000000000004
1455.3021195937806 30.000000000000004
1454.229370464026 30.000000000000004
1454.229370464026 30.000000000000004
1452.7990382910193 30.000000000000004
1452.7990382910193 30.000000000000004
1452.7990382910193 30.000000000000004
1452.7990382910193 30.000000000000004
1452.7990382910193 30.000000000000004
1452.4414552477674 30.000000000000004
1452.4414552477674 30.000000000000004
1452.0838722045155 30.000000000000004
1451.7262891612636 30.000000000000004
1452.4414552477674 30.000000000000004
1452.4414552477674 30.000000000000004
1452.4414552477674 30.000000000000004
1451.3687061180117 30.000000000000004
1451.3687061180117 30.000000000000004
1453.5142043775227 30.000000000000004
1453.5142043775227 30.000000000000004
1453.5142043775227 30.000000000000004
1452.7990382910193 30.000000000000004
1451.3687061180117 30.000000000000004
1450.6535400315076 30.000000000000004
1453.5142043775227 30.000000000000004
1452.7990382910193 30.000000000000004
1452.7990382910193 30.000000000000004
1453.5142043775227 30.000000000000004
1454.229370464026 30.000000000000004
1454.229370464026 30.000000000000004
1453.5142043775227 30.000000000000004
1453.5142043775227 30.000000000000004
1453.5142043775227 30.000000000000004
1452.7990382910193 30.000000000000004
1454.9445365505292 30.000000000000004
1454.9445365505292 30.000000000000004
1454.9445365505292 30.000000000000004
1454.9445365505292 30.000000000000004
1455.659702637032 30.000000000000004
1455.659702637032 30.000000000000004
1455.659702637032 30.000000000000004
1455.659702637032 30.000000000000004
1455.659702637032 30.000000000000004
1455.659702637032 30.000000000000004
1454.229370464026 30.000000000000004
1452.7990382910193 30.000000000000004
1453.5142043775227 30.000000000000004
1453.5142043775227 30.000000000000004
1453.5142043775227 30.000000000000004
1452.4414552477674 30.000000000000004
1453.156621334271 30.000000000000004
1453.156621334271 30.000000000000004
1453.156621334271 30.000000000000004
1453.156621334271 30.000000000000004
1452.4414552477674 30.000000000000004
1452.4414552477674 30.000000000000004
1451.7262891612636 30.000000000000004
1452.4414552477674 30.000000000000004
1453.156621334271 30.000000000000004
1453.156621334271 30.000000000000004
1453.156621334271 30.000000000000004
1453.156621334271 30.000000000000004
1452.4414552477674 30.000000000000004
1452.4414552477674 30.000000000000004
1452.4414552477674 30.000000000000004
1452.4414552477674 30.000000000000004
1453.156621334271 30.000000000000004
1451.7262891612636 30.000000000000004
1451.0111230747598 30.000000000000004
1450.2959569882555 30.000000000000004
1451.0111230747598 30.000000000000004
1450.2959569882555 30.000000000000004
1450.2959569882555 30.000000000000004
1449.5807909017512 30.000000000000004
1449.5807909017512 30.000000000000004
1449.5807909017512 30.000000000000004
1448.8656248152467 30.000000000000004
1448.8656248152467 30.000000000000004
1448.8656248152467 30.000000000000004
1448.8656248152467 30.000000000000004
1449.5807909017512 30.000000000000004
1449.5807909017512 30.000000000000004
1448.8656248152467 30.000000000000004
1448.8656248152467 30.000000000000004
1448.8656248152467 30.000000000000004
1448.8656248152467 30.000000000000004
1447.4352926422373 30.000000000000004
1446.7201265557321 30.000000000000004
1446.7201265557321 30.000000000000004
1446.7201265557321 30.000000000000004
1445.6473774259744 30.000000000000004
1444.9322113394687 30.000000000000004
1445.6473774259744 30.000000000000004
1444.9322113394687 30.000000000000004
1444.2170452529629 30.000000000000004
1444.2170452529629 30.000000000000004
1444.2170452529629 30.000000000000004
1444.9322113394687 30.000000000000004
1445.6473774259744 30.000000000000004
1445.6473774259744 30.000000000000004
1445.6473774259744 30.000000000000004
1445.6473774259744 30.000000000000004
1447.0777095989847 30.000000000000004
1447.0777095989847 30.000000000000004
1447.7928756854897 30.000000000000004
1447.7928756854897 30.000000000000004
1447.7928756854897 30.000000000000004
1448.5080417719946 30.000000000000004
1448.5080417719946 30.000000000000004
1447.7928756854897 30.000000000000004
1447.0777095989847 30.000000000000004
1446.3625435124795 30.000000000000004
1446.3625435124795 30.000000000000004
1446.3625435124795 30.000000000000004
1445.6473774259744 30.000000000000004
1445.6473774259744 30.000000000000004
1445.6473774259744 30.000000000000004
1445.6473774259744 30.000000000000004
1445.6473774259744 30.000000000000004
1445.6473774259744 30.000000000000004
1445.6473774259744 30.000000000000004
1445.6473774259744 30.000000000000004
1445.6473774259744 30.000000000000004
1444.9322113394687 30.000000000000004
1444.9322113394687 30.000000000000004
1444.9322113394687 30.000000000000004
1444.2170452529629 30.000000000000004
1444.9322113394687 30.000000000000004
1444.9322113394687 30.000000000000004
1444.9322113394687 30.000000000000004
1444.9322113394687 30.000000000000004
1444.9322113394687 30.000000000000004
1444.2170452529629 30.000000000000004
1444.2170452529629 30.000000000000004
1442.7867130799507 30.000000000000004
1442.0715469934444 30.000000000000004
1442.0715469934444 30.000000000000004
1442.0715469934444 30.000000000000004
1441.3563809069378 30.000000000000004
1439.9260487339238 30.000000000000004
1439.9260487339238 30.000000000000004
1438.4957165609092 30.000000000000004
1437.7805504744013 30.000000000000004
1438.4957165609092 30.000000000000004
1437.7805504744013 30.000000000000004
1437.7805504744013 30.000000000000004
1437.7805504744013 30.000000000000004
1436.3502183013852 30.000000000000004
1436.3502183013852 30.000000000000004
1437.0653843878933 30.000000000000004
1437.0653843878933 30.000000000000004
1435.6350522148769 30.000000000000004
1435.6350522148769 30.000000000000004
1434.2047200418592 30.000000000000004
1434.2047200418592 30.000000000000004
1434.919886128368 30.000000000000004
1434.2047200418592 30.000000000000004
1433.48955395535 30.000000000000004
1433.48955395535 30.000000000000004
1434.2047200418592 30.000000000000004
1433.48955395535 30.000000000000004
1432.7743878688407 30.000000000000004
1432.7743878688407 30.000000000000004
1434.2047200418592 30.000000000000004
1434.2047200418592 30.000000000000004
1433.48955395535 30.000000000000004
1433.48955395535 30.000000000000004
1432.7743878688407 30.000000000000004
1432.7743878688407 30.000000000000004
1432.059221782331 30.000000000000004
1431.344055695821 30.000000000000004
1431.344055695821 30.000000000000004
1430.6288896093108 30.000000000000004
1429.9137235228004 30.000000000000004
1429.9137235228004 30.000000000000004
1429.9137235228004 30.000000000000004
1429.9137235228004 30.000000000000004
1430.6288896093108 30.000000000000004
1430.6288896093108 30.000000000000004
1430.6288896093108 30.000000000000004
1430.6288896093108 30.000000000000004
1429.9137235228004 30.000000000000004
1429.9137235228004 30.000000000000004
1429.9137235228004 30.000000000000004
1429.1985574362898 30.000000000000004
1429.1985574362898 30.000000000000004
1428.483391349779 30.000000000000004
1428.483391349779 30.000000000000004
1428.483391349779 30.000000000000004
1429.9137235228004 30.000000000000004
1429.9137235228004 30.000000000000004
1429.9137235228004 30.000000000000004
1431.344055695821 30.000000000000004
1430.6288896093108 30.000000000000004
1431.344055695821 30.000000000000004
1429.9137235228004 30.000000000000004
1430.6288896093108 30.000000000000004
1430.6288896093108 30.000000000000004
1429.1985574362898 30.000000000000004
1429.1985574362898 30.000000000000004
1428.483391349779 30.000000000000004
1427.7682252632676 30.000000000000004
1427.7682252632676 30.000000000000004
1427.410642220012 30.000000000000004
1426.6954761335003 30.000000000000004
1425.9803100469885 30.000000000000004
1425.6227270037325 30.000000000000004
1425.6227270037325 30.000000000000004
1424.90756091722 30.000000000000004
1424.90756091722 30.000000000000004
1424.90756091722 30.000000000000004
1424.1923948307076 30.000000000000004
1423.4772287441947 30.000000000000004
1423.4772287441947 30.000000000000004
1423.4772287441947 30.000000000000004
1422.7620626576816 30.000000000000004
1422.7620626576816 30.000000000000004
1423.4772287441947 30.000000000000004
1422.7620626576816 30.000000000000004
1422.0468965711682 30.000000000000004
1422.0468965711682 30.000000000000004
1421.3317304846544 30.000000000000004
1422.7620626576816 30.000000000000004
1422.7620626576816 30.000000000000004
1422.0468965711682 30.000000000000004
1422.0468965711682 30.000000000000004
1421.3317304846544 30.000000000000004
1421.3317304846544 30.000000000000004
1420.6165643981403 30.000000000000004
1420.6165643981403 30.000000000000004
1420.6165643981403 30.000000000000004
1419.901398311626 30.000000000000004
1419.901398311626 30.000000000000004
1419.543815268369 30.000000000000004
1419.543815268369 30.000000000000004
1418.8286491818542 30.000000000000004
1418.8286491818542 30.000000000000004
1418.8286491818542 30.000000000000004
1418.8286491818542 30.000000000000004
1418.113483095339 30.000000000000004
1418.113483095339 30.000000000000004
1418.113483095339 30.000000000000004
1418.113483095339 30.000000000000004
1418.113483095339 30.000000000000004
1417.3983170088236 30.000000000000004
1417.3983170088236 30.000000000000004
1416.683150922308 30.000000000000004
1416.683150922308 30.000000000000004
1416.683150922308 30.000000000000004
1415.2528187492758 30.000000000000004
1415.967984835792 30.000000000000004
1415.2528187492758 30.000000000000004
1415.2528187492758 30.000000000000004
1415.2528187492758 30.000000000000004
1414.5376526627592 30.000000000000004
1414.5376526627592 30.000000000000004
1414.5376526627592 30.000000000000004
1414.5376526627592 30.000000000000004
1415.967984835792 30.000000000000004
1415.2528187492758 30.000000000000004
1415.967984835792 30.000000000000004
1415.967984835792 30.000000000000004
1415.967984835792 30.000000000000004
1415.967984835792 30.000000000000004
1415.967984835792 30.000000000000004
1415.2528187492758 30.000000000000004
1415.2528187492758 30.000000000000004
1416.683150922308 30.000000000000004
1415.2528187492758 30.000000000000004
1414.5376526627592 30.000000000000004
1413.107320489725 30.000000000000004
1414.5376526627592 30.000000000000004
1414.5376526627592 30.000000000000004
1415.967984835792 30.000000000000004
1415.967984835792 30.000000000000004
1415.2528187492758 30.000000000000004
1414.5376526627592 30.000000000000004
1415.2528187492758 30.000000000000004
1414.5376526627592 30.000000000000004
1413.8224865762422 30.000000000000004
1413.8224865762422 30.000000000000004
1413.8224865762422 30.000000000000004
1412.3921544032073 30.000000000000004
1410.9618222301713 30.000000000000004
1409.5314900571339 30.000000000000004
1408.8163239706146 30.000000000000004
1408.8163239706146 30.000000000000004
1408.101157884095 30.000000000000004
1407.3859917975751 30.000000000000004
1406.670825711055 30.000000000000004
1406.670825711055 30.000000000000004
1405.9556596245343 30.000000000000004
1405.9556596245343 30.000000000000004
1405.9556596245343 30.000000000000004
1405.9556596245343 30.000000000000004
1405.2404935380134 30.000000000000004
1405.2404935380134 30.000000000000004
1405.2404935380134 30.000000000000004
1405.2404935380134 30.000000000000004
1405.2404935380134 30.000000000000004
1404.525327451492 30.000000000000004
1404.1677444082313 30.000000000000004
1404.1677444082313 30.000000000000004
1403.4525783217096 30.000000000000004
1403.4525783217096 30.000000000000004
1403.4525783217096 30.000000000000004
1402.7374122351873 30.000000000000004
1402.7374122351873 30.000000000000004
1402.7374122351873 30.000000000000004
1402.7374122351873 30.000000000000004
1402.7374122351873 30.000000000000004
1402.0222461486646 30.000000000000004
1401.6646631054034 30.000000000000004
1400.9494970188803 30.000000000000004
1400.9494970188803 30.000000000000004
1400.234330932357 30.000000000000004
1400.234330932357 30.000000000000004
1399.519164845833 30.000000000000004
1399.519164845833 30.000000000000004
1399.519164845833 30.000000000000004
1398.8039987593088 30.000000000000004
1398.8039987593088 30.000000000000004
1398.088832672784 30.000000000000004
1397.3736665862593 30.000000000000004
1396.658500499734 30.000000000000004
1393.7978361536286 30.000000000000004
1393.7978361536286 30.000000000000004
1393.7978361536286 30.000000000000004
1393.7978361536286 30.000000000000004
1393.4402531103651 30.000000000000004
1393.4402531103651 30.000000000000004
1393.4402531103651 30.000000000000004
1393.4402531103651 30.000000000000004
1393.4402531103651 30.000000000000004
1393.4402531103651 30.000000000000004
1393.4402531103651 30.000000000000004
1393.4402531103651 30.000000000000004
1393.4402531103651 30.000000000000004
1393.4402531103651 30.000000000000004
1391.6523378940456 30.000000000000004
1390.937171807517 30.000000000000004
1390.937171807517 30.000000000000004
1390.937171807517 30.000000000000004
1390.937171807517 30.000000000000004
1390.937171807517 30.000000000000004
1390.937171807517 30.000000000000004
1390.937171807517 30.000000000000004
1390.937171807517 30.000000000000004
1390.2220057209881 30.000000000000004
1390.2220057209881 30.000000000000004
1390.2220057209881 30.000000000000004
1390.2220057209881 30.000000000000004
1390.2220057209881 30.000000000000004
1390.2220057209881 30.000000000000004
1390.2220057209881 30.000000000000004
1390.2220057209881 30.000000000000004
1389.5068396344589 30.000000000000004
1389.5068396344589 30.000000000000004
1389.5068396344589 30.000000000000004
1389.5068396344589 30.000000000000004
1388.7916735479291 30.000000000000004
1388.7916735479291 30.000000000000004
1388.7916735479291 30.000000000000004
1388.7916735479291 30.000000000000004
1388.7916735479291 30.000000000000004
1388.076507461399 30.000000000000004
1388.076507461399 30.000000000000004
1387.3613413748683 30.000000000000004
1387.3613413748683 30.000000000000004
1387.3613413748683 30.000000000000004
1387.3613413748683 30.000000000000004
1387.3613413748683 30.000000000000004
1387.3613413748683 30.000000000000004
1387.3613413748683 30.000000000000004
1387.3613413748683 30.000000000000004
1386.6461752883374 30.000000000000004
1386.6461752883374 30.000000000000004
1386.6461752883374 30.000000000000004
1386.6461752883374 30.000000000000004
1386.6461752883374 30.000000000000004
1384.858260072008 30.000000000000004
1384.858260072008 30.000000000000004
1384.858260072008 30.000000000000004
1384.858260072008 30.000000000000004
1384.858260072008 30.000000000000004
1384.858260072008 30.000000000000004
1384.858260072008 30.000000000000004
1384.858260072008 30.000000000000004
1384.858260072008 30.000000000000004
1384.1430939854756 30.000000000000004
1384.1430939854756 30.000000000000004
1384.1430939854756 30.000000000000004
1384.1430939854756 30.000000000000004
1383.4279278989427 30.000000000000004
1382.7127618124096 30.000000000000004
1382.7127618124096 30.000000000000004
1382.7127618124096 30.000000000000004
1382.7127618124096 30.000000000000004
1382.7127618124096 30.000000000000004
1381.9975957258757 30.000000000000004
1381.9975957258757 30.000000000000004
1381.9975957258757 30.000000000000004
1381.9975957258757 30.000000000000004
1381.9975957258757 30.000000000000004
1381.2824296393414 30.000000000000004
1381.2824296393414 30.000000000000004
1381.2824296393414 30.000000000000004
1381.2824296393414 30.000000000000004
1381.2824296393414 30.000000000000004
1381.2824296393414 30.000000000000004
1381.2824296393414 30.000000000000004
1381.2824296393414 30.000000000000004
1381.2824296393414 30.000000000000004
1381.2824296393414 30.000000000000004
1381.2824296393414 30.000000000000004
1381.2824296393414 30.000000000000004
1381.2824296393414 30.000000000000004
1381.2824296393414 30.000000000000004
1381.2824296393414 30.000000000000004
1381.2824296393414 30.000000000000004
1381.2824296393414 30.000000000000004
1381.2824296393414 30.000000000000004
1381.2824296393414 30.000000000000004
1380.567263552807 30.000000000000004
1380.567263552807 30.000000000000004
1380.567263552807 30.000000000000004
1380.567263552807 30.000000000000004
1380.567263552807 30.000000000000004
1379.1369313797363 30.000000000000004
1378.4217652932002 30.000000000000004
1377.706599206664 30.000000000000004
1376.9914331201269 30.000000000000004
1376.9914331201269 30.000000000000004
1376.9914331201269 30.000000000000004
1376.9914331201269 30.000000000000004
1376.2762670335896 30.000000000000004
1376.2762670335896 30.000000000000004
1376.2762670335896 30.000000000000004
1376.2762670335896 30.000000000000004
1375.5611009470517 30.000000000000004
1375.5611009470517 30.000000000000004
1375.5611009470517 30.000000000000004
1375.5611009470517 30.000000000000004
1374.8459348605136 30.000000000000004
1374.8459348605136 30.000000000000004
1374.8459348605136 30.000000000000004
1374.1307687739748 30.000000000000004
1374.1307687739748 30.000000000000004
1374.1307687739748 30.000000000000004
1371.9852705143558 30.000000000000004
1371.9852705143558 30.000000000000004
1371.9852705143558 30.000000000000004
1370.554938341274 30.000000000000004
1370.554938341274 30.000000000000004
1369.1246061681904 30.000000000000004
1369.1246061681904 30.000000000000004
1368.409440081648 30.000000000000004
1366.9791079085612 30.000000000000004
1365.5487757354726 30.000000000000004
1364.1184435623823 30.000000000000004
1364.1184435623823 30.000000000000004
1364.1184435623823 30.000000000000004
1363.4032774758361 30.000000000000004
1362.6881113892896 30.000000000000004
1362.6881113892896 30.000000000000004
1360.5426131296467 30.000000000000004
1359.112280956549 30.000000000000004
1359.112280956549 30.000000000000004
1358.3971148699993 30.000000000000004
1357.6819487834491 30.000000000000004
1357.6819487834491 30.000000000000004
1357.6819487834491 30.000000000000004
1356.9667826968982 30.000000000000004
1356.251616610347 30.000000000000004
1356.251616610347 30.000000000000004
1356.251616610347 30.000000000000004
1355.5364505237953 30.000000000000004
1355.5364505237953 30.000000000000004
1355.5364505237953 30.000000000000004
1354.8212844372429 30.000000000000004
1354.8212844372429 30.000000000000004
1354.8212844372429 30.000000000000004
1354.8212844372429 30.000000000000004
1354.8212844372429 30.000000000000004
1354.8212844372429 30.000000000000004
1354.10611835069 30.000000000000004
1353.3909522641366 30.000000000000004
1351.9606200910282 30.000000000000004
1349.0999557448044 30.000000000000004
1348.3847896582472 30.000000000000004
1347.6696235716893 30.000000000000004
1346.954457485131 30.000000000000004
1346.954457485131 30.000000000000004
1345.8817083552922 30.000000000000004
1344.451376182172 30.000000000000004
1343.7362100956109 30.000000000000004
1343.7362100956109 30.000000000000004
1343.7362100956109 30.000000000000004
1343.0210440090493 30.000000000000004
1341.5907118359246 30.000000000000004
1340.875545749361 30.000000000000004
1340.875545749361 30.000000000000004
1340.875545749361 30.000000000000004
1339.4452135762326 30.000000000000004
1338.0148814031018 30.000000000000004
1338.0148814031018 30.000000000000004
1338.0148814031018 30.000000000000004
1338.0148814031018 30.000000000000004
1337.2997153165354 30.000000000000004
1336.5845492299684 30.000000000000004
1335.869383143401 30.000000000000004
1335.1542170568327 30.000000000000004
1333.0087187971246 30.000000000000004
1333.0087187971246 30.000000000000004
1333.0087187971246 30.000000000000004
1333.0087187971246 30.000000000000004
1332.293552710554 30.000000000000004
1332.293552710554 30.000000000000004
1332.293552710554 30.000000000000004
1330.8632205374108 30.000000000000004
1330.8632205374108 30.000000000000004
1330.8632205374108 30.000000000000004
1330.1480544508383 30.000000000000004
1329.4328883642652 30.000000000000004
1328.002556191117 30.000000000000004
1327.2873901045418 30.000000000000004
1328.002556191117 30.000000000000004
1326.5722240179662 30.000000000000004
1326.5722240179662 30.000000000000004
1326.5722240179662 30.000000000000004
1325.8570579313898 30.000000000000004
1325.141891844813 30.000000000000004
1325.141891844813 30.000000000000004
1324.4267257582353 30.000000000000004
1324.4267257582353 30.000000000000004
1324.4267257582353 30.000000000000004
1324.4267257582353 30.000000000000004
1323.711559671657 30.000000000000004
1322.2812274984985 30.000000000000004
1321.566061411918 30.000000000000004
1320.8508953253372 30.000000000000004
1320.1357292387556 30.000000000000004
1320.1357292387556 30.000000000000004
1320.1357292387556 30.000000000000004
1319.4205631521734 30.000000000000004
1320.1357292387556 30.000000000000004
1319.4205631521734 30.000000000000004
1318.7053970655904 30.000000000000004
1317.9902309790068 30.000000000000004
1317.9902309790068 30.000000000000004
1317.9902309790068 30.000000000000004
1317.2750648924225 30.000000000000004
1317.2750648924225 30.000000000000004
1317.9902309790068 30.000000000000004
1317.2750648924225 30.000000000000004
1316.5598988058375 30.000000000000004
1315.8447327192519 30.000000000000004
1315.8447327192519 30.000000000000004
1315.1295666326655 30.000000000000004
1315.1295666326655 30.000000000000004
1313.6992344594908 30.000000000000004
1312.2689022863133 30.000000000000004
1311.5537361997235 30.000000000000004
1310.838570113133 30.000000000000004
1310.4809870698375 30.000000000000004
1310.4809870698375 30.000000000000004
1310.4809870698375 30.000000000000004
1309.765820983246 30.000000000000004
1310.1234040265417 30.000000000000004
1308.6930718533572 30.000000000000004
1308.6930718533572 30.000000000000004
1308.6930718533572 30.000000000000004
1307.26273968017 30.000000000000004
1307.26273968017 30.000000000000004
1307.26273968017 30.000000000000004
1307.26273968017 30.000000000000004
1306.5475735935752 30.000000000000004
1306.5475735935752 30.000000000000004
1306.5475735935752 30.000000000000004
1305.8324075069797 30.000000000000004
1305.8324075069797 30.000000000000004
1305.8324075069797 30.000000000000004
1305.8324075069797 30.000000000000004
1305.8324075069797 30.000000000000004
1305.1172414203834 30.000000000000004
1305.1172414203834 30.000000000000004
1305.1172414203834 30.000000000000004
1305.1172414203834 30.000000000000004
1305.1172414203834 30.000000000000004
1305.1172414203834 30.000000000000004
1305.1172414203834 30.000000000000004
1305.1172414203834 30.000000000000004
1305.1172414203834 30.000000000000004
1305.1172414203834 30.000000000000004
1305.1172414203834 30.000000000000004
1305.1172414203834 30.000000000000004
1305.1172414203834 30.000000000000004
1305.1172414203834 30.000000000000004
1305.1172414203834 30.000000000000004
1305.1172414203834 30.000000000000004
1305.1172414203834 30.000000000000004
