iEACOP
1595.1170895052471 30.000000000000004
1492.848339135022 30.000000000000004
1678.0763555447916 30.000000000000004
1769.6176146334221 30.000000000000004
1791.787763321208 30.000000000000004
1822.539905051171 30.000000000000004
1823.25507113794 30.000000000000004
1836.1280606999883 30.000000000000004
1833.9825624396192 30.000000000000004
1842.5645554811636 30.000000000000004
1837.558392873574 30.000000000000004
1837.558392873574 30.000000000000004
1837.558392873574 30.000000000000004
1846.855552002004 30.000000000000004
1840.4190572207604 30.000000000000004
1846.855552002004 30.000000000000004
1848.285884175628 30.000000000000004
1849.0010502624418 30.000000000000004
1845.4252198283857 30.000000000000004
1839.7038911339619 30.000000000000004
1840.4190572207604 30.000000000000004
1839.7038911339619 30.000000000000004
1844.7100537415781 30.000000000000004
1843.994887654772 30.000000000000004
1843.994887654772 30.000000000000004
1843.279721567967 30.000000000000004
1834.6977285264074 30.000000000000004
1834.6977285264074 30.000000000000004
1830.4067320056956 30.000000000000004
1831.1218980924777 30.000000000000004
1828.9763998321346 30.000000000000004
1831.1218980924777 30.000000000000004
1825.400569398254 30.000000000000004
1828.261233745356 30.000000000000004
1828.261233745356 30.000000000000004
1823.25507113794 30.000000000000004
1824.6854033114812 30.000000000000004
1823.97023722471 30.000000000000004
1824.6854033114812 30.000000000000004
1823.25507113794 30.000000000000004
1816.1034102703047 30.000000000000004
1816.8185763570627 30.000000000000004
1814.6730780967919 30.000000000000004
1811.81241374978 30.000000000000004
1808.9517494027868 30.000000000000004
1803.945586795593 30.000000000000004
1800.369756361917 30.000000000000004
1791.787763321208 30.000000000000004
1789.6422650610557 30.000000000000004
1789.6422650610557 30.000000000000004
1785.3512685407795 30.000000000000004
1788.2119328876258 30.000000000000004
1786.0664346274893 30.000000000000004
1785.3512685407795 30.000000000000004
1781.0602720205413 30.000000000000004
1778.1996076737369 30.000000000000004
1778.9147737604367 30.000000000000004
1778.9147737604367 30.000000000000004
1776.0541094136447 30.000000000000004
1778.9147737604367 30.000000000000004
1780.3451059338386 30.000000000000004
1778.9147737604367 30.000000000000004
1778.9147737604367 30.000000000000004
1779.629939847137 30.000000000000004
1778.9147737604367 30.000000000000004
1780.3451059338386 30.000000000000004
1779.629939847137 30.000000000000004
1777.4844415870384 30.000000000000004
1776.7692755003409 30.000000000000004
1770.3327807201094 30.000000000000004
1769.6176146334221 30.000000000000004
1768.1872824600505 30.000000000000004
1767.4721163733661 30.000000000000004
1769.6176146334221 30.000000000000004
1769.6176146334221 30.000000000000004
1768.9024485467357 30.000000000000004
1766.7569502866827 30.000000000000004
1764.6114520266387 30.000000000000004
1763.8962859399594 30.000000000000004
1764.6114520266387 30.000000000000004
1762.4659537666034 30.000000000000004
1759.6052894199033 30.000000000000004
1758.8901233332308 30.000000000000004
1757.4597911598885 30.000000000000004
1759.6052894199033 30.000000000000004
1757.4597911598885 30.000000000000004
1756.02945898655 30.000000000000004
1756.02945898655 30.000000000000004
1752.4536285532206 30.000000000000004
1752.4536285532206 30.000000000000004
1755.3142928998823 30.000000000000004
1754.5991268132154 30.000000000000004
1757.4597911598885 30.000000000000004
1756.7446250732187 30.000000000000004
1753.1687946398845 30.000000000000004
1752.4536285532206 30.000000000000004
1750.308130293234 30.000000000000004
1745.3019676866315 30.000000000000004
1744.5868015999777 30.000000000000004
1743.1564694266726 30.000000000000004
1744.5868015999777 30.000000000000004
1744.5868015999777 30.000000000000004
1743.8716355133247 30.000000000000004
1742.4413033400217 30.000000000000004
1743.1564694266726 30.000000000000004
1745.3019676866315 30.000000000000004
1741.7261372533715 30.000000000000004
1741.0109711667221 30.000000000000004
1742.4413033400217 30.000000000000004
1742.4413033400217 30.000000000000004
1746.0171337732863 30.000000000000004
1748.8777981199144 30.000000000000004
1751.0232963798953 30.000000000000004
1751.7384624665574 30.000000000000004
1749.5929642065737 30.000000000000004
1750.308130293234 30.000000000000004
1748.8777981199144 30.000000000000004
1749.5929642065737 30.000000000000004
1748.8777981199144 30.000000000000004
1749.5929642065737 30.000000000000004
1748.8777981199144 30.000000000000004
1747.4474659465984 30.000000000000004
1749.5929642065737 30.000000000000004
1748.8777981199144 30.000000000000004
1747.4474659465984 30.000000000000004
1746.7322998599418 30.000000000000004
1746.0171337732863 30.000000000000004
1743.1564694266726 30.000000000000004
1742.4413033400217 30.000000000000004
1740.2958050800737 30.000000000000004
1739.5806389934262 30.000000000000004
1737.4351407334889 30.000000000000004
1736.0048085602018 30.000000000000004
1736.719974646845 30.000000000000004
1736.0048085602018 30.000000000000004
1733.859310300278 30.000000000000004
1734.5744763869184 30.000000000000004
1733.1441442136384 30.000000000000004
1733.1441442136384 30.000000000000004
1732.4289781269995 30.000000000000004
1730.2834798670885 30.000000000000004
1730.2834798670885 30.000000000000004
1726.7076494339208 30.000000000000004
1725.9924833472896 30.000000000000004
1726.7076494339208 30.000000000000004
1729.5683137804533 30.000000000000004
1728.8531476938188 30.000000000000004
1728.1379816071853 30.000000000000004
1727.4228155205526 30.000000000000004
1725.9924833472896 30.000000000000004
1726.7076494339208 30.000000000000004
1725.2773172606594 30.000000000000004
1722.416652914147 30.000000000000004
1722.416652914147 30.000000000000004
1720.9863207408957 30.000000000000004
1720.2711546542714 30.000000000000004
1718.125656394403 30.000000000000004
1717.410490307782 30.000000000000004
1715.2649920479234 30.000000000000004
1714.5498259613055 30.000000000000004
1711.6891616148419 30.000000000000004
1709.5436633550023 30.000000000000004
1707.3981650951698 30.000000000000004
1704.5375007487373 30.000000000000004
1702.392002488921 30.000000000000004
1702.392002488921 30.000000000000004
1697.385839882709 30.000000000000004
1697.385839882709 30.000000000000004
1695.9555077095122 30.000000000000004
1694.5251755363183 30.000000000000004
1690.9493451033463 30.000000000000004
1689.5190129301625 30.000000000000004
1689.5190129301625 30.000000000000004
1688.0886807569814 30.000000000000004
1688.0886807569814 30.000000000000004
1684.5128503240412 30.000000000000004
1680.937019891118 30.000000000000004
1681.6521859777013 30.000000000000004
1680.937019891118 30.000000000000004
1680.2218538045354 30.000000000000004
1681.6521859777013 30.000000000000004
1680.937019891118 30.000000000000004
1680.2218538045354 30.000000000000004
1680.2218538045354 30.000000000000004
1679.5066877179534 30.000000000000004
1678.7915216313722 30.000000000000004
1678.0763555447916 30.000000000000004
1676.6460233716325 30.000000000000004
1677.3611894582118 30.000000000000004
1677.3611894582118 30.000000000000004
1676.6460233716325 30.000000000000004
1675.930857285054 30.000000000000004
1675.930857285054 30.000000000000004
1677.3611894582118 30.000000000000004
1676.6460233716325 30.000000000000004
1676.6460233716325 30.000000000000004
1675.930857285054 30.000000000000004
1677.3611894582118 30.000000000000004
1677.3611894582118 30.000000000000004
1675.930857285054 30.000000000000004
1673.785359025322 30.000000000000004
1673.785359025322 30.000000000000004
1673.785359025322 30.000000000000004
1672.3550268521706 30.000000000000004
1671.6398607655958 30.000000000000004
1670.2095285924481 30.000000000000004
1668.7791964193032 30.000000000000004
1668.7791964193032 30.000000000000004
1668.7791964193032 30.000000000000004
1668.7791964193032 30.000000000000004
1668.0640303327316 30.000000000000004
1665.9185320730207 30.000000000000004
1665.9185320730207 30.000000000000004
1663.7730338133154 30.000000000000004
1663.7730338133154 30.000000000000004
1660.91236946705 30.000000000000004
1660.91236946705 30.000000000000004
1663.7730338133154 30.000000000000004
1663.057867726748 30.000000000000004
1662.3427016401813 30.000000000000004
1660.197203380485 30.000000000000004
1658.766871207357 30.000000000000004
1657.3365390342317 30.000000000000004
1657.3365390342317 30.000000000000004
1658.0517051207942 30.000000000000004
1656.62137294767 30.000000000000004
1655.1910407745477 30.000000000000004
1653.7607086014282 30.000000000000004
1653.7607086014282 30.000000000000004
1653.7607086014282 30.000000000000004
1653.045542514869 30.000000000000004
1651.6152103417528 30.000000000000004
1650.9000442551956 30.000000000000004
1652.3303764283107 30.000000000000004
1652.3303764283107 30.000000000000004
1650.1848781686388 30.000000000000004
1651.6152103417528 30.000000000000004
1650.1848781686388 30.000000000000004
1650.1848781686388 30.000000000000004
1651.6152103417528 30.000000000000004
1650.9000442551956 30.000000000000004
1648.0393799089718 30.000000000000004
1648.0393799089718 30.000000000000004
1646.6090477358634 30.000000000000004
1645.1787155627571 30.000000000000004
1642.3180512165509 30.000000000000004
1642.3180512165509 30.000000000000004
1642.3180512165509 30.000000000000004
1642.3180512165509 30.000000000000004
1640.887719043451 30.000000000000004
1639.4573868703533 30.000000000000004
1638.7422207838051 30.000000000000004
1638.0270546972574 30.000000000000004
1635.1663903510723 30.000000000000004
1634.4512242645274 30.000000000000004
1635.1663903510723 30.000000000000004
1635.1663903510723 30.000000000000004
1635.1663903510723 30.000000000000004
1634.4512242645274 30.000000000000004
1633.0208920914388 30.000000000000004
1633.0208920914388 30.000000000000004
1633.7360581779828 30.000000000000004
1635.1663903510723 30.000000000000004
1637.3118886107104 30.000000000000004
1635.1663903510723 30.000000000000004
1633.7360581779828 30.000000000000004
1631.590559918352 30.000000000000004
1632.3057260048952 30.000000000000004
1630.1602277452675 30.000000000000004
1629.445061658726 30.000000000000004
1629.445061658726 30.000000000000004
1628.729895572185 30.000000000000004
1627.299563399104 30.000000000000004
1625.8692312260252 30.000000000000004
1625.8692312260252 30.000000000000004
1623.0085668798731 30.000000000000004
1620.8630686202637 30.000000000000004
1618.7175703606586 30.000000000000004
1618.0024042741243 30.000000000000004
1617.2872381875904 30.000000000000004
1615.141739927992 30.000000000000004
1614.42657384146 30.000000000000004
1613.7114077549281 30.000000000000004
1613.7114077549281 30.000000000000004
1612.996241668397 30.000000000000004
1610.850743408806 30.000000000000004
1610.1355773222765 30.000000000000004
1610.1355773222765 30.000000000000004
1610.1355773222765 30.000000000000004
1610.1355773222765 30.000000000000004
1608.7052451492186 30.000000000000004
1607.9900790626903 30.000000000000004
1605.8445808031079 30.000000000000004
1605.8445808031079 30.000000000000004
1605.1294147165813 30.000000000000004
1605.1294147165813 30.000000000000004
1602.9839164570035 30.000000000000004
1601.5535842839536 30.000000000000004
1602.2687503704783 30.000000000000004
1602.9839164570035 30.000000000000004
1602.9839164570035 30.000000000000004
1602.9839164570035 30.000000000000004
1604.4142486300548 30.000000000000004
1602.9839164570035 30.000000000000004
1602.9839164570035 30.000000000000004
1601.5535842839536 30.000000000000004
1601.5535842839536 30.000000000000004
1600.838418197429 30.000000000000004
1600.838418197429 30.000000000000004
1601.5535842839536 30.000000000000004
1600.838418197429 30.000000000000004
1600.838418197429 30.000000000000004
1600.838418197429 30.000000000000004
1600.123252110905 30.000000000000004
1600.123252110905 30.000000000000004
1599.0505029811197 30.000000000000004
1599.765669067643 30.000000000000004
1599.0505029811197 30.000000000000004
1600.123252110905 30.000000000000004
1597.9777538513354 30.000000000000004
1597.9777538513354 30.000000000000004
1596.5474216782904 30.000000000000004
1595.1170895052471 30.000000000000004
1591.898842115905 30.000000000000004
1591.541259072645 30.000000000000004
1589.395760813088 30.000000000000004
1587.6078455967927 30.000000000000004
1585.8199303804993 30.000000000000004
1584.7471812507242 30.000000000000004
1582.6016829911764 30.000000000000004
1582.2440999479186 30.000000000000004
1581.5289338614034 30.000000000000004
1580.8137677748884 30.000000000000004
1580.8137677748884 30.000000000000004
1583.6744321209499 30.000000000000004
1583.6744321209499 30.000000000000004
1583.6744321209499 30.000000000000004
1582.9592660344342 30.000000000000004
1580.8137677748884 30.000000000000004
1580.8137677748884 30.000000000000004
1580.8137677748884 30.000000000000004
1580.098601688374 30.000000000000004
1579.3834356018597 30.000000000000004
1579.3834356018597 30.000000000000004
1579.3834356018597 30.000000000000004
1579.3834356018597 30.000000000000004
1578.6682695153456 30.000000000000004
1577.9531034288318 30.000000000000004
1577.2379373423184 30.000000000000004
1577.2379373423184 30.000000000000004
1576.5227712558053 30.000000000000004
1575.8076051692924 30.000000000000004
1575.8076051692924 30.000000000000004
1575.09243908278 30.000000000000004
1574.3772729962675 30.000000000000004
1574.3772729962675 30.000000000000004
1574.3772729962675 30.000000000000004
1572.946940823244 30.000000000000004
1572.2317747367324 30.000000000000004
1571.516608650221 30.000000000000004
1572.2317747367324 30.000000000000004
1571.516608650221 30.000000000000004
1570.0862764771996 30.000000000000004
1568.655944304179 30.000000000000004
1567.940778217669 30.000000000000004
1567.940778217669 30.000000000000004
1567.2256121311593 30.000000000000004
1567.2256121311593 30.000000000000004
1567.2256121311593 30.000000000000004
1567.2256121311593 30.000000000000004
1567.940778217669 30.000000000000004
1567.940778217669 30.000000000000004
1566.51044604465 30.000000000000004
1566.51044604465 30.000000000000004
1565.7952799581408 30.000000000000004
1565.080113871632 30.000000000000004
1564.3649477851231 30.000000000000004
1562.9346156121067 30.000000000000004
1562.9346156121067 30.000000000000004
1562.9346156121067 30.000000000000004
1563.6497816986148 30.000000000000004
1562.9346156121067 30.000000000000004
1560.7891173525834 30.000000000000004
1560.0739512660762 30.000000000000004
1559.3587851795692 30.000000000000004
1558.6436190930622 30.000000000000004
1557.9284530065556 30.000000000000004
1558.6436190930622 30.000000000000004
1558.6436190930622 30.000000000000004
1558.6436190930622 30.000000000000004
1557.2132869200493 30.000000000000004
1557.2132869200493 30.000000000000004
1556.498120833543 30.000000000000004
1557.2132869200493 30.000000000000004
1557.2132869200493 30.000000000000004
1557.9284530065556 30.000000000000004
1557.9284530065556 30.000000000000004
1557.2132869200493 30.000000000000004
1555.7829547470371 30.000000000000004
1556.498120833543 30.000000000000004
1555.7829547470371 30.000000000000004
1555.7829547470371 30.000000000000004
1555.0677886605313 30.000000000000004
1556.498120833543 30.000000000000004
1556.498120833543 30.000000000000004
1556.498120833543 30.000000000000004
1556.498120833543 30.000000000000004
1557.2132869200493 30.000000000000004
1557.2132869200493 30.000000000000004
1557.2132869200493 30.000000000000004
1556.498120833543 30.000000000000004
1555.425371703784 30.000000000000004
1555.425371703784 30.000000000000004
1555.425371703784 30.000000000000004
1555.425371703784 30.000000000000004
1553.6374564875205 30.000000000000004
1553.6374564875205 30.000000000000004
1552.9222904010153 30.000000000000004
1552.2071243145103 30.000000000000004
1551.4919582280054 30.000000000000004
1552.2071243145103 30.000000000000004
1550.776792141501 30.000000000000004
1548.2737108387364 30.000000000000004
1547.5585447522326 30.000000000000004
1548.9888769252402 30.000000000000004
1547.9161277954845 30.000000000000004
1547.5585447522326 30.000000000000004
1545.770629535974 30.000000000000004
1543.9827143197165 30.000000000000004
1542.19479910346 30.000000000000004
1542.19479910346 30.000000000000004
1541.4796330169575 30.000000000000004
1541.1220499737065 30.000000000000004
1539.6917178007025 30.000000000000004
1537.1886364979466 30.000000000000004
1536.1158873681948 30.000000000000004
1535.7583043249442 30.000000000000004
1535.7583043249442 30.000000000000004
1535.0431382384431 30.000000000000004
1535.4007212816937 30.000000000000004
1534.6855551951926 30.000000000000004
1533.6128060654414 30.000000000000004
1532.1824738924404 30.000000000000004
1532.8976399789408 30.000000000000004
1531.82489084919 30.000000000000004
1530.3945586761895 30.000000000000004
1529.6793925896893 30.000000000000004
1527.1763112869398 30.000000000000004
1526.4611452004401 30.000000000000004
1525.7459791139406 30.000000000000004
1522.1701486814443 30.000000000000004
1521.4549825949452 30.000000000000004
1520.0246504219474 30.000000000000004
1521.0973995516958 30.000000000000004
1521.0973995516958 30.000000000000004
1520.3822334651968 30.000000000000004
1518.9519012921994 30.000000000000004
1518.9519012921994 30.000000000000004
1518.9519012921994 30.000000000000004
1518.9519012921994 30.000000000000004
1518.9519012921994 30.000000000000004
1518.2367352057006 30.000000000000004
1517.8791521624514 30.000000000000004
1517.8791521624514 30.000000000000004
1517.8791521624514 30.000000000000004
1517.521569119202 30.000000000000004
1517.521569119202 30.000000000000004
1516.091236946205 30.000000000000004
1516.8064030327034 30.000000000000004
1515.3760708597067 30.000000000000004
1516.091236946205 30.000000000000004
1516.091236946205 30.000000000000004
1516.091236946205 30.000000000000004
1514.6609047732084 30.000000000000004
1513.94573868671 30.000000000000004
1512.5154065137135 30.000000000000004
1512.1578234704643 30.000000000000004
1512.8729895569625 30.000000000000004
1512.8729895569625 30.000000000000004
1512.8729895569625 30.000000000000004
1512.1578234704643 30.000000000000004
1510.727491297468 30.000000000000004
1510.0123252109702 30.000000000000004
1510.0123252109702 30.000000000000004
1509.297159124472 30.000000000000004
1509.297159124472 30.000000000000004
1509.297159124472 30.000000000000004
1508.5819930379741 30.000000000000004
1508.939576081223 30.000000000000004
1508.939576081223 30.000000000000004
1508.2244099947252 30.000000000000004
1506.0789117352315 30.000000000000004
1504.6485795622357 30.000000000000004
1504.6485795622357 30.000000000000004
1503.9334134757378 30.000000000000004
1503.21824738924 30.000000000000004
1502.5030813027422 30.000000000000004
1501.7879152162445 30.000000000000004
1500.357583043249 30.000000000000004
1500.357583043249 30.000000000000004
1500.357583043249 30.000000000000004
1500.357583043249 30.000000000000004
1499.642416956751 30.000000000000004
1498.9272508702534 30.000000000000004
1498.2120847837555 30.000000000000004
1498.2120847837555 30.000000000000004
1498.2120847837555 30.000000000000004
1496.0665865242622 30.000000000000004
1495.3514204377643 30.000000000000004
1495.3514204377643 30.000000000000004
1494.6362543512664 30.000000000000004
1493.9210882647687 30.000000000000004
1493.2059221782708 30.000000000000004
1493.2059221782708 30.000000000000004
1492.1331730485238 30.000000000000004
1491.7755900052748 30.000000000000004
1491.060423918777 30.000000000000004
1491.060423918777 30.000000000000004
1491.060423918777 30.000000000000004
1490.345257832279 30.000000000000004
1488.9149256592827 30.000000000000004
1488.1997595727846 30.000000000000004
1488.1997595727846 30.000000000000004
1487.4845934862865 30.000000000000004
1486.7694273997884 30.000000000000004
1486.05426131329 30.000000000000004
1483.908763053795 30.000000000000004
1481.7632647942994 30.000000000000004
1481.0480987078006 30.000000000000004
1479.6177665348032 30.000000000000004
1478.1874343618053 30.000000000000004
1477.472268275306 30.000000000000004
1476.757102188807 30.000000000000004
1473.8964378428095 30.000000000000004
1473.8964378428095 30.000000000000004
1472.4661056698103 30.000000000000004
1472.1085226265604 30.000000000000004
1471.7509395833106 30.000000000000004
1470.3206074103107 30.000000000000004
1468.8902752373103 30.000000000000004
1469.6054413238105 30.000000000000004
1468.8902752373103 30.000000000000004
1468.17510915081 30.000000000000004
1466.744776977809 30.000000000000004
1465.3144448048074 30.000000000000004
1463.168946545304 30.000000000000004
1461.3810313290503 30.000000000000004
1461.3810313290503 30.000000000000004
1461.3810313290503 30.000000000000004
1460.6658652425485 30.000000000000004
1461.0234482857995 30.000000000000004
1460.3082821992975 30.000000000000004
1458.1627839397913 30.000000000000004
1457.80520089654 30.000000000000004
1457.80520089654 30.000000000000004
1456.0172856802835 30.000000000000004
1454.5869535072777 30.000000000000004
1454.5869535072777 30.000000000000004
1455.3021195937806 30.000000000000004
1455.3021195937806 30.000000000000004
1455.3021195937806 30.000000000000004
1454.5869535072777 30.000000000000004
1453.156621334271 30.000000000000004
1451.0111230747598 30.000000000000004
1448.8656248152467 30.000000000000004
1448.1504587287423 30.000000000000004
1446.7201265557321 30.000000000000004
1446.7201265557321 30.000000000000004
1445.2897943827215 30.000000000000004
1443.85946220971 30.000000000000004
1441.713963950191 30.000000000000004
1441.713963950191 30.000000000000004
1441.713963950191 30.000000000000004
1440.9987978636843 30.000000000000004
1440.9987978636843 30.000000000000004
1440.2836317771773 30.000000000000004
1438.8532996041629 30.000000000000004
1438.1381335176552 30.000000000000004
1437.4229674311473 30.000000000000004
1436.7078013446394 30.000000000000004
1435.992635258131 30.000000000000004
1435.2774691716224 30.000000000000004
1433.8471369986046 30.000000000000004
1433.8471369986046 30.000000000000004
1433.1319709120953 30.000000000000004
1433.1319709120953 30.000000000000004
1433.1319709120953 30.000000000000004
1432.4168048255858 30.000000000000004
1432.4168048255858 30.000000000000004
1431.7016387390759 30.000000000000004
1431.7016387390759 30.000000000000004
1431.7016387390759 30.000000000000004
1430.6288896093108 30.000000000000004
1430.6288896093108 30.000000000000004
1430.6288896093108 30.000000000000004
1429.9137235228004 30.000000000000004
1429.556140479545 30.000000000000004
1428.8409743930342 30.000000000000004
1428.1258083065231 30.000000000000004
1425.9803100469885 30.000000000000004
1425.9803100469885 30.000000000000004
1425.2651439604763 30.000000000000004
1424.90756091722 30.000000000000004
1425.6227270037325 30.000000000000004
1425.2651439604763 30.000000000000004
1424.90756091722 30.000000000000004
1424.1923948307076 30.000000000000004
1424.1923948307076 30.000000000000004
1424.1923948307076 30.000000000000004
1424.1923948307076 30.000000000000004
1423.4772287441947 30.000000000000004
1424.1923948307076 30.000000000000004
1423.1196457009382 30.000000000000004
1423.8348117874511 30.000000000000004
1421.6893135279113 30.000000000000004
1421.6893135279113 30.000000000000004
1421.3317304846544 30.000000000000004
1421.3317304846544 30.000000000000004
1421.3317304846544 30.000000000000004
1421.3317304846544 30.000000000000004
1420.6165643981403 30.000000000000004
1419.901398311626 30.000000000000004
1419.1862322251116 30.000000000000004
1418.4710661385966 30.000000000000004
1419.1862322251116 30.000000000000004
1419.1862322251116 30.000000000000004
1418.8286491818542 30.000000000000004
1418.8286491818542 30.000000000000004
1417.3983170088236 30.000000000000004
1417.0407339655658 30.000000000000004
1416.3255678790501 30.000000000000004
1415.967984835792 30.000000000000004
1415.2528187492758 30.000000000000004
1415.967984835792 30.000000000000004
1415.2528187492758 30.000000000000004
1415.2528187492758 30.000000000000004
1414.5376526627592 30.000000000000004
1414.5376526627592 30.000000000000004
1414.5376526627592 30.000000000000004
1413.8224865762422 30.000000000000004
1413.8224865762422 30.000000000000004
1413.8224865762422 30.000000000000004
1413.107320489725 30.000000000000004
1413.107320489725 30.000000000000004
1413.107320489725 30.000000000000004
1413.107320489725 30.000000000000004
1412.3921544032073 30.000000000000004
1411.6769883166896 30.000000000000004
1413.107320489725 30.000000000000004
1413.107320489725 30.000000000000004
1411.6769883166896 30.000000000000004
1411.6769883166896 30.000000000000004
1411.6769883166896 30.000000000000004
1410.9618222301713 30.000000000000004
1410.9618222301713 30.000000000000004
1410.9618222301713 30.000000000000004
1410.9618222301713 30.000000000000004
1410.9618222301713 30.000000000000004
1410.9618222301713 30.000000000000004
1409.5314900571339 30.000000000000004
1408.8163239706146 30.000000000000004
1406.670825711055 30.000000000000004
1406.670825711055 30.000000000000004
1406.670825711055 30.000000000000004
1406.670825711055 30.000000000000004
1406.670825711055 30.000000000000004
1404.525327451492 30.000000000000004
1403.8101613649706 30.000000000000004
1402.379829191926 30.000000000000004
1401.6646631054034 30.000000000000004
1401.6646631054034 30.000000000000004
1400.9494970188803 30.000000000000004
1400.9494970188803 30.000000000000004
1399.519164845833 30.000000000000004
1398.8039987593088 30.000000000000004
1398.088832672784 30.000000000000004
1397.3736665862593 30.000000000000004
1397.3736665862593 30.000000000000004
1396.658500499734 30.000000000000004
1395.943334413208 30.000000000000004
1395.228168326682 30.000000000000004
1393.7978361536286 30.000000000000004
1393.7978361536286 30.000000000000004
1393.0826700671014 30.000000000000004
1393.0826700671014 30.000000000000004
1392.3675039805735 30.000000000000004
1390.2220057209881 30.000000000000004
1389.5068396344589 30.000000000000004
1388.7916735479291 30.000000000000004
1388.076507461399 30.000000000000004
1388.076507461399 30.000000000000004
1387.3613413748683 30.000000000000004
1387.3613413748683 30.000000000000004
1387.3613413748683 30.000000000000004
1387.3613413748683 30.000000000000004
1387.3613413748683 30.000000000000004
1386.6461752883374 30.000000000000004
1385.931009201806 30.000000000000004
1385.215843115274 30.000000000000004
1385.215843115274 30.000000000000004
1385.215843115274 30.000000000000004
1384.5006770287418 30.000000000000004
1384.5006770287418 30.000000000000004
1384.5006770287418 30.000000000000004
1384.5006770287418 30.000000000000004
1384.5006770287418 30.000000000000004
1383.7855109422094 30.000000000000004
1383.7855109422094 30.000000000000004
1383.0703448556762 30.000000000000004
1383.0703448556762 30.000000000000004
1383.7855109422094 30.000000000000004
1383.7855109422094 30.000000000000004
1383.0703448556762 30.000000000000004
1382.3551787691426 30.000000000000004
1381.6400126826086 30.000000000000004
1381.6400126826086 30.000000000000004
1380.9248465960743 30.000000000000004
1380.9248465960743 30.000000000000004
1380.9248465960743 30.000000000000004
1380.2096805095393 30.000000000000004
1379.4945144230041 30.000000000000004
1379.4945144230041 30.000000000000004
1379.4945144230041 30.000000000000004
1378.7793483364683 30.000000000000004
1378.0641822499322 30.000000000000004
1378.0641822499322 30.000000000000004
1378.0641822499322 30.000000000000004
1377.3490161633954 30.000000000000004
1375.9186839903207 30.000000000000004
1375.2035179037828 30.000000000000004
1375.2035179037828 30.000000000000004
1374.4883518172442 30.000000000000004
1373.7731857307053 30.000000000000004
1373.0580196441658 30.000000000000004
1373.0580196441658 30.000000000000004
1373.0580196441658 30.000000000000004
1372.3428535576259 30.000000000000004
1372.3428535576259 30.000000000000004
1371.6276874710854 30.000000000000004
1371.6276874710854 30.000000000000004
1371.6276874710854 30.000000000000004
1370.9125213845446 30.000000000000004
1370.9125213845446 30.000000000000004
1369.4821892114614 30.000000000000004
1369.4821892114614 30.000000000000004
1369.4821892114614 30.000000000000004
1368.0518570383763 30.000000000000004
1368.0518570383763 30.000000000000004
1367.3366909518331 30.000000000000004
1366.6215248652893 30.000000000000004
1364.476026605655 30.000000000000004
1363.7608605191092 30.000000000000004
1363.7608605191092 30.000000000000004
1363.0456944325629 30.000000000000004
1361.6153622594688 30.000000000000004
1360.900196172921 30.000000000000004
1360.900196172921 30.000000000000004
1360.900196172921 30.000000000000004
1360.900196172921 30.000000000000004
1360.900196172921 30.000000000000004
1360.900196172921 30.000000000000004
1360.1850300863725 30.000000000000004
1359.4698639998237 30.000000000000004
1358.0395318267242 30.000000000000004
1358.0395318267242 30.000000000000004
1356.6091996536227 30.000000000000004
1355.8940335670713 30.000000000000004
1355.8940335670713 30.000000000000004
1354.4637013939666 30.000000000000004
1354.4637013939666 30.000000000000004
1353.0333692208596 30.000000000000004
1353.0333692208596 30.000000000000004
1351.6030370477506 30.000000000000004
1351.6030370477506 30.000000000000004
1350.1727048746393 30.000000000000004
1350.8878709611954 30.000000000000004
1350.1727048746393 30.000000000000004
1350.1727048746393 30.000000000000004
1350.1727048746393 30.000000000000004
1349.8151218313612 30.000000000000004
1349.8151218313612 30.000000000000004
1349.8151218313612 30.000000000000004
1349.8151218313612 30.000000000000004
1349.0999557448044 30.000000000000004
1349.8151218313612 30.000000000000004
1350.5302879179176 30.000000000000004
1350.5302879179176 30.000000000000004
1350.5302879179176 30.000000000000004
1348.3847896582472 30.000000000000004
1348.3847896582472 30.000000000000004
1348.3847896582472 30.000000000000004
1346.954457485131 30.000000000000004
1346.954457485131 30.000000000000004
1345.5241253120123 30.000000000000004
1344.8089592254523 30.000000000000004
1344.0937931388917 30.000000000000004
1344.0937931388917 30.000000000000004
1344.0937931388917 30.000000000000004
1345.1665422687324 30.000000000000004
1344.451376182172 30.000000000000004
1344.451376182172 30.000000000000004
1343.7362100956109 30.000000000000004
1343.7362100956109 30.000000000000004
1343.0210440090493 30.000000000000004
1341.5907118359246 30.000000000000004
1340.875545749361 30.000000000000004
1340.1603796627971 30.000000000000004
1338.0148814031018 30.000000000000004
1338.0148814031018 30.000000000000004
1338.0148814031018 30.000000000000004
1336.5845492299684 30.000000000000004
1337.2997153165354 30.000000000000004
1335.869383143401 30.000000000000004
1334.439050970264 30.000000000000004
1333.7238848836946 30.000000000000004
1334.439050970264 30.000000000000004
1332.293552710554 30.000000000000004
1331.5783866239826 30.000000000000004
1330.1480544508383 30.000000000000004
1328.002556191117 30.000000000000004
1326.5722240179662 30.000000000000004
1325.141891844813 30.000000000000004
1323.711559671657 30.000000000000004
1322.2812274984985 30.000000000000004
1320.8508953253372 30.000000000000004
1320.8508953253372 30.000000000000004
1319.4205631521734 30.000000000000004
1319.4205631521734 30.000000000000004
1319.4205631521734 30.000000000000004
1318.7053970655904 30.000000000000004
1317.2750648924225 30.000000000000004
1315.8447327192519 30.000000000000004
1314.4144005460785 30.000000000000004
1314.4144005460785 30.000000000000004
1312.9840683729024 30.000000000000004
1312.2689022863133 30.000000000000004
1311.5537361997235 30.000000000000004
1310.1234040265417 30.000000000000004
1309.40823793995 30.000000000000004
1309.40823793995 30.000000000000004
1307.9779057667638 30.000000000000004
1307.26273968017 30.000000000000004
1307.26273968017 30.000000000000004
1306.5475735935752 30.000000000000004
1306.5475735935752 30.000000000000004
1307.26273968017 30.000000000000004
1303.6869092471889 30.000000000000004
1302.9717431605904 30.000000000000004
1303.6869092471889 30.000000000000004
1302.9717431605904 30.000000000000004
1302.9717431605904 30.000000000000004
1302.2565770739914 30.000000000000004
1300.1110788141896 30.000000000000004
1298.6807466409846 30.000000000000004
1297.2504144677769 30.000000000000004
1297.2504144677769 30.000000000000004
1295.8200822945657 30.000000000000004
1294.3897501213519 30.000000000000004
1294.032167078048 30.000000000000004
1294.7473331646556 30.000000000000004
1294.032167078048 30.000000000000004
1293.3170009914395 30.000000000000004
1291.1715027316093 30.000000000000004
1291.1715027316093 30.000000000000004
1289.7411705583854 30.000000000000004
1288.3108383851581 30.000000000000004
1286.880506211928 30.000000000000004
1285.4501740386945 30.000000000000004
1285.4501740386945 30.000000000000004
1284.7350079520766 30.000000000000004
1283.3046757788384 30.000000000000004
1281.874343605597 30.000000000000004
1281.874343605597 30.000000000000004
1280.4440114323522 30.000000000000004
1279.7288453457286 30.000000000000004
1279.0136792591043 30.000000000000004
1278.298513172479 30.000000000000004
1276.8681809992263 30.000000000000004
1276.8681809992263 30.000000000000004
1276.8681809992263 30.000000000000004
1276.8681809992263 30.000000000000004
1276.1530149125986 30.000000000000004
1274.7226827393406 30.000000000000004
1273.2923505660792 30.000000000000004
1273.2923505660792 30.000000000000004
1272.5771844794474 30.000000000000004
1271.1468523061812 30.000000000000004
1271.1468523061812 30.000000000000004
1271.1468523061812 30.000000000000004
1269.7165201329115 30.000000000000004
1268.2861879596383 30.000000000000004
1267.5710218730005 30.000000000000004
1267.213438829681 30.000000000000004
1266.498272743042 30.000000000000004
1262.9224423098333 30.000000000000004
1263.280025353155 30.000000000000004
1263.9951914397982 30.000000000000004
1262.5648592665111 30.000000000000004
1261.849693179866 30.000000000000004
1261.849693179866 30.000000000000004
1261.1345270932204 30.000000000000004
1259.7041949199263 30.000000000000004
1258.9890288332779 30.000000000000004
1258.9890288332779 30.000000000000004
1258.2738627466285 30.000000000000004
1258.2738627466285 30.000000000000004
1257.5586966599783 30.000000000000004
1256.8435305733274 30.000000000000004
1256.1283644866753 30.000000000000004
1254.6980323133685 30.000000000000004
1253.2677001400582 30.000000000000004
1251.837367966744 30.000000000000004
1251.837367966744 30.000000000000004
1251.837367966744 30.000000000000004
1251.837367966744 30.000000000000004
1250.4070357934263 30.000000000000004
1250.4070357934263 30.000000000000004
1248.9767036201047 30.000000000000004
1248.9767036201047 30.000000000000004
1250.4070357934263 30.000000000000004
1248.2615375334426 30.000000000000004
1246.8312053601155 30.000000000000004
1246.1160392734505 30.000000000000004
1245.4008731867846 30.000000000000004
1243.97054101345 30.000000000000004
1243.97054101345 30.000000000000004
1243.2553749267813 30.000000000000004
1243.2553749267813 30.000000000000004
1243.2553749267813 30.000000000000004
1243.2553749267813 30.000000000000004
1243.2553749267813 30.000000000000004
1242.5402088401115 30.000000000000004
1241.8250427534408 30.000000000000004
1241.8250427534408 30.000000000000004
1241.8250427534408 30.000000000000004
1241.1098766667692 30.000000000000004
1240.3947105800967 30.000000000000004
1240.3947105800967 30.000000000000004
1239.679544493423 30.000000000000004
1239.679544493423 30.000000000000004
1239.679544493423 30.000000000000004
1239.679544493423 30.000000000000004
1237.5340462333966 30.000000000000004
1237.5340462333966 30.000000000000004
1236.8188801467193 30.000000000000004
1236.8188801467193 30.000000000000004
1235.3885479733613 30.000000000000004
1235.3885479733613 30.000000000000004
1235.3885479733613 30.000000000000004
1235.3885479733613 30.000000000000004
1235.3885479733613 30.000000000000004
1235.3885479733613 30.000000000000004
1234.673381886681 30.000000000000004
1234.673381886681 30.000000000000004
1234.673381886681 30.000000000000004
1234.673381886681 30.000000000000004
1233.9582157999996 30.000000000000004
1233.2430497133173 30.000000000000004
1233.2430497133173 30.000000000000004
1233.2430497133173 30.000000000000004
1233.2430497133173 30.000000000000004
1233.2430497133173 30.000000000000004
1231.8127175399495 30.000000000000004
1231.0975514532643 30.000000000000004
1231.0975514532643 30.000000000000004
1231.0975514532643 30.000000000000004
1230.3823853665779 30.000000000000004
1229.6672192798906 30.000000000000004
1229.6672192798906 30.000000000000004
1228.9520531932021 30.000000000000004
1228.9520531932021 30.000000000000004
1228.9520531932021 30.000000000000004
1228.9520531932021 30.000000000000004
1228.9520531932021 30.000000000000004
1228.9520531932021 30.000000000000004
1228.2368871065128 30.000000000000004
1228.2368871065128 30.000000000000004
1228.2368871065128 30.000000000000004
1228.2368871065128 30.000000000000004
1228.2368871065128 30.000000000000004
1228.2368871065128 30.000000000000004
1229.3096362365463 30.000000000000004
1229.3096362365463 30.000000000000004
1229.3096362365463 30.000000000000004
1228.5944701498577 30.000000000000004
1228.5944701498577 30.000000000000004
1228.5944701498577 30.000000000000004
1227.8793040631676 30.000000000000004
1227.8793040631676 30.000000000000004
1227.8793040631676 30.000000000000004
1227.8793040631676 30.000000000000004
1227.8793040631676 30.000000000000004
1227.8793040631676 30.000000000000004
1227.8793040631676 30.000000000000004
1227.8793040631676 30.000000000000004
1227.8793040631676 30.000000000000004
1227.8793040631676 30.000000000000004
1227.8793040631676 30.000000000000004
1227.8793040631676 30.000000000000004
1227.8793040631676 30.000000000000004
