jSOa
1683.0825181508699 30.000000000000004
1738.8654729067796 30.000000000000004
1488.5573426160338 30.000000000000004
1454.229370464026 30.000000000000004
1437.0653843878933 30.000000000000004
1369.1246061681904 30.000000000000004
1387.7189244181336 30.000000000000004
1421.3317304846544 30.000000000000004
1344.8089592254523 30.000000000000004
1390.5795887642525 30.000000000000004
1414.8952357060175 30.000000000000004
1375.5611009470517 30.000000000000004
1380.567263552807 30.000000000000004
1393.4402531103651 30.000000000000004
1357.6819487834491 30.000000000000004
1370.554938341274 30.000000000000004
1394.1554191968921 30.000000000000004
1355.5364505237953 30.000000000000004
1371.9852705143558 30.000000000000004
1347.6696235716893 30.000000000000004
1349.8151218313612 30.000000000000004
1354.8212844372429 30.000000000000004
1336.942132273252 30.000000000000004
1327.6449731478294 30.000000000000004
1341.9482948792058 30.000000000000004
1324.7843088015243 30.000000000000004
1325.4994748881015 30.000000000000004
1327.6449731478294 30.000000000000004
1304.0444922904878 30.000000000000004
1307.6203227234669 30.000000000000004
1314.7719835893722 30.000000000000004
1292.6018349048302 30.000000000000004
1292.6018349048302 30.000000000000004
1294.7473331646556 30.000000000000004
1284.019841865458 30.000000000000004
1291.8866688182202 30.000000000000004
1299.0383296842863 30.000000000000004
1286.880506211928 30.000000000000004
1288.3108383851581 30.000000000000004
1291.1715027316093 30.000000000000004
1271.8620183928147 30.000000000000004
1267.5710218730005 30.000000000000004
1266.8558557863616 30.000000000000004
1258.9890288332779 30.000000000000004
1264.7103575264402 30.000000000000004
1269.7165201329115 30.000000000000004
1266.8558557863616 30.000000000000004
1261.1345270932204 30.000000000000004
1265.4255236130816 30.000000000000004
1251.837367966744 30.000000000000004
1258.9890288332779 30.000000000000004
1261.849693179866 30.000000000000004
1266.8558557863616 30.000000000000004
1258.9890288332779 30.000000000000004
1268.2861879596383 30.000000000000004
1273.2923505660792 30.000000000000004
1265.4255236130816 30.000000000000004
1269.0013540462753 30.000000000000004
1272.5771844794474 30.000000000000004
1269.7165201329115 30.000000000000004
1269.7165201329115 30.000000000000004
1274.0075166527104 30.000000000000004
1270.4316862195467 30.000000000000004
1269.0013540462753 30.000000000000004
1269.7165201329115 30.000000000000004
1266.8558557863616 30.000000000000004
1266.140689699722 30.000000000000004
1266.140689699722 30.000000000000004
1263.280025353155 30.000000000000004
1265.4255236130816 30.000000000000004
1263.280025353155 30.000000000000004
1259.7041949199263 30.000000000000004
1256.1283644866753 30.000000000000004
1251.1222018800856 30.000000000000004
1250.4070357934263 30.000000000000004
1248.2615375334426 30.000000000000004
1248.2615375334426 30.000000000000004
1253.9828662267137 30.000000000000004
1251.1222018800856 30.000000000000004
1252.5525340534016 30.000000000000004
1251.837367966744 30.000000000000004
1252.5525340534016 30.000000000000004
1248.9767036201047 30.000000000000004
1248.9767036201047 30.000000000000004
1256.1283644866753 30.000000000000004
1249.691869706766 30.000000000000004
1255.4131984000223 30.000000000000004
1256.8435305733274 30.000000000000004
1251.1222018800856 30.000000000000004
1253.9828662267137 30.000000000000004
1256.1283644866753 30.000000000000004
1263.280025353155 30.000000000000004
1259.7041949199263 30.000000000000004
1259.7041949199263 30.000000000000004
1257.5586966599783 30.000000000000004
1254.6980323133685 30.000000000000004
1257.5586966599783 30.000000000000004
1261.849693179866 30.000000000000004
1260.4193610065738 30.000000000000004
1256.1283644866753 30.000000000000004
1257.5586966599783 30.000000000000004
1260.4193610065738 30.000000000000004
1253.9828662267137 30.000000000000004
1256.1283644866753 30.000000000000004
1256.8435305733274 30.000000000000004
1250.4070357934263 30.000000000000004
1248.2615375334426 30.000000000000004
1249.691869706766 30.000000000000004
1248.9767036201047 30.000000000000004
1246.1160392734505 30.000000000000004
1243.97054101345 30.000000000000004
1246.8312053601155 30.000000000000004
1246.1160392734505 30.000000000000004
1243.97054101345 30.000000000000004
1243.97054101345 30.000000000000004
1243.2553749267813 30.000000000000004
1248.2615375334426 30.000000000000004
1246.8312053601155 30.000000000000004
1248.2615375334426 30.000000000000004
1247.5463714467794 30.000000000000004
1244.6857071001177 30.000000000000004
1245.4008731867846 30.000000000000004
1247.5463714467794 30.000000000000004
1249.691869706766 30.000000000000004
1246.8312053601155 30.000000000000004
1248.2615375334426 30.000000000000004
1248.9767036201047 30.000000000000004
1248.9767036201047 30.000000000000004
1246.1160392734505 30.000000000000004
1243.2553749267813 30.000000000000004
1241.8250427534408 30.000000000000004
1243.2553749267813 30.000000000000004
1238.9643784067487 30.000000000000004
1237.5340462333966 30.000000000000004
1238.249212320073 30.000000000000004
1234.673381886681 30.000000000000004
1235.3885479733613 30.000000000000004
1234.673381886681 30.000000000000004
1233.2430497133173 30.000000000000004
1232.5278836266339 30.000000000000004
1231.8127175399495 30.000000000000004
1233.9582157999996 30.000000000000004
1235.3885479733613 30.000000000000004
1233.9582157999996 30.000000000000004
1236.1037140600406 30.000000000000004
1233.9582157999996 30.000000000000004
1231.8127175399495 30.000000000000004
1229.6672192798906 30.000000000000004
1231.0975514532643 30.000000000000004
1231.0975514532643 30.000000000000004
1233.9582157999996 30.000000000000004
1230.3823853665779 30.000000000000004
1229.6672192798906 30.000000000000004
1230.3823853665779 30.000000000000004
1231.0975514532643 30.000000000000004
1230.3823853665779 30.000000000000004
1228.2368871065128 30.000000000000004
1226.0913888464386 30.000000000000004
1224.6610566730508 30.000000000000004
1223.9458905863553 30.000000000000004
1223.2307244996591 30.000000000000004
1223.2307244996591 30.000000000000004
1222.5155584129616 30.000000000000004
1218.9397279794587 30.000000000000004
1217.5093958060502 30.000000000000004
1217.5093958060502 30.000000000000004
1220.370060152863 30.000000000000004
1223.9458905863553 30.000000000000004
1221.0852262395633 30.000000000000004
1220.370060152863 30.000000000000004
1222.5155584129616 30.000000000000004
1224.6610566730508 30.000000000000004
1223.9458905863553 30.000000000000004
1221.8003923262631 30.000000000000004
1221.0852262395633 30.000000000000004
1221.8003923262631 30.000000000000004
1223.9458905863553 30.000000000000004
1221.8003923262631 30.000000000000004
1221.8003923262631 30.000000000000004
1224.6610566730508 30.000000000000004
1223.9458905863553 30.000000000000004
1226.8065549331309 30.000000000000004
1225.3762227597454 30.000000000000004
1224.6610566730508 30.000000000000004
1226.0913888464386 30.000000000000004
1225.3762227597454 30.000000000000004
1226.0913888464386 30.000000000000004
1223.9458905863553 30.000000000000004
1225.3762227597454 30.000000000000004
1223.9458905863553 30.000000000000004
1222.5155584129616 30.000000000000004
1223.9458905863553 30.000000000000004
1223.2307244996591 30.000000000000004
1221.8003923262631 30.000000000000004
1224.6610566730508 30.000000000000004
1225.3762227597454 30.000000000000004
1223.2307244996591 30.000000000000004
1223.2307244996591 30.000000000000004
1222.5155584129616 30.000000000000004
1222.5155584129616 30.000000000000004
1223.2307244996591 30.000000000000004
1226.806554933131 30.000000000000004
1226.0913888464386 30.000000000000004
1226.806554933131 30.000000000000004
1225.3762227597454 30.000000000000004
1227.5217210198225 30.000000000000004
1228.9520531932021 30.000000000000004
1227.5217210198225 30.000000000000004
1227.5217210198225 30.000000000000004
1230.3823853665779 30.000000000000004
1229.6672192798906 30.000000000000004
1232.5278836266339 30.000000000000004
1228.9520531932021 30.000000000000004
1229.6672192798906 30.000000000000004
1227.5217210198225 30.000000000000004
1231.8127175399495 30.000000000000004
1234.673381886681 30.000000000000004
1231.8127175399495 30.000000000000004
1231.8127175399495 30.000000000000004
1231.8127175399495 30.000000000000004
1232.5278836266339 30.000000000000004
1235.3885479733613 30.000000000000004
1237.5340462333966 30.000000000000004
1236.1037140600406 30.000000000000004
1238.9643784067487 30.000000000000004
1241.1098766667692 30.000000000000004
1239.679544493423 30.000000000000004
1241.1098766667692 30.000000000000004
1242.5402088401115 30.000000000000004
1241.8250427534408 30.000000000000004
1241.8250427534408 30.000000000000004
1240.3947105800967 30.000000000000004
1240.3947105800967 30.000000000000004
1243.97054101345 30.000000000000004
1243.97054101345 30.000000000000004
1243.2553749267813 30.000000000000004
1243.97054101345 30.000000000000004
1246.1160392734505 30.000000000000004
1244.6857071001177 30.000000000000004
1245.4008731867846 30.000000000000004
1246.1160392734505 30.000000000000004
1249.691869706766 30.000000000000004
1247.5463714467794 30.000000000000004
1249.691869706766 30.000000000000004
1250.4070357934263 30.000000000000004
1253.9828662267137 30.000000000000004
1253.9828662267137 30.000000000000004
1256.1283644866753 30.000000000000004
1254.6980323133685 30.000000000000004
1253.2677001400582 30.000000000000004
1253.9828662267137 30.000000000000004
1255.4131984000223 30.000000000000004
1257.5586966599783 30.000000000000004
1263.280025353155 30.000000000000004
1263.9951914397982 30.000000000000004
1263.9951914397982 30.000000000000004
1265.4255236130816 30.000000000000004
1266.140689699722 30.000000000000004
1263.9951914397982 30.000000000000004
1266.140689699722 30.000000000000004
1268.2861879596383 30.000000000000004
1270.4316862195467 30.000000000000004
1271.8620183928147 30.000000000000004
1270.4316862195467 30.000000000000004
1271.8620183928147 30.000000000000004
1273.2923505660792 30.000000000000004
1272.5771844794474 30.000000000000004
1271.8620183928147 30.000000000000004
1274.0075166527104 30.000000000000004
1276.8681809992263 30.000000000000004
1279.0136792591043 30.000000000000004
1277.583347085853 30.000000000000004
1278.298513172479 30.000000000000004
1276.1530149125986 30.000000000000004
1277.583347085853 30.000000000000004
1280.4440114323522 30.000000000000004
1283.3046757788384 30.000000000000004
1283.3046757788384 30.000000000000004
1284.019841865458 30.000000000000004
1284.019841865458 30.000000000000004
1286.1653401253116 30.000000000000004
1284.7350079520766 30.000000000000004
1284.7350079520766 30.000000000000004
1286.1653401253116 30.000000000000004
1286.880506211928 30.000000000000004
1287.5956722985434 30.000000000000004
1291.1715027316093 30.000000000000004
1290.4563366449977 30.000000000000004
1291.8866688182202 30.000000000000004
1291.8866688182202 30.000000000000004
1293.3170009914395 30.000000000000004
1295.4624992512627 30.000000000000004
1296.8928314244745 30.000000000000004
1295.4624992512627 30.000000000000004
1295.4624992512627 30.000000000000004
1298.323163597683 30.000000000000004
1297.607997511079 30.000000000000004
1297.607997511079 30.000000000000004
1296.8928314244745 30.000000000000004
1295.4624992512627 30.000000000000004
1294.7473331646556 30.000000000000004
1296.8928314244745 30.000000000000004
1296.8928314244745 30.000000000000004
1297.607997511079 30.000000000000004
1298.323163597683 30.000000000000004
1299.0383296842863 30.000000000000004
1299.0383296842863 30.000000000000004
1299.0383296842863 30.000000000000004
1300.4686618574904 30.000000000000004
1301.8989940306915 30.000000000000004
1300.4686618574904 30.000000000000004
1302.614160117291 30.000000000000004
1301.8989940306915 30.000000000000004
1300.4686618574904 30.000000000000004
1301.1838279440913 30.000000000000004
1301.8989940306915 30.000000000000004
1300.4686618574904 30.000000000000004
1299.7534957708885 30.000000000000004
1299.0383296842863 30.000000000000004
1298.323163597683 30.000000000000004
1298.323163597683 30.000000000000004
1299.0383296842863 30.000000000000004
1299.0383296842863 30.000000000000004
1304.0444922904878 30.000000000000004
1304.759658377085 30.000000000000004
1306.9051566368726 30.000000000000004
1309.0506548966537 30.000000000000004
1311.1961531564284 30.000000000000004
1310.4809870698375 30.000000000000004
1311.9113192430186 30.000000000000004
1314.7719835893722 30.000000000000004
1317.6326479357147 30.000000000000004
1316.9174818491301 30.000000000000004
1316.2023157625447 30.000000000000004
1314.7719835893722 30.000000000000004
1316.2023157625447 30.000000000000004
1316.2023157625447 30.000000000000004
1316.9174818491301 30.000000000000004
1316.2023157625447 30.000000000000004
1314.0568175027847 30.000000000000004
1316.9174818491301 30.000000000000004
1317.6326479357147 30.000000000000004
1319.7781461954646 30.000000000000004
1321.9236444552084 30.000000000000004
1324.7843088015243 30.000000000000004
1325.4994748881015 30.000000000000004
1326.214640974678 30.000000000000004
1326.9298070612542 30.000000000000004
1326.9298070612542 30.000000000000004
1328.3601392344042 30.000000000000004
1326.9298070612542 30.000000000000004
1326.9298070612542 30.000000000000004
1326.214640974678 30.000000000000004
1327.6449731478294 30.000000000000004
1329.0753053209783 30.000000000000004
1329.7904714075519 30.000000000000004
1329.0753053209783 30.000000000000004
1330.5056374941246 30.000000000000004
1331.9359696672684 30.000000000000004
1331.9359696672684 30.000000000000004
1332.6511357538393 30.000000000000004
1333.3663018404095 30.000000000000004
1334.7966340135486 30.000000000000004
1335.511800100117 30.000000000000004
1337.6572983598187 30.000000000000004
1336.2269661866846 30.000000000000004
1338.3724644463846 30.000000000000004
1336.942132273252 30.000000000000004
1336.2269661866846 30.000000000000004
1341.233128792643 30.000000000000004
1341.233128792643 30.000000000000004
1339.802796619515 30.000000000000004
1342.6634609657683 30.000000000000004
1341.233128792643 30.000000000000004
1341.9482948792058 30.000000000000004
1342.6634609657683 30.000000000000004
1343.37862705233 30.000000000000004
1343.37862705233 30.000000000000004
1346.2392913985718 30.000000000000004
1347.6696235716893 30.000000000000004
1348.3847896582472 30.000000000000004
1347.6696235716893 30.000000000000004
1347.6696235716893 30.000000000000004
1348.3847896582472 30.000000000000004
1349.8151218313612 30.000000000000004
1349.8151218313612 30.000000000000004
1349.0999557448044 30.000000000000004
1348.3847896582472 30.000000000000004
1348.3847896582472 30.000000000000004
1349.0999557448044 30.000000000000004
1349.0999557448044 30.000000000000004
1349.8151218313612 30.000000000000004
1351.245454004473 30.000000000000004
1351.9606200910282 30.000000000000004
1350.5302879179176 30.000000000000004
1350.5302879179176 30.000000000000004
1349.8151218313612 30.000000000000004
1349.8151218313612 30.000000000000004
1349.8151218313612 30.000000000000004
1351.245454004473 30.000000000000004
1350.5302879179176 30.000000000000004
1350.5302879179176 30.000000000000004
1351.245454004473 30.000000000000004
1351.245454004473 30.000000000000004
1351.245454004473 30.000000000000004
1351.245454004473 30.000000000000004
1351.245454004473 30.000000000000004
1354.10611835069 30.000000000000004
1354.10611835069 30.000000000000004
1354.10611835069 30.000000000000004
1357.6819487834491 30.000000000000004
1356.9667826968982 30.000000000000004
1355.5364505237953 30.000000000000004
1356.9667826968982 30.000000000000004
1357.6819487834491 30.000000000000004
1360.5426131296467 30.000000000000004
1364.1184435623823 30.000000000000004
1361.9729453027426 30.000000000000004
1359.8274470430981 30.000000000000004
1355.5364505237953 30.000000000000004
1356.251616610347 30.000000000000004
1361.9729453027426 30.000000000000004
1362.6881113892896 30.000000000000004
1363.4032774758361 30.000000000000004
1362.6881113892896 30.000000000000004
1363.4032774758361 30.000000000000004
1363.4032774758361 30.000000000000004
1363.4032774758361 30.000000000000004
1364.1184435623823 30.000000000000004
1364.8336096489277 30.000000000000004
1364.8336096489277 30.000000000000004
1364.8336096489277 30.000000000000004
1364.1184435623823 30.000000000000004
1362.6881113892896 30.000000000000004
1361.2577792161949 30.000000000000004
1361.2577792161949 30.000000000000004
1360.5426131296467 30.000000000000004
1360.5426131296467 30.000000000000004
1359.8274470430981 30.000000000000004
1359.112280956549 30.000000000000004
1359.8274470430981 30.000000000000004
1358.3971148699993 30.000000000000004
1359.8274470430981 30.000000000000004
1358.3971148699993 30.000000000000004
1358.3971148699993 30.000000000000004
1357.6819487834491 30.000000000000004
1356.251616610347 30.000000000000004
1358.3971148699993 30.000000000000004
1359.112280956549 30.000000000000004
1359.8274470430981 30.000000000000004
1361.9729453027426 30.000000000000004
1360.5426131296467 30.000000000000004
1360.5426131296467 30.000000000000004
1360.5426131296467 30.000000000000004
1361.9729453027426 30.000000000000004
1362.6881113892896 30.000000000000004
1364.8336096489277 30.000000000000004
1364.8336096489277 30.000000000000004
1365.5487757354726 30.000000000000004
1366.2639418220172 30.000000000000004
1366.9791079085612 30.000000000000004
1368.409440081648 30.000000000000004
1366.9791079085612 30.000000000000004
1366.9791079085612 30.000000000000004
1369.1246061681904 30.000000000000004
1368.409440081648 30.000000000000004
1369.1246061681904 30.000000000000004
1367.6942739951048 30.000000000000004
1366.9791079085612 30.000000000000004
1369.1246061681904 30.000000000000004
1369.1246061681904 30.000000000000004
1369.1246061681904 30.000000000000004
1371.9852705143558 30.000000000000004
1373.4156026874355 30.000000000000004
1374.1307687739748 30.000000000000004
1376.2762670335896 30.000000000000004
1374.1307687739748 30.000000000000004
1374.1307687739748 30.000000000000004
1374.1307687739748 30.000000000000004
1376.9914331201269 30.000000000000004
1377.706599206664 30.000000000000004
1376.9914331201269 30.000000000000004
1376.2762670335896 30.000000000000004
1377.706599206664 30.000000000000004
1379.1369313797363 30.000000000000004
1379.1369313797363 30.000000000000004
1379.8520974662717 30.000000000000004
1383.4279278989427 30.000000000000004
1381.2824296393414 30.000000000000004
1380.9248465960743 30.000000000000004
1383.0703448556762 30.000000000000004
1385.931009201806 30.000000000000004
1386.6461752883374 30.000000000000004
1386.6461752883374 30.000000000000004
1388.076507461399 30.000000000000004
1389.5068396344589 30.000000000000004
1388.7916735479291 30.000000000000004
1388.7916735479291 30.000000000000004
1388.076507461399 30.000000000000004
1389.5068396344589 30.000000000000004
1388.076507461399 30.000000000000004
1388.7916735479291 30.000000000000004
1389.5068396344589 30.000000000000004
1389.5068396344589 30.000000000000004
1389.5068396344589 30.000000000000004
1390.2220057209881 30.000000000000004
1392.3675039805735 30.000000000000004
1392.3675039805735 30.000000000000004
1393.0826700671014 30.000000000000004
1393.0826700671014 30.000000000000004
1390.2220057209881 30.000000000000004
1390.2220057209881 30.000000000000004
1391.6523378940456 30.000000000000004
1393.7978361536286 30.000000000000004
1397.7312496295217 30.000000000000004
1397.3736665862593 30.000000000000004
1399.519164845833 30.000000000000004
1398.088832672784 30.000000000000004
1398.088832672784 30.000000000000004
1398.8039987593088 30.000000000000004
1397.3736665862593 30.000000000000004
1396.658500499734 30.000000000000004
1397.3736665862593 30.000000000000004
1398.088832672784 30.000000000000004
1398.088832672784 30.000000000000004
1398.8039987593088 30.000000000000004
1398.088832672784 30.000000000000004
1398.8039987593088 30.000000000000004
1399.519164845833 30.000000000000004
1400.9494970188803 30.000000000000004
1401.6646631054034 30.000000000000004
1403.0949952784486 30.000000000000004
1403.8101613649706 30.000000000000004
1404.525327451492 30.000000000000004
1405.2404935380134 30.000000000000004
1406.670825711055 30.000000000000004
1407.7435748408352 30.000000000000004
1408.8163239706146 30.000000000000004
1409.5314900571339 30.000000000000004
1410.9618222301713 30.000000000000004
1410.9618222301713 30.000000000000004
1410.2466561436527 30.000000000000004
1411.6769883166896 30.000000000000004
1413.107320489725 30.000000000000004
1415.967984835792 30.000000000000004
1418.113483095339 30.000000000000004
1418.8286491818542 30.000000000000004
1418.8286491818542 30.000000000000004
1419.543815268369 30.000000000000004
1423.1196457009382 30.000000000000004
1423.8348117874511 30.000000000000004
1425.2651439604763 30.000000000000004
1425.2651439604763 30.000000000000004
1428.1258083065231 30.000000000000004
1428.8409743930342 30.000000000000004
1428.8409743930342 30.000000000000004
1429.556140479545 30.000000000000004
1429.9137235228004 30.000000000000004
1429.556140479545 30.000000000000004
1429.556140479545 30.000000000000004
1429.1985574362898 30.000000000000004
1429.556140479545 30.000000000000004
1431.7016387390759 30.000000000000004
1432.7743878688407 30.000000000000004
1435.2774691716224 30.000000000000004
1440.2836317771773 30.000000000000004
1441.3563809069378 30.000000000000004
1443.501879166457 30.000000000000004
1442.4291300366976 30.000000000000004
1444.574628296216 30.000000000000004
1446.004960469227 30.000000000000004
1446.7201265557321 30.000000000000004
1446.004960469227 30.000000000000004
1446.004960469227 30.000000000000004
1446.004960469227 30.000000000000004
1444.9322113394687 30.000000000000004
1445.2897943827215 30.000000000000004
1447.7928756854897 30.000000000000004
1446.7201265557321 30.000000000000004
1447.4352926422373 30.000000000000004
1447.7928756854897 30.000000000000004
1448.5080417719946 30.000000000000004
1449.9383739450036 30.000000000000004
1449.223207858499 30.000000000000004
1448.5080417719946 30.000000000000004
1449.5807909017512 30.000000000000004
1450.2959569882555 30.000000000000004
1452.4414552477674 30.000000000000004
1453.156621334271 30.000000000000004
1453.8717874207744 30.000000000000004
1453.8717874207744 30.000000000000004
1454.5869535072777 30.000000000000004
1455.659702637032 30.000000000000004
1456.0172856802835 30.000000000000004
1456.374868723535 30.000000000000004
1456.0172856802835 30.000000000000004
1457.0900348100377 30.000000000000004
1456.7324517667862 30.000000000000004
1458.1627839397913 30.000000000000004
1459.9506991560468 30.000000000000004
1460.6658652425485 30.000000000000004
1462.0961974155518 30.000000000000004
1459.9506991560468 30.000000000000004
1457.80520089654 30.000000000000004
1457.80520089654 30.000000000000004
1457.80520089654 30.000000000000004
1456.374868723535 30.000000000000004
1456.0172856802835 30.000000000000004
1454.229370464026 30.000000000000004
1455.659702637032 30.000000000000004
1457.0900348100377 30.000000000000004
1457.80520089654 30.000000000000004
1459.9506991560468 30.000000000000004
1460.3082821992975 30.000000000000004
1461.0234482857995 30.000000000000004
1460.3082821992975 30.000000000000004
1459.2355330695445 30.000000000000004
1459.9506991560468 30.000000000000004
1461.3810313290503 30.000000000000004
1459.9506991560468 30.000000000000004
1461.3810313290503 30.000000000000004
1462.0961974155518 30.000000000000004
1462.0961974155518 30.000000000000004
1463.5265295885547 30.000000000000004
1463.5265295885547 30.000000000000004
1463.5265295885547 30.000000000000004
1464.5992787183063 30.000000000000004
1465.3144448048074 30.000000000000004
1466.744776977809 30.000000000000004
1468.53269219406 30.000000000000004
1469.2478582805604 30.000000000000004
1472.4661056698103 30.000000000000004
1473.18127175631 30.000000000000004
1473.18127175631 30.000000000000004
1476.0419361023078 30.000000000000004
1476.0419361023078 30.000000000000004
1477.1146852320567 30.000000000000004
1474.9691869725589 30.000000000000004
1477.1146852320567 30.000000000000004
1477.1146852320567 30.000000000000004
1476.3995191455574 30.000000000000004
1476.3995191455574 30.000000000000004
1476.0419361023078 30.000000000000004
1476.0419361023078 30.000000000000004
1475.3267700158085 30.000000000000004
1476.757102188807 30.000000000000004
1476.757102188807 30.000000000000004
1478.9026004483042 30.000000000000004
1478.9026004483042 30.000000000000004
1478.9026004483042 30.000000000000004
1479.6177665348032 30.000000000000004
1478.9026004483042 30.000000000000004
1478.1874343618053 30.000000000000004
1478.9026004483042 30.000000000000004
1478.1874343618053 30.000000000000004
1476.757102188807 30.000000000000004
1475.3267700158085 30.000000000000004
1474.611603929309 30.000000000000004
1473.18127175631 30.000000000000004
1474.611603929309 30.000000000000004
1476.0419361023078 30.000000000000004
1476.757102188807 30.000000000000004
1476.757102188807 30.000000000000004
1474.611603929309 30.000000000000004
1472.4661056698103 30.000000000000004
1473.18127175631 30.000000000000004
1473.18127175631 30.000000000000004
1474.611603929309 30.000000000000004
1474.611603929309 30.000000000000004
1474.611603929309 30.000000000000004
1475.3267700158085 30.000000000000004
1474.611603929309 30.000000000000004
1473.8964378428095 30.000000000000004
1473.18127175631 30.000000000000004
1471.7509395833106 30.000000000000004
1471.0357734968106 30.000000000000004
1471.3933565400605 30.000000000000004
1472.1085226265604 30.000000000000004
1471.3933565400605 30.000000000000004
1470.6781904535605 30.000000000000004
1469.9630243670606 30.000000000000004
1469.9630243670606 30.000000000000004
1469.9630243670606 30.000000000000004
1470.6781904535605 30.000000000000004
1469.2478582805604 30.000000000000004
1469.9630243670606 30.000000000000004
1470.3206074103107 30.000000000000004
1470.3206074103107 30.000000000000004
1468.8902752373103 30.000000000000004
1468.17510915081 30.000000000000004
1466.744776977809 30.000000000000004
1467.4599430643095 30.000000000000004
1468.17510915081 30.000000000000004
1466.744776977809 30.000000000000004
1468.17510915081 30.000000000000004
1468.8902752373103 30.000000000000004
1470.3206074103107 30.000000000000004
1471.3933565400605 30.000000000000004
1472.8236887130602 30.000000000000004
1471.7509395833106 30.000000000000004
1471.0357734968106 30.000000000000004
1471.3933565400605 30.000000000000004
1472.8236887130602 30.000000000000004
1472.8236887130602 30.000000000000004
1471.3933565400605 30.000000000000004
1473.5388547995599 30.000000000000004
1473.5388547995599 30.000000000000004
1471.7509395833106 30.000000000000004
1474.2540208860594 30.000000000000004
1474.2540208860594 30.000000000000004
1473.5388547995599 30.000000000000004
1473.5388547995599 30.000000000000004
1474.611603929309 30.000000000000004
1473.18127175631 30.000000000000004
1472.4661056698103 30.000000000000004
1469.6054413238105 30.000000000000004
1471.0357734968106 30.000000000000004
1470.3206074103107 30.000000000000004
1470.3206074103107 30.000000000000004
1473.18127175631 30.000000000000004
1474.611603929309 30.000000000000004
1473.8964378428095 30.000000000000004
1473.18127175631 30.000000000000004
1473.8964378428095 30.000000000000004
1476.757102188807 30.000000000000004
1473.8964378428095 30.000000000000004
1471.0357734968106 30.000000000000004
1471.3933565400605 30.000000000000004
1471.7509395833106 30.000000000000004
1472.4661056698103 30.000000000000004
1471.7509395833106 30.000000000000004
1470.6781904535605 30.000000000000004
1468.17510915081 30.000000000000004
1467.4599430643095 30.000000000000004
1467.4599430643095 30.000000000000004
1468.17510915081 30.000000000000004
1464.9568617615569 30.000000000000004
1463.168946545304 30.000000000000004
1462.0961974155518 30.000000000000004
1462.8113635020534 30.000000000000004
1462.0961974155518 30.000000000000004
1461.0234482857995 30.000000000000004
1461.3810313290503 30.000000000000004
1461.3810313290503 30.000000000000004
1462.0961974155518 30.000000000000004
1461.0234482857995 30.000000000000004
1460.3082821992975 30.000000000000004
1460.3082821992975 30.000000000000004
1460.3082821992975 30.000000000000004
1460.3082821992975 30.000000000000004
1459.9506991560468 30.000000000000004
1459.5931161127955 30.000000000000004
1458.8779500262935 30.000000000000004
1459.5931161127955 30.000000000000004
1461.0234482857995 30.000000000000004
1460.3082821992975 30.000000000000004
1459.5931161127955 30.000000000000004
1458.8779500262935 30.000000000000004
1459.5931161127955 30.000000000000004
1459.5931161127955 30.000000000000004
1458.1627839397913 30.000000000000004
1457.4476178532889 30.000000000000004
1456.0172856802835 30.000000000000004
1456.0172856802835 30.000000000000004
1456.7324517667862 30.000000000000004
1457.4476178532889 30.000000000000004
1459.5931161127955 30.000000000000004
1459.5931161127955 30.000000000000004
1456.374868723535 30.000000000000004
1456.374868723535 30.000000000000004
1457.0900348100377 30.000000000000004
1457.0900348100377 30.000000000000004
1456.374868723535 30.000000000000004
1456.374868723535 30.000000000000004
1454.9445365505292 30.000000000000004
1455.659702637032 30.000000000000004
1456.374868723535 30.000000000000004
1456.374868723535 30.000000000000004
1454.9445365505292 30.000000000000004
1454.9445365505292 30.000000000000004
1454.9445365505292 30.000000000000004
1454.229370464026 30.000000000000004
1453.5142043775227 30.000000000000004
1452.7990382910193 30.000000000000004
1451.3687061180117 30.000000000000004
1450.6535400315076 30.000000000000004
1449.9383739450036 30.000000000000004
1449.9383739450036 30.000000000000004
1449.9383739450036 30.000000000000004
1452.0838722045155 30.000000000000004
1451.3687061180117 30.000000000000004
1451.3687061180117 30.000000000000004
1451.3687061180117 30.000000000000004
1451.3687061180117 30.000000000000004
1450.6535400315076 30.000000000000004
1450.6535400315076 30.000000000000004
1451.3687061180117 30.000000000000004
1449.9383739450036 30.000000000000004
1451.0111230747598 30.000000000000004
1450.2959569882555 30.000000000000004
1448.8656248152467 30.000000000000004
1448.1504587287423 30.000000000000004
1448.8656248152467 30.000000000000004
1448.1504587287423 30.000000000000004
1448.8656248152467 30.000000000000004
1449.5807909017512 30.000000000000004
1449.5807909017512 30.000000000000004
1452.4414552477674 30.000000000000004
1453.156621334271 30.000000000000004
1453.8717874207744 30.000000000000004
1455.3021195937806 30.000000000000004
1454.5869535072777 30.000000000000004
1453.8717874207744 30.000000000000004
1451.0111230747598 30.000000000000004
1451.7262891612636 30.000000000000004
1453.156621334271 30.000000000000004
1455.3021195937806 30.000000000000004
1456.0172856802835 30.000000000000004
1454.5869535072777 30.000000000000004
1456.0172856802835 30.000000000000004
1454.5869535072777 30.000000000000004
1455.3021195937806 30.000000000000004
1457.4476178532889 30.000000000000004
1458.1627839397913 30.000000000000004
1458.1627839397913 30.000000000000004
1458.1627839397913 30.000000000000004
1458.8779500262935 30.000000000000004
1459.5931161127955 30.000000000000004
1458.8779500262935 30.000000000000004
1459.5931161127955 30.000000000000004
1460.3082821992975 30.000000000000004
1460.3082821992975 30.000000000000004
1461.0234482857995 30.000000000000004
1461.738614372301 30.000000000000004
1461.738614372301 30.000000000000004
1461.0234482857995 30.000000000000004
1461.738614372301 30.000000000000004
1461.738614372301 30.000000000000004
1463.168946545304 30.000000000000004
1463.168946545304 30.000000000000004
1462.4537804588026 30.000000000000004
1461.738614372301 30.000000000000004
1462.4537804588026 30.000000000000004
1461.0234482857995 30.000000000000004
1459.5931161127955 30.000000000000004
1459.5931161127955 30.000000000000004
1463.168946545304 30.000000000000004
1463.8841126318052 30.000000000000004
1464.5992787183063 30.000000000000004
1463.8841126318052 30.000000000000004
1463.168946545304 30.000000000000004
1462.4537804588026 30.000000000000004
1463.168946545304 30.000000000000004
1462.4537804588026 30.000000000000004
1462.4537804588026 30.000000000000004
1462.4537804588026 30.000000000000004
1462.4537804588026 30.000000000000004
1461.738614372301 30.000000000000004
1460.6658652425485 30.000000000000004
1459.2355330695445 30.000000000000004
1457.80520089654 30.000000000000004
1457.0900348100377 30.000000000000004
1457.80520089654 30.000000000000004
1457.0900348100377 30.000000000000004
1457.0900348100377 30.000000000000004
1457.80520089654 30.000000000000004
1454.229370464026 30.000000000000004
1455.659702637032 30.000000000000004
1455.659702637032 30.000000000000004
1454.229370464026 30.000000000000004
1456.374868723535 30.000000000000004
1455.659702637032 30.000000000000004
1456.374868723535 30.000000000000004
1457.0900348100377 30.000000000000004
1457.0900348100377 30.000000000000004
1457.0900348100377 30.000000000000004
1456.374868723535 30.000000000000004
1457.0900348100377 30.000000000000004
1457.0900348100377 30.000000000000004
1457.80520089654 30.000000000000004
1457.80520089654 30.000000000000004
1458.5203669830425 30.000000000000004
1458.5203669830425 30.000000000000004
1459.2355330695445 30.000000000000004
1458.5203669830425 30.000000000000004
1457.0900348100377 30.000000000000004
1457.80520089654 30.000000000000004
1458.5203669830425 30.000000000000004
1458.5203669830425 30.000000000000004
1460.6658652425485 30.000000000000004
1460.6658652425485 30.000000000000004
1460.6658652425485 30.000000000000004
1461.3810313290503 30.000000000000004
1462.8113635020534 30.000000000000004
1467.1023600210592 30.000000000000004
1466.744776977809 30.000000000000004
1466.029610891308 30.000000000000004
1467.4599430643095 30.000000000000004
1468.17510915081 30.000000000000004
1468.17510915081 30.000000000000004
1468.8902752373103 30.000000000000004
1470.3206074103107 30.000000000000004
1469.6054413238105 30.000000000000004
1470.3206074103107 30.000000000000004
1471.0357734968106 30.000000000000004
1471.0357734968106 30.000000000000004
1471.0357734968106 30.000000000000004
1470.3206074103107 30.000000000000004
1471.7509395833106 30.000000000000004
1473.18127175631 30.000000000000004
1475.3267700158085 30.000000000000004
1477.472268275306 30.000000000000004
1476.757102188807 30.000000000000004
1476.757102188807 30.000000000000004
1476.0419361023078 30.000000000000004
1477.472268275306 30.000000000000004
1477.472268275306 30.000000000000004
1480.332932621302 30.000000000000004
1480.332932621302 30.000000000000004
1481.0480987078006 30.000000000000004
1481.7632647942994 30.000000000000004
1481.7632647942994 30.000000000000004
1481.0480987078006 30.000000000000004
1481.7632647942994 30.000000000000004
1481.0480987078006 30.000000000000004
1481.0480987078006 30.000000000000004
1481.0480987078006 30.000000000000004
1481.7632647942994 30.000000000000004
1483.1935969672966 30.000000000000004
1484.6239291402933 30.000000000000004
1485.3390952267916 30.000000000000004
1485.3390952267916 30.000000000000004
1485.3390952267916 30.000000000000004
1486.05426131329 30.000000000000004
1485.3390952267916 30.000000000000004
1486.7694273997884 30.000000000000004
1488.9149256592827 30.000000000000004
1488.9149256592827 30.000000000000004
1490.345257832279 30.000000000000004
1491.060423918777 30.000000000000004
1489.6300917457809 30.000000000000004
1489.6300917457809 30.000000000000004
1493.2059221782708 30.000000000000004
1491.7755900052748 30.000000000000004
1492.490756091773 30.000000000000004
1492.490756091773 30.000000000000004
1493.2059221782708 30.000000000000004
1493.2059221782708 30.000000000000004
1493.2059221782708 30.000000000000004
1492.490756091773 30.000000000000004
1491.7755900052748 30.000000000000004
1493.2059221782708 30.000000000000004
1491.7755900052748 30.000000000000004
1491.7755900052748 30.000000000000004
1491.7755900052748 30.000000000000004
1493.2059221782708 30.000000000000004
1493.2059221782708 30.000000000000004
1491.7755900052748 30.000000000000004
1491.7755900052748 30.000000000000004
1491.060423918777 30.000000000000004
1491.7755900052748 30.000000000000004
1493.9210882647685 30.000000000000004
1495.3514204377643 30.000000000000004
1496.78175261076 30.000000000000004
1497.4969186972578 30.000000000000004
1497.4969186972578 30.000000000000004
1498.2120847837555 30.000000000000004
1498.2120847837555 30.000000000000004
1499.642416956751 30.000000000000004
1501.0727491297466 30.000000000000004
1500.357583043249 30.000000000000004
1501.0727491297466 30.000000000000004
1501.0727491297466 30.000000000000004
1501.0727491297466 30.000000000000004
1500.357583043249 30.000000000000004
1503.21824738924 30.000000000000004
1502.5030813027422 30.000000000000004
1503.9334134757378 30.000000000000004
1504.6485795622357 30.000000000000004
1506.0789117352315 30.000000000000004
1505.3637456487336 30.000000000000004
1505.7213286919825 30.000000000000004
1506.4364947784802 30.000000000000004
1506.4364947784802 30.000000000000004
1507.151660864978 30.000000000000004
1509.297159124472 30.000000000000004
1510.727491297468 30.000000000000004
1512.8729895569625 30.000000000000004
1512.8729895569625 30.000000000000004
1512.8729895569625 30.000000000000004
1513.5881556434608 30.000000000000004
1513.5881556434608 30.000000000000004
1513.5881556434608 30.000000000000004
1515.0184878164573 30.000000000000004
1515.733653902956 30.000000000000004
1515.733653902956 30.000000000000004
1515.733653902956 30.000000000000004
1515.0184878164573 30.000000000000004
1515.0184878164573 30.000000000000004
1515.0184878164573 30.000000000000004
