L-SRTDE
1492.1331730485238 30.000000000000004
1505.0061626054846 30.000000000000004
1505.0061626054846 30.000000000000004
1429.1985574362898 30.000000000000004
1427.053059176756 30.000000000000004
1432.7743878688407 30.000000000000004
1423.4772287441947 30.000000000000004
1399.876747889095 30.000000000000004
1412.0345713599486 30.000000000000004
1399.876747889095 30.000000000000004
1370.554938341274 30.000000000000004
1374.1307687739748 30.000000000000004
1365.5487757354726 30.000000000000004
1336.2269661866846 30.000000000000004
1351.9606200910282 30.000000000000004
1337.6572983598187 30.000000000000004
1318.3478140222987 30.000000000000004
1300.4686618574904 30.000000000000004
1294.032167078048 30.000000000000004
1303.3293262038897 30.000000000000004
1301.8989940306915 30.000000000000004
1289.026004471772 30.000000000000004
1291.1715027316093 30.000000000000004
1281.874343605597 30.000000000000004
1271.8620183928147 30.000000000000004
1279.0136792591043 30.000000000000004
1273.2923505660792 30.000000000000004
1273.2923505660792 30.000000000000004
1281.874343605597 30.000000000000004
1275.43784882597 30.000000000000004
1276.8681809992263 30.000000000000004
1289.026004471772 30.000000000000004
1296.1776653378688 30.000000000000004
1296.1776653378688 30.000000000000004
1299.7534957708885 30.000000000000004
1287.5956722985434 30.000000000000004
1286.1653401253116 30.000000000000004
1288.3108383851581 30.000000000000004
1282.589509692218 30.000000000000004
1286.880506211928 30.000000000000004
1294.032167078048 30.000000000000004
1303.3293262038897 30.000000000000004
1304.0444922904878 30.000000000000004
1318.3478140222987 30.000000000000004
1314.7719835893722 30.000000000000004
1307.6203227234669 30.000000000000004
1309.0506548966537 30.000000000000004
1314.0568175027847 30.000000000000004
1310.4809870698375 30.000000000000004
1313.3416514161968 30.000000000000004
1311.9113192430186 30.000000000000004
1310.4809870698375 30.000000000000004
1307.6203227234669 30.000000000000004
1313.3416514161968 30.000000000000004
1308.3354888100607 30.000000000000004
1307.6203227234669 30.000000000000004
1314.0568175027847 30.000000000000004
1314.0568175027847 30.000000000000004
1316.9174818491301 30.000000000000004
1318.3478140222987 30.000000000000004
1321.2084783686278 30.000000000000004
1319.7781461954646 30.000000000000004
1324.069142714946 30.000000000000004
1327.6449731478294 30.000000000000004
1329.7904714075519 30.000000000000004
1329.7904714075519 30.000000000000004
1327.6449731478294 30.000000000000004
1335.511800100117 30.000000000000004
1336.2269661866846 30.000000000000004
1341.233128792643 30.000000000000004
1344.0937931388917 30.000000000000004
1346.954457485131 30.000000000000004
1346.954457485131 30.000000000000004
1352.6757861775827 30.000000000000004
1354.10611835069 30.000000000000004
1354.8212844372429 30.000000000000004
1354.8212844372429 30.000000000000004
1352.6757861775827 30.000000000000004
1358.3971148699993 30.000000000000004
1357.6819487834491 30.000000000000004
1357.6819487834491 30.000000000000004
1359.112280956549 30.000000000000004
1361.9729453027426 30.000000000000004
1359.112280956549 30.000000000000004
1356.9667826968982 30.000000000000004
1369.1246061681904 30.000000000000004
1371.9852705143558 30.000000000000004
1367.6942739951048 30.000000000000004
1378.4217652932002 30.000000000000004
1381.9975957258757 30.000000000000004
1382.7127618124096 30.000000000000004
1380.567263552807 30.000000000000004
1381.2824296393414 30.000000000000004
1381.2824296393414 30.000000000000004
1382.7127618124096 30.000000000000004
1384.1430939854756 30.000000000000004
1384.858260072008 30.000000000000004
1388.434090504664 30.000000000000004
1394.8705852834187 30.000000000000004
1398.4464157160464 30.000000000000004
1395.5857513699452 30.000000000000004
1394.8705852834187 30.000000000000004
1406.3132426677946 30.000000000000004
1403.4525783217096 30.000000000000004
1402.7374122351873 30.000000000000004
1403.4525783217096 30.000000000000004
1412.0345713599486 30.000000000000004
1409.1739070138742 30.000000000000004
1404.8829104947529 30.000000000000004
1405.598076581274 30.000000000000004
1408.458740927355 30.000000000000004
1405.598076581274 30.000000000000004
1408.458740927355 30.000000000000004
1409.8890731003933 30.000000000000004
1410.604239186912 30.000000000000004
1412.0345713599486 30.000000000000004
1411.3194052734304 30.000000000000004
1415.610401792534 30.000000000000004
1415.610401792534 30.000000000000004
1417.0407339655658 30.000000000000004
1422.0468965711682 30.000000000000004
1423.4772287441947 30.000000000000004
1429.1985574362898 30.000000000000004
1432.7743878688407 30.000000000000004
1432.7743878688407 30.000000000000004
1432.7743878688407 30.000000000000004
1432.7743878688407 30.000000000000004
1443.501879166457 30.000000000000004
1446.3625435124795 30.000000000000004
1450.6535400315076 30.000000000000004
1451.3687061180117 30.000000000000004
1449.223207858499 30.000000000000004
1453.5142043775227 30.000000000000004
1457.0900348100377 30.000000000000004
1454.9445365505292 30.000000000000004
1457.80520089654 30.000000000000004
1459.2355330695445 30.000000000000004
1460.6658652425485 30.000000000000004
1460.6658652425485 30.000000000000004
1462.0961974155518 30.000000000000004
1462.0961974155518 30.000000000000004
1461.3810313290503 30.000000000000004
1463.5265295885547 30.000000000000004
1465.6720278480577 30.000000000000004
1463.5265295885547 30.000000000000004
1462.8113635020534 30.000000000000004
1464.9568617615569 30.000000000000004
1467.8175261075596 30.000000000000004
1471.3933565400605 30.000000000000004
1471.3933565400605 30.000000000000004
1470.6781904535605 30.000000000000004
1473.5388547995599 30.000000000000004
1473.5388547995599 30.000000000000004
1474.9691869725589 30.000000000000004
1475.6843530590581 30.000000000000004
1475.6843530590581 30.000000000000004
1479.9753495780526 30.000000000000004
1482.1208478375486 30.000000000000004
1486.4118443565392 30.000000000000004
1485.6966782700408 30.000000000000004
1489.272508702532 30.000000000000004
1490.702840875528 30.000000000000004
1492.1331730485238 30.000000000000004
1496.4241695675112 30.000000000000004
1497.1393356540088 30.000000000000004
1501.4303321729956 30.000000000000004
1500.0 30.000000000000004
1495.7090034810133 30.000000000000004
1499.2848339135023 30.000000000000004
1500.7151660864977 30.000000000000004
1502.8606643459912 30.000000000000004
1502.1454982594933 30.000000000000004
1505.7213286919825 30.000000000000004
1510.727491297468 30.000000000000004
1512.8729895569625 30.000000000000004
1512.1578234704643 30.000000000000004
1513.5881556434608 30.000000000000004
1517.1639860759528 30.000000000000004
1517.1639860759528 30.000000000000004
1515.733653902956 30.000000000000004
1517.1639860759528 30.000000000000004
1513.5881556434608 30.000000000000004
1515.0184878164573 30.000000000000004
1516.4488199894543 30.000000000000004
1514.3033217299592 30.000000000000004
1516.4488199894543 30.000000000000004
1513.5881556434608 30.000000000000004
1515.733653902956 30.000000000000004
1518.59431824895 30.000000000000004
1520.0246504219474 30.000000000000004
1522.1701486814443 30.000000000000004
1520.7398165084464 30.000000000000004
1521.4549825949452 30.000000000000004
1525.0308130274411 30.000000000000004
1523.6004808544426 30.000000000000004
1525.0308130274411 30.000000000000004
1526.4611452004401 30.000000000000004
1525.0308130274411 30.000000000000004
1525.7459791139406 30.000000000000004
1527.1763112869398 30.000000000000004
1529.3218095464395 30.000000000000004
1528.6066434599395 30.000000000000004
1530.7521417194396 30.000000000000004
1532.8976399789408 30.000000000000004
1535.7583043249442 30.000000000000004
1533.6128060654414 30.000000000000004
1533.6128060654414 30.000000000000004
1533.6128060654414 30.000000000000004
1534.3279721519423 30.000000000000004
1533.6128060654414 30.000000000000004
1535.7583043249442 30.000000000000004
1535.0431382384431 30.000000000000004
1539.3341347574515 30.000000000000004
1537.9038025844482 30.000000000000004
1541.4796330169575 30.000000000000004
1541.4796330169575 30.000000000000004
1540.7644669304555 30.000000000000004
1542.9099651899623 30.000000000000004
1542.5523821467111 30.000000000000004
1543.9827143197165 30.000000000000004
1544.6978804062194 30.000000000000004
1543.2675482332138 30.000000000000004
1545.0554634494708 30.000000000000004
1550.4192090982488 30.000000000000004
1548.6312938819883 30.000000000000004
1551.4919582280054 30.000000000000004
1551.1343751847533 30.000000000000004
1551.8495412712577 30.000000000000004
1552.2071243145103 30.000000000000004
1555.7829547470371 30.000000000000004
1555.7829547470371 30.000000000000004
1557.2132869200493 30.000000000000004
1557.9284530065556 30.000000000000004
1555.0677886605313 30.000000000000004
1558.6436190930622 30.000000000000004
1559.3587851795692 30.000000000000004
1557.9284530065556 30.000000000000004
1558.6436190930622 30.000000000000004
1559.3587851795692 30.000000000000004
1559.3587851795692 30.000000000000004
1562.2194495255987 30.000000000000004
1563.6497816986148 30.000000000000004
1565.7952799581408 30.000000000000004
1565.7952799581408 30.000000000000004
1568.655944304179 30.000000000000004
1571.516608650221 30.000000000000004
1571.516608650221 30.000000000000004
1570.0862764771996 30.000000000000004
1571.516608650221 30.000000000000004
1570.8014425637102 30.000000000000004
1570.0862764771996 30.000000000000004
1572.2317747367324 30.000000000000004
1570.8014425637102 30.000000000000004
1572.2317747367324 30.000000000000004
1574.3772729962675 30.000000000000004
1575.09243908278 30.000000000000004
1574.3772729962675 30.000000000000004
1575.09243908278 30.000000000000004
1575.8076051692924 30.000000000000004
1574.3772729962675 30.000000000000004
1574.3772729962675 30.000000000000004
1573.6621069097555 30.000000000000004
1574.3772729962675 30.000000000000004
1572.946940823244 30.000000000000004
1572.946940823244 30.000000000000004
1573.6621069097555 30.000000000000004
1575.8076051692924 30.000000000000004
1576.5227712558053 30.000000000000004
1578.6682695153456 30.000000000000004
1577.9531034288318 30.000000000000004
1577.9531034288318 30.000000000000004
1581.5289338614034 30.000000000000004
1581.5289338614034 30.000000000000004
1580.098601688374 30.000000000000004
1582.9592660344342 30.000000000000004
1584.389598207466 30.000000000000004
1584.389598207466 30.000000000000004
1586.5350964670163 30.000000000000004
1585.8199303804993 30.000000000000004
1585.8199303804993 30.000000000000004
1585.1047642939825 30.000000000000004
1587.9654286400514 30.000000000000004
1590.1109268996067 30.000000000000004
1587.9654286400514 30.000000000000004
1587.2502625535337 30.000000000000004
1589.395760813088 30.000000000000004
1591.541259072645 30.000000000000004
1592.971591245685 30.000000000000004
1593.6867573322054 30.000000000000004
1593.6867573322054 30.000000000000004
1593.329174288945 30.000000000000004
1593.329174288945 30.000000000000004
1594.7595064619866 30.000000000000004
1595.474672548508 30.000000000000004
1596.1898386350294 30.000000000000004
1595.474672548508 30.000000000000004
1596.1898386350294 30.000000000000004
1597.620170808074 30.000000000000004
1599.0505029811197 30.000000000000004
1598.3353368945966 30.000000000000004
1598.3353368945966 30.000000000000004
1597.620170808074 30.000000000000004
1597.620170808074 30.000000000000004
1597.620170808074 30.000000000000004
1599.0505029811197 30.000000000000004
1599.765669067643 30.000000000000004
1603.341499500266 30.000000000000004
1604.056665586792 30.000000000000004
1601.911167327216 30.000000000000004
1600.480835154167 30.000000000000004
1601.1960012406912 30.000000000000004
1602.6263334137407 30.000000000000004
1601.911167327216 30.000000000000004
1602.6263334137407 30.000000000000004
1604.771831673318 30.000000000000004
1603.699082543529 30.000000000000004
1605.1294147165813 30.000000000000004
1609.4204112357475 30.000000000000004
1611.2083264520709 30.000000000000004
1612.6386586251317 30.000000000000004
1613.3538247116626 30.000000000000004
1615.4993229712582 30.000000000000004
1616.9296551443238 30.000000000000004
1615.4993229712582 30.000000000000004
1614.784156884726 30.000000000000004
1614.784156884726 30.000000000000004
1614.784156884726 30.000000000000004
1614.068990798194 30.000000000000004
1616.9296551443238 30.000000000000004
1619.7903194904607 30.000000000000004
1620.5054855769959 30.000000000000004
1619.7903194904607 30.000000000000004
1621.2206516635317 30.000000000000004
1621.2206516635317 30.000000000000004
1620.5054855769959 30.000000000000004
1619.0751534039257 30.000000000000004
1619.7903194904607 30.000000000000004
1619.0751534039257 30.000000000000004
1620.5054855769959 30.000000000000004
1621.2206516635317 30.000000000000004
1618.3599873173914 30.000000000000004
1617.6448212308574 30.000000000000004
1618.3599873173914 30.000000000000004
1616.9296551443238 30.000000000000004
1618.3599873173914 30.000000000000004
1617.6448212308574 30.000000000000004
1618.3599873173914 30.000000000000004
1618.3599873173914 30.000000000000004
1617.6448212308574 30.000000000000004
1619.0751534039257 30.000000000000004
1620.5054855769959 30.000000000000004
1620.8630686202637 30.000000000000004
1620.5054855769959 30.000000000000004
1621.9358177500678 30.000000000000004
1622.6509838366046 30.000000000000004
1621.9358177500678 30.000000000000004
1619.7903194904607 30.000000000000004
1620.5054855769959 30.000000000000004
1619.0751534039257 30.000000000000004
1619.7903194904607 30.000000000000004
1620.5054855769959 30.000000000000004
1621.2206516635317 30.000000000000004
1621.2206516635317 30.000000000000004
1622.6509838366046 30.000000000000004
1622.6509838366046 30.000000000000004
1622.6509838366046 30.000000000000004
1623.3661499231416 30.000000000000004
1625.5116481827558 30.000000000000004
1626.9419803558342 30.000000000000004
1625.5116481827558 30.000000000000004
1625.5116481827558 30.000000000000004
1625.5116481827558 30.000000000000004
1624.7964820962172 30.000000000000004
1624.7964820962172 30.000000000000004
1624.7964820962172 30.000000000000004
1624.7964820962172 30.000000000000004
1623.3661499231416 30.000000000000004
1624.7964820962172 30.000000000000004
1624.0813160096793 30.000000000000004
1622.6509838366046 30.000000000000004
1623.3661499231416 30.000000000000004
1624.0813160096793 30.000000000000004
1625.5116481827558 30.000000000000004
1624.7964820962172 30.000000000000004
1625.5116481827558 30.000000000000004
1626.9419803558342 30.000000000000004
1628.3723125289146 30.000000000000004
1629.0874786154554 30.000000000000004
1629.8026447019968 30.000000000000004
1629.0874786154554 30.000000000000004
1628.3723125289146 30.000000000000004
1627.6571464423741 30.000000000000004
1628.3723125289146 30.000000000000004
1629.0874786154554 30.000000000000004
1629.0874786154554 30.000000000000004
1629.8026447019968 30.000000000000004
1630.5178107885386 30.000000000000004
1631.2329768750808 30.000000000000004
1629.0874786154554 30.000000000000004
1627.6571464423741 30.000000000000004
1627.6571464423741 30.000000000000004
1627.6571464423741 30.000000000000004
1627.6571464423741 30.000000000000004
1627.6571464423741 30.000000000000004
1628.3723125289146 30.000000000000004
1628.3723125289146 30.000000000000004
1628.3723125289146 30.000000000000004
1626.9419803558342 30.000000000000004
1626.9419803558342 30.000000000000004
1629.0874786154554 30.000000000000004
1628.3723125289146 30.000000000000004
1628.3723125289146 30.000000000000004
1629.8026447019968 30.000000000000004
1628.3723125289146 30.000000000000004
1628.3723125289146 30.000000000000004
1626.9419803558342 30.000000000000004
1625.5116481827558 30.000000000000004
1624.0813160096793 30.000000000000004
1626.9419803558342 30.000000000000004
1626.2268142692947 30.000000000000004
1624.7964820962172 30.000000000000004
1621.9358177500678 30.000000000000004
1622.293400793336 30.000000000000004
1620.8630686202637 30.000000000000004
1621.5782347067998 30.000000000000004
1621.2206516635317 30.000000000000004
1623.3661499231416 30.000000000000004
1625.8692312260252 30.000000000000004
1626.5843973125645 30.000000000000004
1628.729895572185 30.000000000000004
1628.729895572185 30.000000000000004
1629.445061658726 30.000000000000004
1630.8753938318096 30.000000000000004
1634.4512242645274 30.000000000000004
1637.669471653984 30.000000000000004
1638.3846377405312 30.000000000000004
1639.8149699136275 30.000000000000004
1640.5301360001763 30.000000000000004
1641.9604681732758 30.000000000000004
1641.6028851300007 30.000000000000004
1643.748383389653 30.000000000000004
1643.3908003463773 30.000000000000004
1642.6756342598262 30.000000000000004
1644.1059664329287 30.000000000000004
1645.89388164931 30.000000000000004
1645.1787155627571 30.000000000000004
1645.89388164931 30.000000000000004
1647.3242138224173 30.000000000000004
1648.754545995527 30.000000000000004
1648.754545995527 30.000000000000004
1650.1848781686388 30.000000000000004
1650.9000442551956 30.000000000000004
1650.9000442551956 30.000000000000004
1649.8272951253607 30.000000000000004
1648.3969629522494 30.000000000000004
1648.3969629522494 30.000000000000004
1648.3969629522494 30.000000000000004
1650.542461211917 30.000000000000004
1650.542461211917 30.000000000000004
1649.8272951253607 30.000000000000004
1649.1121290388046 30.000000000000004
1647.6817968656944 30.000000000000004
1648.754545995527 30.000000000000004
1650.1848781686388 30.000000000000004
1648.754545995527 30.000000000000004
1649.1121290388046 30.000000000000004
1650.542461211917 30.000000000000004
1651.9727933850315 30.000000000000004
1651.9727933850315 30.000000000000004
1650.542461211917 30.000000000000004
1649.8272951253607 30.000000000000004
1650.542461211917 30.000000000000004
1649.1121290388046 30.000000000000004
1649.1121290388046 30.000000000000004
1647.6817968656944 30.000000000000004
1647.6817968656944 30.000000000000004
1648.754545995527 30.000000000000004
1648.754545995527 30.000000000000004
1648.754545995527 30.000000000000004
1645.89388164931 30.000000000000004
1644.4635494762047 30.000000000000004
1647.6817968656944 30.000000000000004
1648.3969629522494 30.000000000000004
1648.754545995527 30.000000000000004
1648.3969629522494 30.000000000000004
1649.8272951253607 30.000000000000004
1649.1121290388046 30.000000000000004
1646.9666307791404 30.000000000000004
1647.3242138224173 30.000000000000004
1647.6817968656944 30.000000000000004
1646.2514646925865 30.000000000000004
1646.2514646925865 30.000000000000004
1646.9666307791404 30.000000000000004
1646.2514646925865 30.000000000000004
1645.5362986060334 30.000000000000004
1644.821132519481 30.000000000000004
1644.821132519481 30.000000000000004
1644.821132519481 30.000000000000004
1645.5362986060334 30.000000000000004
1645.5362986060334 30.000000000000004
1646.2514646925865 30.000000000000004
1646.2514646925865 30.000000000000004
1646.2514646925865 30.000000000000004
1646.2514646925865 30.000000000000004
1644.821132519481 30.000000000000004
1644.1059664329287 30.000000000000004
1644.1059664329287 30.000000000000004
1645.89388164931 30.000000000000004
1646.2514646925865 30.000000000000004
1646.2514646925865 30.000000000000004
1645.5362986060334 30.000000000000004
1645.5362986060334 30.000000000000004
1646.9666307791404 30.000000000000004
1648.3969629522494 30.000000000000004
1648.3969629522494 30.000000000000004
1648.754545995527 30.000000000000004
1648.0393799089718 30.000000000000004
1649.8272951253607 30.000000000000004
1649.8272951253607 30.000000000000004
1649.8272951253607 30.000000000000004
1651.9727933850315 30.000000000000004
1653.4031255581485 30.000000000000004
1652.6879594715897 30.000000000000004
1652.6879594715897 30.000000000000004
1651.9727933850315 30.000000000000004
1652.6879594715897 30.000000000000004
1652.6879594715897 30.000000000000004
1654.8334577312676 30.000000000000004
1654.1182916447078 30.000000000000004
1654.8334577312676 30.000000000000004
1656.9789559909507 30.000000000000004
1657.6941220775127 30.000000000000004
1657.6941220775127 30.000000000000004
1658.4092881640754 30.000000000000004
1660.5547864237674 30.000000000000004
1661.2699525103326 30.000000000000004
1663.4154507700316 30.000000000000004
1664.8457829431673 30.000000000000004
1665.560949029736 30.000000000000004
1664.130616856599 30.000000000000004
1664.130616856599 30.000000000000004
1664.8457829431673 30.000000000000004
1665.560949029736 30.000000000000004
1665.560949029736 30.000000000000004
1665.560949029736 30.000000000000004
1664.8457829431673 30.000000000000004
1667.3488642461607 30.000000000000004
1667.3488642461607 30.000000000000004
1667.3488642461607 30.000000000000004
1666.2761151163054 30.000000000000004
1666.9912812028754 30.000000000000004
1666.2761151163054 30.000000000000004
1665.560949029736 30.000000000000004
1664.8457829431673 30.000000000000004
1664.8457829431673 30.000000000000004
1666.9912812028754 30.000000000000004
1666.9912812028754 30.000000000000004
1668.4216133760174 30.000000000000004
1667.706447289446 30.000000000000004
1667.3488642461607 30.000000000000004
1667.706447289446 30.000000000000004
1668.4216133760174 30.000000000000004
1669.8519455491617 30.000000000000004
1670.5671116357348 30.000000000000004
1670.5671116357348 30.000000000000004
1670.5671116357348 30.000000000000004
1669.8519455491617 30.000000000000004
1670.5671116357348 30.000000000000004
1671.2822777223087 30.000000000000004
1671.2822777223087 30.000000000000004
1671.2822777223087 30.000000000000004
1671.2822777223087 30.000000000000004
1672.7126098954582 30.000000000000004
1671.997443808883 30.000000000000004
1672.3550268521706 30.000000000000004
1673.785359025322 30.000000000000004
1672.7126098954582 30.000000000000004
1673.4277759820338 30.000000000000004
1674.5005251118985 30.000000000000004
1675.2156911984757 30.000000000000004
1676.288440328343 30.000000000000004
1675.930857285054 30.000000000000004
1677.7187725015015 30.000000000000004
1677.3611894582118 30.000000000000004
1678.0763555447916 30.000000000000004
1677.7187725015015 30.000000000000004
1677.3611894582118 30.000000000000004
1679.1491046746628 30.000000000000004
1679.1491046746628 30.000000000000004
1679.8642707612444 30.000000000000004
1680.5794368478266 30.000000000000004
1679.8642707612444 30.000000000000004
1679.5066877179534 30.000000000000004
1680.2218538045354 30.000000000000004
1681.6521859777013 30.000000000000004
1681.2946029344096 30.000000000000004
1680.937019891118 30.000000000000004
1682.0097690209932 30.000000000000004
1682.0097690209932 30.000000000000004
1681.6521859777013 30.000000000000004
1683.7976842374553 30.000000000000004
1683.7976842374553 30.000000000000004
1683.7976842374553 30.000000000000004
1684.1552672807481 30.000000000000004
1684.5128503240412 30.000000000000004
1684.5128503240412 30.000000000000004
1684.8704333673345 30.000000000000004
1685.9431824972153 30.000000000000004
1685.9431824972153 30.000000000000004
1686.3007655405092 30.000000000000004
1686.3007655405092 30.000000000000004
1686.3007655405092 30.000000000000004
1685.5855994539215 30.000000000000004
1685.9431824972153 30.000000000000004
1687.373514670392 30.000000000000004
1689.5190129301625 30.000000000000004
1689.161429886867 30.000000000000004
1690.59176206005 30.000000000000004
1691.3069281466428 30.000000000000004
1691.3069281466428 30.000000000000004
1690.59176206005 30.000000000000004
1689.8765959734583 30.000000000000004
1689.8765959734583 30.000000000000004
1688.4462638002765 30.000000000000004
1688.4462638002765 30.000000000000004
1689.161429886867 30.000000000000004
1688.8038468435716 30.000000000000004
1690.234179016754 30.000000000000004
1690.9493451033463 30.000000000000004
1690.59176206005 30.000000000000004
1690.59176206005 30.000000000000004
1689.5190129301625 30.000000000000004
1690.234179016754 30.000000000000004
1690.234179016754 30.000000000000004
1690.234179016754 30.000000000000004
1691.6645111899393 30.000000000000004
1692.73726031983 30.000000000000004
1694.1675924930203 30.000000000000004
1694.8827585796166 30.000000000000004
1695.5979246662134 30.000000000000004
1694.8827585796166 30.000000000000004
1694.8827585796166 30.000000000000004
1694.5251755363183 30.000000000000004
1695.9555077095122 30.000000000000004
1697.385839882709 30.000000000000004
1698.8161720559087 30.000000000000004
1699.5313381425096 30.000000000000004
1698.8161720559087 30.000000000000004
1698.8161720559087 30.000000000000004
1697.0282568394096 30.000000000000004
1698.4585890126086 30.000000000000004
1698.4585890126086 30.000000000000004
1698.4585890126086 30.000000000000004
1699.173755099209 30.000000000000004
1699.173755099209 30.000000000000004
1699.8889211858104 30.000000000000004
1703.4647516188284 30.000000000000004
1704.1799177054343 30.000000000000004
1705.6102498786481 30.000000000000004
1706.3254159652563 30.000000000000004
1706.3254159652563 30.000000000000004
1706.3254159652563 30.000000000000004
1706.3254159652563 30.000000000000004
1707.7557481384747 30.000000000000004
1708.4709142250854 30.000000000000004
1709.1860803116965 30.000000000000004
1710.616412484921 30.000000000000004
1711.3315785715347 30.000000000000004
1714.1922429179967 30.000000000000004
1715.6225750912326 30.000000000000004
1715.6225750912326 30.000000000000004
1716.3377411778517 30.000000000000004
1716.3377411778517 30.000000000000004
1719.9135716109595 30.000000000000004
1724.2045681307156 30.000000000000004
1727.0652324772363 30.000000000000004
1726.7076494339208 30.000000000000004
1728.1379816071853 30.000000000000004
1729.5683137804533 30.000000000000004
1730.9986459537247 30.000000000000004
1731.7138120403617 30.000000000000004
1733.859310300278 30.000000000000004
1735.2896424735598 30.000000000000004
1736.719974646845 30.000000000000004
1736.719974646845 30.000000000000004
1737.4351407334889 30.000000000000004
1739.223055950103 30.000000000000004
1740.6533881233977 30.000000000000004
1741.3685542100466 30.000000000000004
1742.0837202966964 30.000000000000004
1742.798886383347 30.000000000000004
1742.798886383347 30.000000000000004
1742.798886383347 30.000000000000004
1742.798886383347 30.000000000000004
1742.798886383347 30.000000000000004
1742.798886383347 30.000000000000004
1742.0837202966964 30.000000000000004
1742.0837202966964 30.000000000000004
1742.798886383347 30.000000000000004
1744.2292185566512 30.000000000000004
1744.9443846433044 30.000000000000004
1744.9443846433044 30.000000000000004
1745.6595507299587 30.000000000000004
1745.6595507299587 30.000000000000004
1746.374716816614 30.000000000000004
1746.374716816614 30.000000000000004
1746.374716816614 30.000000000000004
1747.08988290327 30.000000000000004
1747.8050489899272 30.000000000000004
1747.8050489899272 30.000000000000004
1747.8050489899272 30.000000000000004
1747.8050489899272 30.000000000000004
1748.5202150765851 30.000000000000004
1748.5202150765851 30.000000000000004
1750.6657133365647 30.000000000000004
1749.9505472499038 30.000000000000004
1749.9505472499038 30.000000000000004
1749.9505472499038 30.000000000000004
1750.6657133365647 30.000000000000004
1750.6657133365647 30.000000000000004
1750.6657133365647 30.000000000000004
1750.6657133365647 30.000000000000004
1750.6657133365647 30.000000000000004
1751.3808794232261 30.000000000000004
1752.0960455098889 30.000000000000004
1752.8112115965523 30.000000000000004
1754.2415437698824 30.000000000000004
1753.8839607265495 30.000000000000004
1756.3870420298842 30.000000000000004
1757.8173742032236 30.000000000000004
1757.8173742032236 30.000000000000004
1757.8173742032236 30.000000000000004
1759.2477063765668 30.000000000000004
1759.2477063765668 30.000000000000004
1759.2477063765668 30.000000000000004
1759.2477063765668 30.000000000000004
1761.750787679927 30.000000000000004
1762.4659537666034 30.000000000000004
1765.6842011566596 30.000000000000004
1766.3993672433414 30.000000000000004
1767.1145333300242 30.000000000000004
1767.1145333300242 30.000000000000004
1767.829699416708 30.000000000000004
1767.829699416708 30.000000000000004
1767.829699416708 30.000000000000004
1769.9751976767657 30.000000000000004
1769.9751976767657 30.000000000000004
1771.4055298501423 30.000000000000004
1772.1206959368324 30.000000000000004
1772.8358620235233 30.000000000000004
1773.9086111535614 30.000000000000004
1775.3389433269492 30.000000000000004
1776.0541094136447 30.000000000000004
1776.7692755003409 30.000000000000004
1777.4844415870384 30.000000000000004
1778.1996076737369 30.000000000000004
1778.9147737604367 30.000000000000004
1778.9147737604367 30.000000000000004
1778.9147737604367 30.000000000000004
1780.3451059338386 30.000000000000004
1780.3451059338386 30.000000000000004
1781.0602720205413 30.000000000000004
1781.0602720205413 30.000000000000004
1781.0602720205413 30.000000000000004
1781.0602720205413 30.000000000000004
1781.775438107245 30.000000000000004
1781.775438107245 30.000000000000004
1781.775438107245 30.000000000000004
1782.1330211505974 30.000000000000004
1782.1330211505974 30.000000000000004
1782.1330211505974 30.000000000000004
1782.1330211505974 30.000000000000004
1782.1330211505974 30.000000000000004
1782.1330211505974 30.000000000000004
1782.1330211505974 30.000000000000004
1782.1330211505974 30.000000000000004
1782.8481872373027 30.000000000000004
1782.8481872373027 30.000000000000004
1782.8481872373027 30.000000000000004
1782.8481872373027 30.000000000000004
1782.8481872373027 30.000000000000004
1782.8481872373027 30.000000000000004
1782.8481872373027 30.000000000000004
1782.1330211505974 30.000000000000004
1782.1330211505974 30.000000000000004
1782.1330211505974 30.000000000000004
1782.1330211505974 30.000000000000004
1782.1330211505974 30.000000000000004
1782.8481872373027 30.000000000000004
1782.1330211505974 30.000000000000004
1782.1330211505974 30.000000000000004
1782.1330211505974 30.000000000000004
1782.1330211505974 30.000000000000004
1782.1330211505974 30.000000000000004
1782.1330211505974 30.000000000000004
1782.1330211505974 30.000000000000004
1782.8481872373027 30.000000000000004
1782.8481872373027 30.000000000000004
1782.4906041939498 30.000000000000004
1782.4906041939498 30.000000000000004
1782.4906041939498 30.000000000000004
1782.4906041939498 30.000000000000004
1782.4906041939498 30.000000000000004
1782.4906041939498 30.000000000000004
1782.4906041939498 30.000000000000004
1783.2057702806555 30.000000000000004
1783.2057702806555 30.000000000000004
1783.2057702806555 30.000000000000004
1783.2057702806555 30.000000000000004
1783.2057702806555 30.000000000000004
1783.2057702806555 30.000000000000004
1783.2057702806555 30.000000000000004
1783.2057702806555 30.000000000000004
1783.2057702806555 30.000000000000004
1783.2057702806555 30.000000000000004
1783.2057702806555 30.000000000000004
1783.2057702806555 30.000000000000004
1783.2057702806555 30.000000000000004
1783.9209363673626 30.000000000000004
1783.2057702806555 30.000000000000004
1783.2057702806555 30.000000000000004
1783.2057702806555 30.000000000000004
1783.2057702806555 30.000000000000004
1783.2057702806555 30.000000000000004
1783.2057702806555 30.000000000000004
1783.2057702806555 30.000000000000004
1783.2057702806555 30.000000000000004
1783.2057702806555 30.000000000000004
1783.2057702806555 30.000000000000004
1783.2057702806555 30.000000000000004
1783.2057702806555 30.000000000000004
1783.2057702806555 30.000000000000004
1783.2057702806555 30.000000000000004
1783.2057702806555 30.000000000000004
1783.2057702806555 30.000000000000004
1783.2057702806555 30.000000000000004
1783.2057702806555 30.000000000000004
1783.2057702806555 30.000000000000004
1783.2057702806555 30.000000000000004
1783.2057702806555 30.000000000000004
1783.2057702806555 30.000000000000004
1782.4906041939498 30.000000000000004
1781.775438107245 30.000000000000004
1781.775438107245 30.000000000000004
1781.775438107245 30.000000000000004
1781.775438107245 30.000000000000004
1781.0602720205413 30.000000000000004
1781.0602720205413 30.000000000000004
1781.0602720205413 30.000000000000004
1781.0602720205413 30.000000000000004
1781.0602720205413 30.000000000000004
1781.0602720205413 30.000000000000004
1781.0602720205413 30.000000000000004
1781.0602720205413 30.000000000000004
1781.0602720205413 30.000000000000004
1780.3451059338386 30.000000000000004
1779.629939847137 30.000000000000004
1778.1996076737369 30.000000000000004
1777.1268585436897 30.000000000000004
1776.4116924569926 30.000000000000004
1776.4116924569926 30.000000000000004
1775.6965263702969 30.000000000000004
1774.9813602836018 30.000000000000004
1774.9813602836018 30.000000000000004
1774.266194196908 30.000000000000004
1773.5510281102152 30.000000000000004
1772.8358620235233 30.000000000000004
1772.8358620235233 30.000000000000004
1772.8358620235233 30.000000000000004
1772.8358620235233 30.000000000000004
1772.1206959368324 30.000000000000004
1772.1206959368324 30.000000000000004
1771.4055298501423 30.000000000000004
1771.4055298501423 30.000000000000004
1769.9751976767657 30.000000000000004
1769.9751976767657 30.000000000000004
1769.9751976767657 30.000000000000004
1769.9751976767657 30.000000000000004
1769.260031590079 30.000000000000004
1769.260031590079 30.000000000000004
1769.260031590079 30.000000000000004
1769.9751976767657 30.000000000000004
1771.4055298501423 30.000000000000004
1771.4055298501423 30.000000000000004
1771.4055298501423 30.000000000000004
1770.6903637634537 30.000000000000004
1771.4055298501423 30.000000000000004
1771.4055298501423 30.000000000000004
1771.4055298501423 30.000000000000004
1771.4055298501423 30.000000000000004
1771.4055298501423 30.000000000000004
1771.4055298501423 30.000000000000004
1771.4055298501423 30.000000000000004
1771.4055298501423 30.000000000000004
1771.4055298501423 30.000000000000004
1771.0479468067979 30.000000000000004
1770.3327807201094 30.000000000000004
1769.9751976767657 30.000000000000004
1769.9751976767657 30.000000000000004
1769.9751976767657 30.000000000000004
1769.9751976767657 30.000000000000004
1770.6903637634537 30.000000000000004
1770.6903637634537 30.000000000000004
1770.6903637634537 30.000000000000004
1770.6903637634537 30.000000000000004
1770.6903637634537 30.000000000000004
1770.3327807201094 30.000000000000004
1769.6176146334221 30.000000000000004
1769.6176146334221 30.000000000000004
1768.9024485467357 30.000000000000004
1768.9024485467357 30.000000000000004
1768.1872824600505 30.000000000000004
1768.1872824600505 30.000000000000004
1768.1872824600505 30.000000000000004
1768.1872824600505 30.000000000000004
1768.1872824600505 30.000000000000004
1768.1872824600505 30.000000000000004
1768.1872824600505 30.000000000000004
1768.1872824600505 30.000000000000004
1768.1872824600505 30.000000000000004
1768.1872824600505 30.000000000000004
1768.1872824600505 30.000000000000004
1767.4721163733661 30.000000000000004
1767.4721163733661 30.000000000000004
1769.6176146334221 30.000000000000004
1769.6176146334221 30.000000000000004
1769.6176146334221 30.000000000000004
1769.6176146334221 30.000000000000004
1769.6176146334221 30.000000000000004
1769.6176146334221 30.000000000000004
1769.6176146334221 30.000000000000004
1769.6176146334221 30.000000000000004
1769.6176146334221 30.000000000000004
1769.6176146334221 30.000000000000004
1769.6176146334221 30.000000000000004
1769.6176146334221 30.000000000000004
1769.6176146334221 30.000000000000004
1769.6176146334221 30.000000000000004
1769.6176146334221 30.000000000000004
1769.6176146334221 30.000000000000004
1769.6176146334221 30.000000000000004
1769.6176146334221 30.000000000000004
1769.6176146334221 30.000000000000004
1769.6176146334221 30.000000000000004
1769.6176146334221 30.000000000000004
1769.6176146334221 30.000000000000004
1768.9024485467357 30.000000000000004
1768.9024485467357 30.000000000000004
1768.9024485467357 30.000000000000004
1768.9024485467357 30.000000000000004
1768.9024485467357 30.000000000000004
1768.9024485467357 30.000000000000004
1768.9024485467357 30.000000000000004
1768.9024485467357 30.000000000000004
1768.9024485467357 30.000000000000004
1768.1872824600505 30.000000000000004
1768.1872824600505 30.000000000000004
1767.4721163733661 30.000000000000004
1766.7569502866827 30.000000000000004
1766.7569502866827 30.000000000000004
1766.7569502866827 30.000000000000004
1766.0417842000004 30.000000000000004
1766.0417842000004 30.000000000000004
1766.0417842000004 30.000000000000004
1764.6114520266387 30.000000000000004
1763.1811198532807 30.000000000000004
1763.1811198532807 30.000000000000004
1763.8962859399594 30.000000000000004
1763.1811198532807 30.000000000000004
1763.1811198532807 30.000000000000004
1763.1811198532807 30.000000000000004
1763.1811198532807 30.000000000000004
1763.1811198532807 30.000000000000004
1763.1811198532807 30.000000000000004
1763.1811198532807 30.000000000000004
1763.1811198532807 30.000000000000004
1762.4659537666034 30.000000000000004
1761.750787679927 30.000000000000004
1761.0356215932513 30.000000000000004
1761.0356215932513 30.000000000000004
1761.0356215932513 30.000000000000004
1760.678038549914 30.000000000000004
1760.678038549914 30.000000000000004
1759.96287246324 30.000000000000004
1759.96287246324 30.000000000000004
1759.2477063765668 30.000000000000004
1758.5325402898948 30.000000000000004
1758.5325402898948 30.000000000000004
1757.8173742032236 30.000000000000004
1757.8173742032236 30.000000000000004
1757.8173742032236 30.000000000000004
1757.1022081165534 30.000000000000004
1757.1022081165534 30.000000000000004
1757.1022081165534 30.000000000000004
1757.1022081165534 30.000000000000004
1757.1022081165534 30.000000000000004
1757.1022081165534 30.000000000000004
1757.1022081165534 30.000000000000004
1756.3870420298842 30.000000000000004
1756.3870420298842 30.000000000000004
