mLSHADE-RL
1514.3033217299592 30.000000000000004
1535.0431382384431 30.000000000000004
1442.7867130799507 30.000000000000004
1439.2108826474166 30.000000000000004
1408.458740927355 30.000000000000004
1412.7497374464663 30.000000000000004
1384.1430939854756 30.000000000000004
1386.2885922450719 30.000000000000004
1396.300917456471 30.000000000000004
1374.1307687739748 30.000000000000004
1381.9975957258757 30.000000000000004
1376.9914331201269 30.000000000000004
1376.2762670335896 30.000000000000004
1367.6942739951048 30.000000000000004
1381.9975957258757 30.000000000000004
1369.1246061681904 30.000000000000004
1383.4279278989427 30.000000000000004
1405.598076581274 30.000000000000004
1394.1554191968921 30.000000000000004
1406.3132426677946 30.000000000000004
1390.5795887642525 30.000000000000004
1407.028408754315 30.000000000000004
1401.3070800621417 30.000000000000004
1412.0345713599486 30.000000000000004
1412.0345713599486 30.000000000000004
1409.1739070138742 30.000000000000004
1412.0345713599486 30.000000000000004
1408.458740927355 30.000000000000004
1410.604239186912 30.000000000000004
1407.028408754315 30.000000000000004
1411.3194052734304 30.000000000000004
1412.0345713599486 30.000000000000004
1405.598076581274 30.000000000000004
1410.604239186912 30.000000000000004
1404.8829104947529 30.000000000000004
1404.1677444082313 30.000000000000004
1401.3070800621417 30.000000000000004
1407.7435748408352 30.000000000000004
1406.3132426677946 30.000000000000004
1402.7374122351873 30.000000000000004
1407.7435748408352 30.000000000000004
1404.1677444082313 30.000000000000004
1403.4525783217096 30.000000000000004
1399.876747889095 30.000000000000004
1404.1677444082313 30.000000000000004
1409.8890731003933 30.000000000000004
1407.028408754315 30.000000000000004
1421.3317304846544 30.000000000000004
1414.8952357060175 30.000000000000004
1433.48955395535 30.000000000000004
1439.2108826474166 30.000000000000004
1429.1985574362898 30.000000000000004
1431.344055695821 30.000000000000004
1423.4772287441947 30.000000000000004
1432.059221782331 30.000000000000004
1425.6227270037325 30.000000000000004
1430.6288896093108 30.000000000000004
1429.9137235228004 30.000000000000004
1423.4772287441947 30.000000000000004
1429.1985574362898 30.000000000000004
1426.3378930902445 30.000000000000004
1429.1985574362898 30.000000000000004
1429.1985574362898 30.000000000000004
1427.053059176756 30.000000000000004
1426.3378930902445 30.000000000000004
1424.90756091722 30.000000000000004
1428.483391349779 30.000000000000004
1429.1985574362898 30.000000000000004
1427.053059176756 30.000000000000004
1427.053059176756 30.000000000000004
1424.1923948307076 30.000000000000004
1426.3378930902445 30.000000000000004
1427.7682252632676 30.000000000000004
1424.1923948307076 30.000000000000004
1423.4772287441947 30.000000000000004
1422.7620626576816 30.000000000000004
1427.7682252632676 30.000000000000004
1426.3378930902445 30.000000000000004
1423.4772287441947 30.000000000000004
1426.3378930902445 30.000000000000004
1422.0468965711682 30.000000000000004
1424.90756091722 30.000000000000004
1424.1923948307076 30.000000000000004
1422.0468965711682 30.000000000000004
1419.1862322251116 30.000000000000004
1418.4710661385966 30.000000000000004
1417.0407339655658 30.000000000000004
1417.0407339655658 30.000000000000004
1415.610401792534 30.000000000000004
1414.1800696195007 30.000000000000004
1410.604239186912 30.000000000000004
1407.7435748408352 30.000000000000004
1413.4649035329837 30.000000000000004
1412.0345713599486 30.000000000000004
1414.8952357060175 30.000000000000004
1421.3317304846544 30.000000000000004
1419.1862322251116 30.000000000000004
1419.901398311626 30.000000000000004
1416.3255678790501 30.000000000000004
1419.1862322251116 30.000000000000004
1420.6165643981403 30.000000000000004
1419.1862322251116 30.000000000000004
1420.6165643981403 30.000000000000004
1419.901398311626 30.000000000000004
1422.7620626576816 30.000000000000004
1425.6227270037325 30.000000000000004
1425.6227270037325 30.000000000000004
1429.9137235228004 30.000000000000004
1434.919886128368 30.000000000000004
1433.48955395535 30.000000000000004
1435.6350522148769 30.000000000000004
1434.2047200418592 30.000000000000004
1434.2047200418592 30.000000000000004
1437.0653843878933 30.000000000000004
1437.0653843878933 30.000000000000004
1438.4957165609092 30.000000000000004
1435.6350522148769 30.000000000000004
1434.2047200418592 30.000000000000004
1436.3502183013852 30.000000000000004
1436.3502183013852 30.000000000000004
1439.2108826474166 30.000000000000004
1442.0715469934444 30.000000000000004
1439.2108826474166 30.000000000000004
1438.4957165609092 30.000000000000004
1442.0715469934444 30.000000000000004
1442.0715469934444 30.000000000000004
1442.0715469934444 30.000000000000004
1435.6350522148769 30.000000000000004
1438.4957165609092 30.000000000000004
1442.7867130799507 30.000000000000004
1442.7867130799507 30.000000000000004
1447.7928756854897 30.000000000000004
1448.5080417719946 30.000000000000004
1448.5080417719946 30.000000000000004
1452.0838722045155 30.000000000000004
1455.659702637032 30.000000000000004
1453.5142043775227 30.000000000000004
1453.5142043775227 30.000000000000004
1454.229370464026 30.000000000000004
1452.7990382910193 30.000000000000004
1455.659702637032 30.000000000000004
1454.229370464026 30.000000000000004
1454.229370464026 30.000000000000004
1454.229370464026 30.000000000000004
1452.7990382910193 30.000000000000004
1457.0900348100377 30.000000000000004
1460.6658652425485 30.000000000000004
1459.9506991560468 30.000000000000004
1459.9506991560468 30.000000000000004
1464.9568617615569 30.000000000000004
1463.5265295885547 30.000000000000004
1468.53269219406 30.000000000000004
1472.1085226265604 30.000000000000004
1470.6781904535605 30.000000000000004
1471.3933565400605 30.000000000000004
1469.2478582805604 30.000000000000004
1467.8175261075596 30.000000000000004
1470.6781904535605 30.000000000000004
1472.8236887130602 30.000000000000004
1472.1085226265604 30.000000000000004
1474.9691869725589 30.000000000000004
1476.3995191455574 30.000000000000004
1475.6843530590581 30.000000000000004
1478.5450174050548 30.000000000000004
1482.8360139240472 30.000000000000004
1479.9753495780526 30.000000000000004
1479.9753495780526 30.000000000000004
1477.1146852320567 30.000000000000004
1477.1146852320567 30.000000000000004
1482.1208478375486 30.000000000000004
1481.40568175105 30.000000000000004
1477.8298513185557 30.000000000000004
1477.8298513185557 30.000000000000004
1477.8298513185557 30.000000000000004
1477.1146852320567 30.000000000000004
1480.6905156645514 30.000000000000004
1482.1208478375486 30.000000000000004
1482.1208478375486 30.000000000000004
1479.9753495780526 30.000000000000004
1482.1208478375486 30.000000000000004
1480.6905156645514 30.000000000000004
1481.40568175105 30.000000000000004
1481.40568175105 30.000000000000004
1479.9753495780526 30.000000000000004
1480.6905156645514 30.000000000000004
1479.2601834915536 30.000000000000004
1478.5450174050548 30.000000000000004
1481.40568175105 30.000000000000004
1478.5450174050548 30.000000000000004
1477.8298513185557 30.000000000000004
1478.5450174050548 30.000000000000004
1477.8298513185557 30.000000000000004
1476.3995191455574 30.000000000000004
1474.9691869725589 30.000000000000004
1475.6843530590581 30.000000000000004
1474.2540208860594 30.000000000000004
1475.6843530590581 30.000000000000004
1476.3995191455574 30.000000000000004
1476.3995191455574 30.000000000000004
1475.6843530590581 30.000000000000004
1477.1146852320567 30.000000000000004
1475.6843530590581 30.000000000000004
1474.9691869725589 30.000000000000004
1473.5388547995599 30.000000000000004
1472.8236887130602 30.000000000000004
1472.8236887130602 30.000000000000004
1473.5388547995599 30.000000000000004
1474.2540208860594 30.000000000000004
1472.8236887130602 30.000000000000004
1472.1085226265604 30.000000000000004
1471.3933565400605 30.000000000000004
1471.3933565400605 30.000000000000004
1470.6781904535605 30.000000000000004
1471.3933565400605 30.000000000000004
1471.3933565400605 30.000000000000004
1470.6781904535605 30.000000000000004
1470.6781904535605 30.000000000000004
1470.6781904535605 30.000000000000004
1469.2478582805604 30.000000000000004
1469.2478582805604 30.000000000000004
1469.2478582805604 30.000000000000004
1468.53269219406 30.000000000000004
1467.8175261075596 30.000000000000004
1467.1023600210592 30.000000000000004
1467.1023600210592 30.000000000000004
1467.1023600210592 30.000000000000004
1467.1023600210592 30.000000000000004
1467.1023600210592 30.000000000000004
1467.8175261075596 30.000000000000004
1467.8175261075596 30.000000000000004
1467.8175261075596 30.000000000000004
1467.1023600210592 30.000000000000004
1466.3871939345586 30.000000000000004
1464.2416956750558 30.000000000000004
1463.5265295885547 30.000000000000004
1464.9568617615569 30.000000000000004
1464.9568617615569 30.000000000000004
1464.9568617615569 30.000000000000004
1464.9568617615569 30.000000000000004
1464.9568617615569 30.000000000000004
1464.2416956750558 30.000000000000004
1464.2416956750558 30.000000000000004
1463.5265295885547 30.000000000000004
1462.8113635020534 30.000000000000004
1462.8113635020534 30.000000000000004
1462.0961974155518 30.000000000000004
1462.8113635020534 30.000000000000004
1462.0961974155518 30.000000000000004
1461.3810313290503 30.000000000000004
1463.5265295885547 30.000000000000004
1462.8113635020534 30.000000000000004
1462.0961974155518 30.000000000000004
1461.3810313290503 30.000000000000004
1459.2355330695445 30.000000000000004
1457.80520089654 30.000000000000004
1457.80520089654 30.000000000000004
1456.7324517667862 30.000000000000004
1456.7324517667862 30.000000000000004
1456.7324517667862 30.000000000000004
1455.3021195937806 30.000000000000004
1455.3021195937806 30.000000000000004
1453.8717874207744 30.000000000000004
1452.4414552477674 30.000000000000004
1452.4414552477674 30.000000000000004
1451.7262891612636 30.000000000000004
1451.0111230747598 30.000000000000004
1451.7262891612636 30.000000000000004
1451.0111230747598 30.000000000000004
1449.5807909017512 30.000000000000004
1448.8656248152467 30.000000000000004
1448.1504587287423 30.000000000000004
1448.1504587287423 30.000000000000004
1447.4352926422373 30.000000000000004
1448.1504587287423 30.000000000000004
1447.4352926422373 30.000000000000004
1447.4352926422373 30.000000000000004
1447.4352926422373 30.000000000000004
1447.4352926422373 30.000000000000004
1447.4352926422373 30.000000000000004
1448.1504587287423 30.000000000000004
1448.1504587287423 30.000000000000004
1448.1504587287423 30.000000000000004
1448.1504587287423 30.000000000000004
1447.4352926422373 30.000000000000004
1447.4352926422373 30.000000000000004
1448.1504587287423 30.000000000000004
1447.4352926422373 30.000000000000004
1446.3625435124795 30.000000000000004
1444.9322113394687 30.000000000000004
1444.2170452529629 30.000000000000004
1445.2897943827215 30.000000000000004
1445.2897943827215 30.000000000000004
1446.004960469227 30.000000000000004
1446.004960469227 30.000000000000004
1446.004960469227 30.000000000000004
1444.9322113394687 30.000000000000004
1446.3625435124795 30.000000000000004
1445.6473774259744 30.000000000000004
1444.9322113394687 30.000000000000004
1444.2170452529629 30.000000000000004
1444.574628296216 30.000000000000004
1443.85946220971 30.000000000000004
1443.85946220971 30.000000000000004
1442.4291300366976 30.000000000000004
1441.713963950191 30.000000000000004
1439.5684656906703 30.000000000000004
1438.8532996041629 30.000000000000004
1438.8532996041629 30.000000000000004
1438.8532996041629 30.000000000000004
1439.2108826474166 30.000000000000004
1439.2108826474166 30.000000000000004
1439.2108826474166 30.000000000000004
1437.7805504744013 30.000000000000004
1437.7805504744013 30.000000000000004
1436.3502183013852 30.000000000000004
1437.0653843878933 30.000000000000004
1435.6350522148769 30.000000000000004
1434.2047200418592 30.000000000000004
1433.48955395535 30.000000000000004
1432.7743878688407 30.000000000000004
1432.7743878688407 30.000000000000004
1432.7743878688407 30.000000000000004
1434.2047200418592 30.000000000000004
1433.48955395535 30.000000000000004
1432.7743878688407 30.000000000000004
1432.7743878688407 30.000000000000004
1431.344055695821 30.000000000000004
1431.344055695821 30.000000000000004
1429.9137235228004 30.000000000000004
1429.1985574362898 30.000000000000004
1427.053059176756 30.000000000000004
1425.6227270037325 30.000000000000004
1425.6227270037325 30.000000000000004
1426.3378930902445 30.000000000000004
1426.3378930902445 30.000000000000004
1425.6227270037325 30.000000000000004
1425.6227270037325 30.000000000000004
1424.1923948307076 30.000000000000004
1424.1923948307076 30.000000000000004
1424.90756091722 30.000000000000004
1424.1923948307076 30.000000000000004
1424.1923948307076 30.000000000000004
1422.7620626576816 30.000000000000004
1422.7620626576816 30.000000000000004
1423.4772287441947 30.000000000000004
1423.4772287441947 30.000000000000004
1422.7620626576816 30.000000000000004
1422.0468965711682 30.000000000000004
1423.4772287441947 30.000000000000004
1422.7620626576816 30.000000000000004
1422.0468965711682 30.000000000000004
1422.0468965711682 30.000000000000004
1424.1923948307076 30.000000000000004
1423.4772287441947 30.000000000000004
1422.0468965711682 30.000000000000004
1422.0468965711682 30.000000000000004
1421.3317304846544 30.000000000000004
1422.7620626576816 30.000000000000004
1422.7620626576816 30.000000000000004
1422.0468965711682 30.000000000000004
1421.3317304846544 30.000000000000004
1421.3317304846544 30.000000000000004
1419.901398311626 30.000000000000004
1419.901398311626 30.000000000000004
1419.901398311626 30.000000000000004
1421.3317304846544 30.000000000000004
1420.6165643981403 30.000000000000004
1419.1862322251116 30.000000000000004
1419.1862322251116 30.000000000000004
1418.4710661385966 30.000000000000004
1417.7559000520814 30.000000000000004
1417.7559000520814 30.000000000000004
1418.4710661385966 30.000000000000004
1417.7559000520814 30.000000000000004
1417.7559000520814 30.000000000000004
1418.4710661385966 30.000000000000004
1418.4710661385966 30.000000000000004
1418.4710661385966 30.000000000000004
1417.7559000520814 30.000000000000004
1417.0407339655658 30.000000000000004
1415.610401792534 30.000000000000004
1416.3255678790501 30.000000000000004
1417.0407339655658 30.000000000000004
1416.3255678790501 30.000000000000004
1416.3255678790501 30.000000000000004
1416.3255678790501 30.000000000000004
1416.3255678790501 30.000000000000004
1415.610401792534 30.000000000000004
1415.610401792534 30.000000000000004
1415.610401792534 30.000000000000004
1415.610401792534 30.000000000000004
1414.8952357060175 30.000000000000004
1414.8952357060175 30.000000000000004
1414.8952357060175 30.000000000000004
1414.8952357060175 30.000000000000004
1414.1800696195007 30.000000000000004
1413.4649035329837 30.000000000000004
1413.8224865762422 30.000000000000004
1413.8224865762422 30.000000000000004
1413.8224865762422 30.000000000000004
1413.8224865762422 30.000000000000004
1414.1800696195007 30.000000000000004
1414.1800696195007 30.000000000000004
1414.1800696195007 30.000000000000004
1414.1800696195007 30.000000000000004
1414.1800696195007 30.000000000000004
1414.1800696195007 30.000000000000004
1413.4649035329837 30.000000000000004
1413.8224865762422 30.000000000000004
1413.8224865762422 30.000000000000004
1413.4649035329837 30.000000000000004
1413.8224865762422 30.000000000000004
1413.8224865762422 30.000000000000004
1413.8224865762422 30.000000000000004
1413.107320489725 30.000000000000004
1413.4649035329837 30.000000000000004
1413.4649035329837 30.000000000000004
1417.0407339655658 30.000000000000004
1415.610401792534 30.000000000000004
1415.610401792534 30.000000000000004
1415.610401792534 30.000000000000004
1416.3255678790501 30.000000000000004
1416.3255678790501 30.000000000000004
1415.610401792534 30.000000000000004
1414.8952357060175 30.000000000000004
1414.1800696195007 30.000000000000004
1413.4649035329837 30.000000000000004
1413.4649035329837 30.000000000000004
1413.4649035329837 30.000000000000004
1413.4649035329837 30.000000000000004
1413.4649035329837 30.000000000000004
1413.4649035329837 30.000000000000004
1414.1800696195007 30.000000000000004
1414.1800696195007 30.000000000000004
1414.8952357060175 30.000000000000004
1414.8952357060175 30.000000000000004
1414.8952357060175 30.000000000000004
1414.1800696195007 30.000000000000004
1414.1800696195007 30.000000000000004
1414.1800696195007 30.000000000000004
1413.4649035329837 30.000000000000004
1412.7497374464663 30.000000000000004
1412.7497374464663 30.000000000000004
1412.7497374464663 30.000000000000004
1413.4649035329837 30.000000000000004
1414.8952357060175 30.000000000000004
1417.0407339655658 30.000000000000004
1417.0407339655658 30.000000000000004
1417.3983170088236 30.000000000000004
1416.683150922308 30.000000000000004
1416.683150922308 30.000000000000004
1416.683150922308 30.000000000000004
1416.683150922308 30.000000000000004
1416.683150922308 30.000000000000004
1416.683150922308 30.000000000000004
1417.3983170088236 30.000000000000004
1417.3983170088236 30.000000000000004
1415.2528187492758 30.000000000000004
1414.5376526627592 30.000000000000004
1413.8224865762422 30.000000000000004
1413.8224865762422 30.000000000000004
1413.8224865762422 30.000000000000004
1413.8224865762422 30.000000000000004
1413.107320489725 30.000000000000004
1413.107320489725 30.000000000000004
1413.107320489725 30.000000000000004
1412.3921544032073 30.000000000000004
1413.107320489725 30.000000000000004
1413.107320489725 30.000000000000004
1413.107320489725 30.000000000000004
1412.3921544032073 30.000000000000004
1412.3921544032073 30.000000000000004
1410.9618222301713 30.000000000000004
1410.9618222301713 30.000000000000004
1411.6769883166896 30.000000000000004
1411.6769883166896 30.000000000000004
1411.6769883166896 30.000000000000004
1411.6769883166896 30.000000000000004
1411.6769883166896 30.000000000000004
1411.6769883166896 30.000000000000004
1412.3921544032073 30.000000000000004
1412.3921544032073 30.000000000000004
1413.107320489725 30.000000000000004
1411.6769883166896 30.000000000000004
1410.9618222301713 30.000000000000004
1410.9618222301713 30.000000000000004
1411.6769883166896 30.000000000000004
1411.6769883166896 30.000000000000004
1411.6769883166896 30.000000000000004
1412.3921544032073 30.000000000000004
1413.107320489725 30.000000000000004
1413.107320489725 30.000000000000004
1413.8224865762422 30.000000000000004
1413.8224865762422 30.000000000000004
1415.2528187492758 30.000000000000004
1415.2528187492758 30.000000000000004
1415.2528187492758 30.000000000000004
1415.967984835792 30.000000000000004
1416.683150922308 30.000000000000004
1415.967984835792 30.000000000000004
1416.683150922308 30.000000000000004
1415.967984835792 30.000000000000004
1415.2528187492758 30.000000000000004
1415.2528187492758 30.000000000000004
1417.3983170088236 30.000000000000004
1417.3983170088236 30.000000000000004
1417.3983170088236 30.000000000000004
1415.967984835792 30.000000000000004
1415.967984835792 30.000000000000004
1415.967984835792 30.000000000000004
1417.3983170088236 30.000000000000004
1416.683150922308 30.000000000000004
1415.967984835792 30.000000000000004
1415.2528187492758 30.000000000000004
1414.5376526627592 30.000000000000004
1415.2528187492758 30.000000000000004
1415.967984835792 30.000000000000004
1415.2528187492758 30.000000000000004
1415.2528187492758 30.000000000000004
1415.2528187492758 30.000000000000004
1415.2528187492758 30.000000000000004
1415.2528187492758 30.000000000000004
1415.2528187492758 30.000000000000004
1415.967984835792 30.000000000000004
1416.683150922308 30.000000000000004
1416.683150922308 30.000000000000004
1419.543815268369 30.000000000000004
1418.8286491818542 30.000000000000004
1419.543815268369 30.000000000000004
1419.543815268369 30.000000000000004
1418.8286491818542 30.000000000000004
1418.8286491818542 30.000000000000004
1418.8286491818542 30.000000000000004
1420.2589813548832 30.000000000000004
1420.2589813548832 30.000000000000004
1419.543815268369 30.000000000000004
1418.8286491818542 30.000000000000004
1419.543815268369 30.000000000000004
1420.2589813548832 30.000000000000004
1421.6893135279113 30.000000000000004
1423.1196457009382 30.000000000000004
1423.1196457009382 30.000000000000004
1421.6893135279113 30.000000000000004
1421.6893135279113 30.000000000000004
1421.6893135279113 30.000000000000004
1421.6893135279113 30.000000000000004
1423.4772287441947 30.000000000000004
1423.4772287441947 30.000000000000004
1424.1923948307076 30.000000000000004
1423.4772287441947 30.000000000000004
1423.1196457009382 30.000000000000004
1423.8348117874511 30.000000000000004
1424.5499778739638 30.000000000000004
1424.90756091722 30.000000000000004
1424.90756091722 30.000000000000004
1426.6954761335003 30.000000000000004
1428.1258083065231 30.000000000000004
1427.7682252632676 30.000000000000004
1427.410642220012 30.000000000000004
1428.483391349779 30.000000000000004
1429.1985574362898 30.000000000000004
1428.8409743930342 30.000000000000004
1428.8409743930342 30.000000000000004
1429.1985574362898 30.000000000000004
1430.2713065660557 30.000000000000004
1430.2713065660557 30.000000000000004
1432.059221782331 30.000000000000004
1432.059221782331 30.000000000000004
1434.5623030851136 30.000000000000004
1435.992635258131 30.000000000000004
1435.992635258131 30.000000000000004
1436.3502183013852 30.000000000000004
1436.3502183013852 30.000000000000004
1437.0653843878933 30.000000000000004
1437.0653843878933 30.000000000000004
1437.0653843878933 30.000000000000004
1437.7805504744013 30.000000000000004
1438.4957165609092 30.000000000000004
1439.9260487339238 30.000000000000004
1439.9260487339238 30.000000000000004
1440.2836317771773 30.000000000000004
1440.6412148204308 30.000000000000004
1440.6412148204308 30.000000000000004
1441.3563809069378 30.000000000000004
1441.3563809069378 30.000000000000004
1442.4291300366976 30.000000000000004
1443.144296123204 30.000000000000004
1443.85946220971 30.000000000000004
1444.574628296216 30.000000000000004
1443.85946220971 30.000000000000004
1443.85946220971 30.000000000000004
1445.2897943827215 30.000000000000004
1445.2897943827215 30.000000000000004
1444.9322113394687 30.000000000000004
1444.574628296216 30.000000000000004
1444.9322113394687 30.000000000000004
1444.9322113394687 30.000000000000004
1446.7201265557321 30.000000000000004
1446.7201265557321 30.000000000000004
1449.223207858499 30.000000000000004
1448.5080417719946 30.000000000000004
1448.5080417719946 30.000000000000004
1449.5807909017512 30.000000000000004
1450.2959569882555 30.000000000000004
1452.0838722045155 30.000000000000004
1452.4414552477674 30.000000000000004
1452.0838722045155 30.000000000000004
1453.156621334271 30.000000000000004
1453.5142043775227 30.000000000000004
1454.229370464026 30.000000000000004
1454.9445365505292 30.000000000000004
1454.229370464026 30.000000000000004
1455.3021195937806 30.000000000000004
1456.374868723535 30.000000000000004
1456.374868723535 30.000000000000004
1456.374868723535 30.000000000000004
1457.80520089654 30.000000000000004
1457.80520089654 30.000000000000004
1457.0900348100377 30.000000000000004
1457.80520089654 30.000000000000004
1458.5203669830425 30.000000000000004
1457.80520089654 30.000000000000004
1457.80520089654 30.000000000000004
1459.9506991560468 30.000000000000004
1459.2355330695445 30.000000000000004
1459.2355330695445 30.000000000000004
1459.2355330695445 30.000000000000004
1458.5203669830425 30.000000000000004
1457.80520089654 30.000000000000004
1457.0900348100377 30.000000000000004
1458.5203669830425 30.000000000000004
1457.80520089654 30.000000000000004
1458.1627839397913 30.000000000000004
1458.1627839397913 30.000000000000004
1458.1627839397913 30.000000000000004
1458.1627839397913 30.000000000000004
1458.5203669830425 30.000000000000004
1458.5203669830425 30.000000000000004
1458.5203669830425 30.000000000000004
1458.5203669830425 30.000000000000004
1457.80520089654 30.000000000000004
1457.80520089654 30.000000000000004
1459.5931161127955 30.000000000000004
1458.1627839397913 30.000000000000004
1458.1627839397913 30.000000000000004
1457.4476178532889 30.000000000000004
1458.1627839397913 30.000000000000004
1458.1627839397913 30.000000000000004
1458.1627839397913 30.000000000000004
1458.8779500262935 30.000000000000004
1458.1627839397913 30.000000000000004
1458.8779500262935 30.000000000000004
1458.8779500262935 30.000000000000004
1458.8779500262935 30.000000000000004
1458.8779500262935 30.000000000000004
1458.1627839397913 30.000000000000004
1458.1627839397913 30.000000000000004
1458.1627839397913 30.000000000000004
1457.4476178532889 30.000000000000004
1457.4476178532889 30.000000000000004
1456.7324517667862 30.000000000000004
1456.7324517667862 30.000000000000004
1457.4476178532889 30.000000000000004
1457.4476178532889 30.000000000000004
1457.4476178532889 30.000000000000004
1456.7324517667862 30.000000000000004
1456.0172856802835 30.000000000000004
1456.0172856802835 30.000000000000004
1456.0172856802835 30.000000000000004
1456.0172856802835 30.000000000000004
1455.3021195937806 30.000000000000004
1455.3021195937806 30.000000000000004
1455.3021195937806 30.000000000000004
1456.0172856802835 30.000000000000004
1456.0172856802835 30.000000000000004
1455.3021195937806 30.000000000000004
1456.374868723535 30.000000000000004
1456.374868723535 30.000000000000004
1456.374868723535 30.000000000000004
1455.659702637032 30.000000000000004
1455.659702637032 30.000000000000004
1455.659702637032 30.000000000000004
1456.374868723535 30.000000000000004
1456.374868723535 30.000000000000004
1455.659702637032 30.000000000000004
1455.659702637032 30.000000000000004
1456.7324517667862 30.000000000000004
1458.1627839397913 30.000000000000004
1459.5931161127955 30.000000000000004
1458.1627839397913 30.000000000000004
1458.1627839397913 30.000000000000004
1458.1627839397913 30.000000000000004
1458.8779500262935 30.000000000000004
1458.8779500262935 30.000000000000004
1458.1627839397913 30.000000000000004
1458.1627839397913 30.000000000000004
1458.1627839397913 30.000000000000004
1458.1627839397913 30.000000000000004
1457.4476178532889 30.000000000000004
1456.7324517667862 30.000000000000004
1456.7324517667862 30.000000000000004
1456.7324517667862 30.000000000000004
1456.7324517667862 30.000000000000004
1456.0172856802835 30.000000000000004
1456.0172856802835 30.000000000000004
1456.0172856802835 30.000000000000004
1456.0172856802835 30.000000000000004
1456.0172856802835 30.000000000000004
1455.3021195937806 30.000000000000004
1455.3021195937806 30.000000000000004
1456.0172856802835 30.000000000000004
1456.0172856802835 30.000000000000004
1456.0172856802835 30.000000000000004
1456.7324517667862 30.000000000000004
1456.7324517667862 30.000000000000004
1456.0172856802835 30.000000000000004
1456.0172856802835 30.000000000000004
1456.0172856802835 30.000000000000004
1456.0172856802835 30.000000000000004
1456.0172856802835 30.000000000000004
1456.7324517667862 30.000000000000004
1456.7324517667862 30.000000000000004
1457.4476178532889 30.000000000000004
1457.4476178532889 30.000000000000004
1457.4476178532889 30.000000000000004
1456.7324517667862 30.000000000000004
1456.7324517667862 30.000000000000004
1458.5203669830425 30.000000000000004
1457.80520089654 30.000000000000004
1457.80520089654 30.000000000000004
1457.80520089654 30.000000000000004
1457.80520089654 30.000000000000004
1457.80520089654 30.000000000000004
1457.80520089654 30.000000000000004
1457.0900348100377 30.000000000000004
1457.0900348100377 30.000000000000004
1458.8779500262935 30.000000000000004
1458.8779500262935 30.000000000000004
1458.8779500262935 30.000000000000004
1458.8779500262935 30.000000000000004
1458.8779500262935 30.000000000000004
1458.8779500262935 30.000000000000004
1458.8779500262935 30.000000000000004
1457.4476178532889 30.000000000000004
1456.7324517667862 30.000000000000004
1456.7324517667862 30.000000000000004
1457.4476178532889 30.000000000000004
1457.4476178532889 30.000000000000004
1458.8779500262935 30.000000000000004
1458.8779500262935 30.000000000000004
1460.6658652425485 30.000000000000004
1462.0961974155518 30.000000000000004
1462.0961974155518 30.000000000000004
1461.3810313290503 30.000000000000004
1461.3810313290503 30.000000000000004
1461.3810313290503 30.000000000000004
1461.3810313290503 30.000000000000004
1461.3810313290503 30.000000000000004
1462.8113635020534 30.000000000000004
1462.8113635020534 30.000000000000004
1462.8113635020534 30.000000000000004
1462.0961974155518 30.000000000000004
1462.0961974155518 30.000000000000004
1462.8113635020534 30.000000000000004
1462.8113635020534 30.000000000000004
1462.8113635020534 30.000000000000004
1461.3810313290503 30.000000000000004
1460.6658652425485 30.000000000000004
1462.4537804588026 30.000000000000004
1462.4537804588026 30.000000000000004
1462.4537804588026 30.000000000000004
1463.168946545304 30.000000000000004
1463.8841126318052 30.000000000000004
1463.8841126318052 30.000000000000004
1465.3144448048074 30.000000000000004
1465.3144448048074 30.000000000000004
1465.3144448048074 30.000000000000004
1465.3144448048074 30.000000000000004
1464.5992787183063 30.000000000000004
1464.5992787183063 30.000000000000004
1464.5992787183063 30.000000000000004
1464.5992787183063 30.000000000000004
1464.5992787183063 30.000000000000004
1464.5992787183063 30.000000000000004
1464.5992787183063 30.000000000000004
1464.5992787183063 30.000000000000004
1464.5992787183063 30.000000000000004
1464.5992787183063 30.000000000000004
1465.3144448048074 30.000000000000004
1465.3144448048074 30.000000000000004
1465.3144448048074 30.000000000000004
1465.3144448048074 30.000000000000004
1466.029610891308 30.000000000000004
1467.4599430643095 30.000000000000004
1468.8902752373103 30.000000000000004
1468.8902752373103 30.000000000000004
1468.8902752373103 30.000000000000004
1468.17510915081 30.000000000000004
1468.8902752373103 30.000000000000004
1468.8902752373103 30.000000000000004
1468.8902752373103 30.000000000000004
1469.6054413238105 30.000000000000004
1469.6054413238105 30.000000000000004
1470.3206074103107 30.000000000000004
1470.3206074103107 30.000000000000004
1470.3206074103107 30.000000000000004
1470.3206074103107 30.000000000000004
1470.3206074103107 30.000000000000004
1470.3206074103107 30.000000000000004
1470.3206074103107 30.000000000000004
1470.3206074103107 30.000000000000004
1470.3206074103107 30.000000000000004
1471.0357734968106 30.000000000000004
1471.0357734968106 30.000000000000004
1471.0357734968106 30.000000000000004
1471.0357734968106 30.000000000000004
1471.0357734968106 30.000000000000004
1471.0357734968106 30.000000000000004
1471.7509395833106 30.000000000000004
1473.8964378428095 30.000000000000004
1476.0419361023078 30.000000000000004
1476.0419361023078 30.000000000000004
1476.0419361023078 30.000000000000004
1476.0419361023078 30.000000000000004
1476.0419361023078 30.000000000000004
1476.0419361023078 30.000000000000004
1476.757102188807 30.000000000000004
1477.472268275306 30.000000000000004
1478.9026004483042 30.000000000000004
1480.332932621302 30.000000000000004
1481.0480987078006 30.000000000000004
1481.0480987078006 30.000000000000004
1481.0480987078006 30.000000000000004
1481.0480987078006 30.000000000000004
1483.1935969672966 30.000000000000004
1483.1935969672966 30.000000000000004
1483.1935969672966 30.000000000000004
1483.1935969672966 30.000000000000004
1483.908763053795 30.000000000000004
1483.1935969672966 30.000000000000004
1483.1935969672966 30.000000000000004
1483.1935969672966 30.000000000000004
1483.1935969672966 30.000000000000004
1483.1935969672966 30.000000000000004
1483.1935969672966 30.000000000000004
1483.1935969672966 30.000000000000004
1483.908763053795 30.000000000000004
1483.908763053795 30.000000000000004
1485.3390952267916 30.000000000000004
1485.3390952267916 30.000000000000004
1486.05426131329 30.000000000000004
1490.345257832279 30.000000000000004
1490.345257832279 30.000000000000004
1491.7755900052748 30.000000000000004
1491.7755900052748 30.000000000000004
1493.2059221782708 30.000000000000004
1496.78175261076 30.000000000000004
1503.21824738924 30.000000000000004
1508.2244099947252 30.000000000000004
1509.654742167721 30.000000000000004
1510.3699082542191 30.000000000000004
1513.94573868671 30.000000000000004
1517.521569119202 30.000000000000004
1518.9519012921994 30.000000000000004
1523.242897811193 30.000000000000004
1527.5338943301897 30.000000000000004
1528.9642265031894 30.000000000000004
1529.6793925896893 30.000000000000004
1529.6793925896893 30.000000000000004
1529.6793925896893 30.000000000000004
1529.6793925896893 30.000000000000004
1531.1097247626897 30.000000000000004
1531.1097247626897 30.000000000000004
1531.1097247626897 30.000000000000004
1532.5400569356905 30.000000000000004
1535.4007212816937 30.000000000000004
1535.4007212816937 30.000000000000004
1535.4007212816937 30.000000000000004
1536.831053454696 30.000000000000004
1536.831053454696 30.000000000000004
1536.831053454696 30.000000000000004
1536.831053454696 30.000000000000004
1536.831053454696 30.000000000000004
1536.831053454696 30.000000000000004
1536.831053454696 30.000000000000004
1536.831053454696 30.000000000000004
1538.261385627699 30.000000000000004
1539.6917178007025 30.000000000000004
1540.4068838872045 30.000000000000004
1540.4068838872045 30.000000000000004
1541.1220499737065 30.000000000000004
1541.1220499737065 30.000000000000004
1541.1220499737065 30.000000000000004
1541.8372160602087 30.000000000000004
1541.8372160602087 30.000000000000004
1541.8372160602087 30.000000000000004
1541.8372160602087 30.000000000000004
1542.5523821467111 30.000000000000004
1542.5523821467111 30.000000000000004
1543.2675482332138 30.000000000000004
1543.2675482332138 30.000000000000004
1543.2675482332138 30.000000000000004
1543.9827143197165 30.000000000000004
1544.6978804062194 30.000000000000004
1544.6978804062194 30.000000000000004
1544.6978804062194 30.000000000000004
1544.6978804062194 30.000000000000004
1548.2737108387364 30.000000000000004
1547.5585447522326 30.000000000000004
1547.5585447522326 30.000000000000004
1547.5585447522326 30.000000000000004
1548.2737108387364 30.000000000000004
1548.2737108387364 30.000000000000004
1548.2737108387364 30.000000000000004
1548.2737108387364 30.000000000000004
1548.2737108387364 30.000000000000004
1548.2737108387364 30.000000000000004
1548.2737108387364 30.000000000000004
1548.9888769252402 30.000000000000004
1548.9888769252402 30.000000000000004
1548.9888769252402 30.000000000000004
1548.9888769252402 30.000000000000004
1552.5647073577627 30.000000000000004
1551.8495412712577 30.000000000000004
1552.5647073577627 30.000000000000004
1551.1343751847533 30.000000000000004
1551.1343751847533 30.000000000000004
1551.1343751847533 30.000000000000004
1551.1343751847533 30.000000000000004
1551.1343751847533 30.000000000000004
1551.1343751847533 30.000000000000004
1551.1343751847533 30.000000000000004
1551.1343751847533 30.000000000000004
1551.1343751847533 30.000000000000004
1551.1343751847533 30.000000000000004
1551.1343751847533 30.000000000000004
1551.1343751847533 30.000000000000004
1551.8495412712577 30.000000000000004
1551.1343751847533 30.000000000000004
1551.8495412712577 30.000000000000004
1552.5647073577627 30.000000000000004
1552.5647073577627 30.000000000000004
1552.5647073577627 30.000000000000004
1552.5647073577627 30.000000000000004
1551.8495412712577 30.000000000000004
1551.8495412712577 30.000000000000004
1552.5647073577627 30.000000000000004
1552.5647073577627 30.000000000000004
1552.5647073577627 30.000000000000004
1552.5647073577627 30.000000000000004
1552.5647073577627 30.000000000000004
1552.5647073577627 30.000000000000004
1551.8495412712577 30.000000000000004
1551.8495412712577 30.000000000000004
1551.8495412712577 30.000000000000004
1551.8495412712577 30.000000000000004
1551.8495412712577 30.000000000000004
1551.1343751847533 30.000000000000004
1551.1343751847533 30.000000000000004
1551.8495412712577 30.000000000000004
1552.5647073577627 30.000000000000004
1552.5647073577627 30.000000000000004
1553.2798734442679 30.000000000000004
1553.6374564875205 30.000000000000004
1552.9222904010153 30.000000000000004
1552.9222904010153 30.000000000000004
1552.9222904010153 30.000000000000004
1552.5647073577627 30.000000000000004
1553.2798734442679 30.000000000000004
1553.2798734442679 30.000000000000004
1553.2798734442679 30.000000000000004
1553.2798734442679 30.000000000000004
1553.2798734442679 30.000000000000004
1553.2798734442679 30.000000000000004
1553.2798734442679 30.000000000000004
1553.2798734442679 30.000000000000004
1553.2798734442679 30.000000000000004
1553.2798734442679 30.000000000000004
1553.2798734442679 30.000000000000004
1553.2798734442679 30.000000000000004
1553.2798734442679 30.000000000000004
1553.2798734442679 30.000000000000004
1553.2798734442679 30.000000000000004
1553.995039530773 30.000000000000004
1553.995039530773 30.000000000000004
1553.995039530773 30.000000000000004
1553.995039530773 30.000000000000004
1553.995039530773 30.000000000000004
1553.995039530773 30.000000000000004
1553.995039530773 30.000000000000004
1553.2798734442679 30.000000000000004
1553.995039530773 30.000000000000004
1553.995039530773 30.000000000000004
1553.995039530773 30.000000000000004
1553.995039530773 30.000000000000004
1553.995039530773 30.000000000000004
1553.995039530773 30.000000000000004
1553.995039530773 30.000000000000004
1554.7102056172785 30.000000000000004
1554.7102056172785 30.000000000000004
