RDE
1117.3861436557954 30.000000000000004
1113.0951471344988 30.000000000000004
1214.6487314592205 30.000000000000004
1272.5771844794474 30.000000000000004
1276.1530149125986 30.000000000000004
1309.765820983246 30.000000000000004
1306.9051566368726 30.000000000000004
1284.7350079520766 30.000000000000004
1324.7843088015243 30.000000000000004
1309.0506548966537 30.000000000000004
1302.614160117291 30.000000000000004
1338.3724644463846 30.000000000000004
1335.511800100117 30.000000000000004
1359.112280956549 30.000000000000004
1371.9852705143558 30.000000000000004
1384.858260072008 30.000000000000004
1369.8397722547325 30.000000000000004
1404.8829104947529 30.000000000000004
1403.4525783217096 30.000000000000004
1414.8952357060175 30.000000000000004
1428.483391349779 30.000000000000004
1425.6227270037325 30.000000000000004
1442.0715469934444 30.000000000000004
1454.9445365505292 30.000000000000004
1447.7928756854897 30.000000000000004
1458.5203669830425 30.000000000000004
1464.9568617615569 30.000000000000004
1466.3871939345586 30.000000000000004
1478.5450174050548 30.000000000000004
1484.266346097044 30.000000000000004
1472.1085226265604 30.000000000000004
1481.40568175105 30.000000000000004
1482.8360139240472 30.000000000000004
1482.1208478375486 30.000000000000004
1493.5635052215198 30.000000000000004
1503.5758304324888 30.000000000000004
1499.2848339135023 30.000000000000004
1506.4364947784802 30.000000000000004
1509.297159124472 30.000000000000004
1507.151660864978 30.000000000000004
1519.3094843354486 30.000000000000004
1517.8791521624514 30.000000000000004
1519.3094843354486 30.000000000000004
1520.7398165084464 30.000000000000004
1520.7398165084464 30.000000000000004
1523.6004808544426 30.000000000000004
1528.6066434599395 30.000000000000004
1523.6004808544426 30.000000000000004
1531.46730780594 30.000000000000004
1529.3218095464395 30.000000000000004
1530.0369756329394 30.000000000000004
1537.1886364979466 30.000000000000004
1540.7644669304555 30.000000000000004
1554.3526225740256 30.000000000000004
1553.6374564875205 30.000000000000004
1560.0739512660762 30.000000000000004
1557.2132869200493 30.000000000000004
1557.9284530065556 30.000000000000004
1560.7891173525834 30.000000000000004
1560.0739512660762 30.000000000000004
1559.3587851795692 30.000000000000004
1557.2132869200493 30.000000000000004
1559.3587851795692 30.000000000000004
1560.0739512660762 30.000000000000004
1558.6436190930622 30.000000000000004
1562.9346156121067 30.000000000000004
1562.9346156121067 30.000000000000004
1560.7891173525834 30.000000000000004
1565.080113871632 30.000000000000004
1563.6497816986148 30.000000000000004
1567.2256121311593 30.000000000000004
1570.8014425637102 30.000000000000004
1571.516608650221 30.000000000000004
1572.2317747367324 30.000000000000004
1573.6621069097555 30.000000000000004
1577.2379373423184 30.000000000000004
1575.8076051692924 30.000000000000004
1575.8076051692924 30.000000000000004
1575.8076051692924 30.000000000000004
1573.6621069097555 30.000000000000004
1577.9531034288318 30.000000000000004
1579.3834356018597 30.000000000000004
1580.8137677748884 30.000000000000004
1588.6805947265696 30.000000000000004
1587.9654286400514 30.000000000000004
1585.8199303804993 30.000000000000004
1582.9592660344342 30.000000000000004
1587.2502625535337 30.000000000000004
1588.6805947265696 30.000000000000004
1586.5350964670163 30.000000000000004
1587.9654286400514 30.000000000000004
1589.395760813088 30.000000000000004
1590.1109268996067 30.000000000000004
1593.6867573322054 30.000000000000004
1595.1170895052471 30.000000000000004
1592.2564251591648 30.000000000000004
1593.6867573322054 30.000000000000004
1594.401923418726 30.000000000000004
1592.971591245685 30.000000000000004
1593.6867573322054 30.000000000000004
1590.8260929861258 30.000000000000004
1590.8260929861258 30.000000000000004
1587.9654286400514 30.000000000000004
1590.8260929861258 30.000000000000004
1590.1109268996067 30.000000000000004
1595.1170895052471 30.000000000000004
1592.971591245685 30.000000000000004
1591.541259072645 30.000000000000004
1593.6867573322054 30.000000000000004
1597.2625877648127 30.000000000000004
1594.401923418726 30.000000000000004
1593.6867573322054 30.000000000000004
1591.541259072645 30.000000000000004
1591.541259072645 30.000000000000004
1594.401923418726 30.000000000000004
1593.6867573322054 30.000000000000004
1592.971591245685 30.000000000000004
1590.8260929861258 30.000000000000004
1590.8260929861258 30.000000000000004
1590.1109268996067 30.000000000000004
1587.2502625535337 30.000000000000004
1587.2502625535337 30.000000000000004
1580.8137677748884 30.000000000000004
1578.6682695153456 30.000000000000004
1580.8137677748884 30.000000000000004
1581.5289338614034 30.000000000000004
1582.2440999479186 30.000000000000004
1582.2440999479186 30.000000000000004
1584.389598207466 30.000000000000004
1584.389598207466 30.000000000000004
1586.5350964670163 30.000000000000004
1587.2502625535337 30.000000000000004
1587.9654286400514 30.000000000000004
1585.1047642939825 30.000000000000004
1584.389598207466 30.000000000000004
1588.6805947265696 30.000000000000004
1586.5350964670163 30.000000000000004
1588.6805947265696 30.000000000000004
1591.541259072645 30.000000000000004
1593.6867573322054 30.000000000000004
1596.5474216782904 30.000000000000004
1595.8322555917687 30.000000000000004
1597.9777538513354 30.000000000000004
1599.4080860243814 30.000000000000004
1599.4080860243814 30.000000000000004
1600.838418197429 30.000000000000004
1599.4080860243814 30.000000000000004
1602.2687503704783 30.000000000000004
1600.838418197429 30.000000000000004
1600.838418197429 30.000000000000004
1600.838418197429 30.000000000000004
1600.123252110905 30.000000000000004
1600.838418197429 30.000000000000004
1600.123252110905 30.000000000000004
1596.5474216782904 30.000000000000004
1600.123252110905 30.000000000000004
1600.123252110905 30.000000000000004
1600.123252110905 30.000000000000004
1599.4080860243814 30.000000000000004
1602.2687503704783 30.000000000000004
1601.5535842839536 30.000000000000004
1603.699082543529 30.000000000000004
1605.1294147165813 30.000000000000004
1607.9900790626903 30.000000000000004
1606.5597468896349 30.000000000000004
1605.8445808031079 30.000000000000004
1609.4204112357475 30.000000000000004
1612.996241668397 30.000000000000004
1614.42657384146 30.000000000000004
1612.2810755818664 30.000000000000004
1612.2810755818664 30.000000000000004
1614.42657384146 30.000000000000004
1612.2810755818664 30.000000000000004
1610.850743408806 30.000000000000004
1610.850743408806 30.000000000000004
1612.2810755818664 30.000000000000004
1612.2810755818664 30.000000000000004
1611.565909495336 30.000000000000004
1615.141739927992 30.000000000000004
1613.7114077549281 30.000000000000004
1610.850743408806 30.000000000000004
1611.565909495336 30.000000000000004
1611.565909495336 30.000000000000004
1612.996241668397 30.000000000000004
1613.7114077549281 30.000000000000004
1612.2810755818664 30.000000000000004
1610.1355773222765 30.000000000000004
1609.4204112357475 30.000000000000004
1607.2749129761626 30.000000000000004
1607.2749129761626 30.000000000000004
1606.5597468896349 30.000000000000004
1607.9900790626903 30.000000000000004
1610.850743408806 30.000000000000004
1609.4204112357475 30.000000000000004
1608.7052451492186 30.000000000000004
1607.9900790626903 30.000000000000004
1607.2749129761626 30.000000000000004
1607.9900790626903 30.000000000000004
1607.9900790626903 30.000000000000004
1608.7052451492186 30.000000000000004
1607.9900790626903 30.000000000000004
1606.5597468896349 30.000000000000004
1605.8445808031079 30.000000000000004
1603.699082543529 30.000000000000004
1604.4142486300548 30.000000000000004
1605.8445808031079 30.000000000000004
1605.1294147165813 30.000000000000004
1607.9900790626903 30.000000000000004
1610.850743408806 30.000000000000004
1610.850743408806 30.000000000000004
1610.850743408806 30.000000000000004
1612.2810755818664 30.000000000000004
1612.2810755818664 30.000000000000004
1613.7114077549281 30.000000000000004
1612.996241668397 30.000000000000004
1613.7114077549281 30.000000000000004
1612.996241668397 30.000000000000004
1611.565909495336 30.000000000000004
1614.068990798194 30.000000000000004
1613.3538247116626 30.000000000000004
1616.2144890577906 30.000000000000004
1616.2144890577906 30.000000000000004
1615.141739927992 30.000000000000004
1612.6386586251317 30.000000000000004
1612.996241668397 30.000000000000004
1610.1355773222765 30.000000000000004
1612.6386586251317 30.000000000000004
1611.923492538601 30.000000000000004
1610.1355773222765 30.000000000000004
1608.7052451492186 30.000000000000004
1610.1355773222765 30.000000000000004
1612.996241668397 30.000000000000004
1612.996241668397 30.000000000000004
1613.7114077549281 30.000000000000004
1612.996241668397 30.000000000000004
1613.7114077549281 30.000000000000004
1612.996241668397 30.000000000000004
1612.996241668397 30.000000000000004
1612.996241668397 30.000000000000004
1610.850743408806 30.000000000000004
1608.7052451492186 30.000000000000004
1607.2749129761626 30.000000000000004
1607.9900790626903 30.000000000000004
1608.7052451492186 30.000000000000004
1607.2749129761626 30.000000000000004
1605.8445808031079 30.000000000000004
1605.8445808031079 30.000000000000004
1606.5597468896349 30.000000000000004
1605.1294147165813 30.000000000000004
1605.8445808031079 30.000000000000004
1607.9900790626903 30.000000000000004
1606.5597468896349 30.000000000000004
1606.5597468896349 30.000000000000004
1605.8445808031079 30.000000000000004
1606.5597468896349 30.000000000000004
1605.8445808031079 30.000000000000004
1607.2749129761626 30.000000000000004
1606.5597468896349 30.000000000000004
1606.5597468896349 30.000000000000004
1607.2749129761626 30.000000000000004
1606.5597468896349 30.000000000000004
1606.5597468896349 30.000000000000004
1605.8445808031079 30.000000000000004
1606.5597468896349 30.000000000000004
1608.7052451492186 30.000000000000004
1607.9900790626903 30.000000000000004
1608.7052451492186 30.000000000000004
1607.9900790626903 30.000000000000004
1609.4204112357475 30.000000000000004
1610.850743408806 30.000000000000004
1609.4204112357475 30.000000000000004
1607.2749129761626 30.000000000000004
1607.2749129761626 30.000000000000004
1612.996241668397 30.000000000000004
1608.7052451492186 30.000000000000004
1607.2749129761626 30.000000000000004
1606.5597468896349 30.000000000000004
1606.5597468896349 30.000000000000004
1607.9900790626903 30.000000000000004
1607.9900790626903 30.000000000000004
1608.7052451492186 30.000000000000004
1608.7052451492186 30.000000000000004
1607.9900790626903 30.000000000000004
1610.1355773222765 30.000000000000004
1611.565909495336 30.000000000000004
1611.565909495336 30.000000000000004
1607.9900790626903 30.000000000000004
1607.2749129761626 30.000000000000004
1605.8445808031079 30.000000000000004
1605.8445808031079 30.000000000000004
1605.4869977598446 30.000000000000004
1604.771831673318 30.000000000000004
1605.4869977598446 30.000000000000004
1605.4869977598446 30.000000000000004
1605.4869977598446 30.000000000000004
1606.2021638463714 30.000000000000004
1606.9173299328986 30.000000000000004
1606.2021638463714 30.000000000000004
1606.2021638463714 30.000000000000004
1607.6324960194265 30.000000000000004
1609.062828192483 30.000000000000004
1608.3476621059544 30.000000000000004
1609.062828192483 30.000000000000004
1609.7779942790119 30.000000000000004
1609.062828192483 30.000000000000004
1611.2083264520709 30.000000000000004
1609.062828192483 30.000000000000004
1609.7779942790119 30.000000000000004
1610.4931603655411 30.000000000000004
1611.2083264520709 30.000000000000004
1611.2083264520709 30.000000000000004
1608.3476621059544 30.000000000000004
1608.3476621059544 30.000000000000004
1609.062828192483 30.000000000000004
1608.3476621059544 30.000000000000004
1610.4931603655411 30.000000000000004
1611.2083264520709 30.000000000000004
1610.4931603655411 30.000000000000004
1609.7779942790119 30.000000000000004
1610.4931603655411 30.000000000000004
1609.062828192483 30.000000000000004
1606.2021638463714 30.000000000000004
1604.056665586792 30.000000000000004
1605.1294147165813 30.000000000000004
1606.9173299328986 30.000000000000004
1606.2021638463714 30.000000000000004
1607.2749129761626 30.000000000000004
1607.6324960194265 30.000000000000004
1607.2749129761626 30.000000000000004
1607.2749129761626 30.000000000000004
1606.2021638463714 30.000000000000004
1606.2021638463714 30.000000000000004
1605.4869977598446 30.000000000000004
1605.4869977598446 30.000000000000004
1605.4869977598446 30.000000000000004
1606.2021638463714 30.000000000000004
1605.4869977598446 30.000000000000004
1607.6324960194265 30.000000000000004
1606.9173299328986 30.000000000000004
1606.9173299328986 30.000000000000004
1607.6324960194265 30.000000000000004
1609.062828192483 30.000000000000004
1608.3476621059544 30.000000000000004
1606.9173299328986 30.000000000000004
1603.341499500266 30.000000000000004
1604.056665586792 30.000000000000004
1604.056665586792 30.000000000000004
1604.771831673318 30.000000000000004
1605.4869977598446 30.000000000000004
1603.341499500266 30.000000000000004
1604.771831673318 30.000000000000004
1605.8445808031079 30.000000000000004
1605.4869977598446 30.000000000000004
1605.4869977598446 30.000000000000004
1606.9173299328986 30.000000000000004
1606.2021638463714 30.000000000000004
1609.062828192483 30.000000000000004
1606.9173299328986 30.000000000000004
1607.6324960194265 30.000000000000004
1606.2021638463714 30.000000000000004
1605.4869977598446 30.000000000000004
1603.341499500266 30.000000000000004
1604.056665586792 30.000000000000004
1603.341499500266 30.000000000000004
1601.911167327216 30.000000000000004
1602.6263334137407 30.000000000000004
1600.480835154167 30.000000000000004
1600.480835154167 30.000000000000004
1600.480835154167 30.000000000000004
1598.3353368945966 30.000000000000004
1596.9050047215514 30.000000000000004
1598.3353368945966 30.000000000000004
1596.9050047215514 30.000000000000004
1596.1898386350294 30.000000000000004
1596.9050047215514 30.000000000000004
1597.620170808074 30.000000000000004
1598.3353368945966 30.000000000000004
1598.3353368945966 30.000000000000004
1596.9050047215514 30.000000000000004
1596.9050047215514 30.000000000000004
1596.9050047215514 30.000000000000004
1596.1898386350294 30.000000000000004
1595.474672548508 30.000000000000004
1595.474672548508 30.000000000000004
1593.329174288945 30.000000000000004
1592.6140082024249 30.000000000000004
1592.6140082024249 30.000000000000004
1591.898842115905 30.000000000000004
1591.1836760293854 30.000000000000004
1591.898842115905 30.000000000000004
1592.6140082024249 30.000000000000004
1591.898842115905 30.000000000000004
1590.4685099428661 30.000000000000004
1589.0381777698287 30.000000000000004
1591.1836760293854 30.000000000000004
1591.1836760293854 30.000000000000004
1591.898842115905 30.000000000000004
1591.898842115905 30.000000000000004
1594.7595064619866 30.000000000000004
1594.7595064619866 30.000000000000004
1596.9050047215514 30.000000000000004
1597.620170808074 30.000000000000004
1597.620170808074 30.000000000000004
1597.620170808074 30.000000000000004
1596.9050047215514 30.000000000000004
1596.9050047215514 30.000000000000004
1596.9050047215514 30.000000000000004
1595.474672548508 30.000000000000004
1595.474672548508 30.000000000000004
1593.329174288945 30.000000000000004
1591.898842115905 30.000000000000004
1593.6867573322054 30.000000000000004
1592.971591245685 30.000000000000004
1592.971591245685 30.000000000000004
1592.971591245685 30.000000000000004
1594.0443403754657 30.000000000000004
1591.898842115905 30.000000000000004
1590.4685099428661 30.000000000000004
1591.898842115905 30.000000000000004
1597.620170808074 30.000000000000004
1598.3353368945966 30.000000000000004
1597.620170808074 30.000000000000004
1599.765669067643 30.000000000000004
1599.0505029811197 30.000000000000004
1599.0505029811197 30.000000000000004
1600.480835154167 30.000000000000004
1598.6929199378583 30.000000000000004
1597.2625877648127 30.000000000000004
1597.620170808074 30.000000000000004
1597.2625877648127 30.000000000000004
1597.2625877648127 30.000000000000004
1597.2625877648127 30.000000000000004
1596.9050047215514 30.000000000000004
1594.0443403754657 30.000000000000004
1594.0443403754657 30.000000000000004
1594.401923418726 30.000000000000004
1594.0443403754657 30.000000000000004
1593.329174288945 30.000000000000004
1593.329174288945 30.000000000000004
1594.0443403754657 30.000000000000004
1592.6140082024249 30.000000000000004
1596.1898386350294 30.000000000000004
1596.9050047215514 30.000000000000004
1597.620170808074 30.000000000000004
1597.620170808074 30.000000000000004
1598.3353368945966 30.000000000000004
1597.620170808074 30.000000000000004
1596.5474216782904 30.000000000000004
1595.8322555917687 30.000000000000004
1595.8322555917687 30.000000000000004
1595.8322555917687 30.000000000000004
1597.2625877648127 30.000000000000004
1598.6929199378583 30.000000000000004
1599.4080860243814 30.000000000000004
1599.4080860243814 30.000000000000004
1599.4080860243814 30.000000000000004
1597.9777538513354 30.000000000000004
1597.2625877648127 30.000000000000004
1597.2625877648127 30.000000000000004
1597.9777538513354 30.000000000000004
1597.9777538513354 30.000000000000004
1599.4080860243814 30.000000000000004
1600.123252110905 30.000000000000004
1599.4080860243814 30.000000000000004
1598.6929199378583 30.000000000000004
1598.6929199378583 30.000000000000004
1598.6929199378583 30.000000000000004
1600.123252110905 30.000000000000004
1600.838418197429 30.000000000000004
1600.838418197429 30.000000000000004
1602.2687503704783 30.000000000000004
1601.5535842839536 30.000000000000004
1602.2687503704783 30.000000000000004
1602.2687503704783 30.000000000000004
1602.9839164570035 30.000000000000004
1602.9839164570035 30.000000000000004
1604.4142486300548 30.000000000000004
1603.699082543529 30.000000000000004
1603.699082543529 30.000000000000004
1602.9839164570035 30.000000000000004
1603.699082543529 30.000000000000004
1603.341499500266 30.000000000000004
1603.341499500266 30.000000000000004
1602.9839164570035 30.000000000000004
1603.341499500266 30.000000000000004
1603.341499500266 30.000000000000004
1603.341499500266 30.000000000000004
1602.6263334137407 30.000000000000004
1604.056665586792 30.000000000000004
1604.4142486300548 30.000000000000004
1604.4142486300548 30.000000000000004
1602.9839164570035 30.000000000000004
1602.9839164570035 30.000000000000004
1604.4142486300548 30.000000000000004
1602.9839164570035 30.000000000000004
1602.9839164570035 30.000000000000004
1603.699082543529 30.000000000000004
1602.9839164570035 30.000000000000004
1603.699082543529 30.000000000000004
1602.9839164570035 30.000000000000004
1602.9839164570035 30.000000000000004
1601.5535842839536 30.000000000000004
1602.2687503704783 30.000000000000004
1602.2687503704783 30.000000000000004
1602.2687503704783 30.000000000000004
1602.2687503704783 30.000000000000004
1599.4080860243814 30.000000000000004
1601.1960012406912 30.000000000000004
1601.5535842839536 30.000000000000004
1602.2687503704783 30.000000000000004
1605.8445808031079 30.000000000000004
1607.2749129761626 30.000000000000004
1605.8445808031079 30.000000000000004
1603.699082543529 30.000000000000004
1601.5535842839536 30.000000000000004
1601.1960012406912 30.000000000000004
1599.765669067643 30.000000000000004
1600.123252110905 30.000000000000004
1600.123252110905 30.000000000000004
1600.123252110905 30.000000000000004
1600.838418197429 30.000000000000004
1600.838418197429 30.000000000000004
1601.5535842839536 30.000000000000004
1600.838418197429 30.000000000000004
1601.5535842839536 30.000000000000004
1601.5535842839536 30.000000000000004
1600.838418197429 30.000000000000004
1600.838418197429 30.000000000000004
1600.838418197429 30.000000000000004
1600.123252110905 30.000000000000004
1599.4080860243814 30.000000000000004
1598.6929199378583 30.000000000000004
1598.6929199378583 30.000000000000004
1600.123252110905 30.000000000000004
1597.9777538513354 30.000000000000004
1597.9777538513354 30.000000000000004
1595.8322555917687 30.000000000000004
1593.6867573322054 30.000000000000004
1594.401923418726 30.000000000000004
1594.401923418726 30.000000000000004
1593.6867573322054 30.000000000000004
1595.1170895052471 30.000000000000004
1594.401923418726 30.000000000000004
1595.1170895052471 30.000000000000004
1593.6867573322054 30.000000000000004
1594.401923418726 30.000000000000004
1592.6140082024249 30.000000000000004
1592.6140082024249 30.000000000000004
1590.4685099428661 30.000000000000004
1589.395760813088 30.000000000000004
1589.395760813088 30.000000000000004
1588.6805947265696 30.000000000000004
1592.2564251591648 30.000000000000004
1590.1109268996067 30.000000000000004
1588.6805947265696 30.000000000000004
1587.2502625535337 30.000000000000004
1587.2502625535337 30.000000000000004
1585.8199303804993 30.000000000000004
1585.8199303804993 30.000000000000004
1585.8199303804993 30.000000000000004
1585.8199303804993 30.000000000000004
1585.8199303804993 30.000000000000004
1582.2440999479186 30.000000000000004
1582.2440999479186 30.000000000000004
1581.5289338614034 30.000000000000004
1577.2379373423184 30.000000000000004
1577.2379373423184 30.000000000000004
1574.3772729962675 30.000000000000004
1574.3772729962675 30.000000000000004
1572.946940823244 30.000000000000004
1573.6621069097555 30.000000000000004
1573.3045238664997 30.000000000000004
1573.3045238664997 30.000000000000004
1574.0196899530115 30.000000000000004
1573.6621069097555 30.000000000000004
1574.0196899530115 30.000000000000004
1574.7348560395237 30.000000000000004
1571.516608650221 30.000000000000004
1570.8014425637102 30.000000000000004
1570.0862764771996 30.000000000000004
1569.7286934339443 30.000000000000004
1569.7286934339443 30.000000000000004
1567.940778217669 30.000000000000004
1569.013527347434 30.000000000000004
1569.7286934339443 30.000000000000004
1568.655944304179 30.000000000000004
1567.5831951744142 30.000000000000004
1563.6497816986148 30.000000000000004
1560.7891173525834 30.000000000000004
1560.7891173525834 30.000000000000004
1560.0739512660762 30.000000000000004
1557.2132869200493 30.000000000000004
1558.286036049809 30.000000000000004
1556.855703876796 30.000000000000004
1556.855703876796 30.000000000000004
1557.2132869200493 30.000000000000004
1556.855703876796 30.000000000000004
1556.498120833543 30.000000000000004
1555.7829547470371 30.000000000000004
1554.7102056172785 30.000000000000004
1553.2798734442679 30.000000000000004
1552.5647073577627 30.000000000000004
1554.3526225740256 30.000000000000004
1555.425371703784 30.000000000000004
1554.3526225740256 30.000000000000004
1554.7102056172785 30.000000000000004
1556.855703876796 30.000000000000004
1555.7829547470371 30.000000000000004
1557.2132869200493 30.000000000000004
1554.7102056172785 30.000000000000004
1553.995039530773 30.000000000000004
1553.995039530773 30.000000000000004
1552.5647073577627 30.000000000000004
1550.0616260549964 30.000000000000004
1550.776792141501 30.000000000000004
1549.3464599684924 30.000000000000004
1548.9888769252402 30.000000000000004
1547.5585447522326 30.000000000000004
1546.843378665729 30.000000000000004
1547.5585447522326 30.000000000000004
1547.5585447522326 30.000000000000004
1547.5585447522326 30.000000000000004
1548.2737108387364 30.000000000000004
1547.5585447522326 30.000000000000004
1547.5585447522326 30.000000000000004
1547.5585447522326 30.000000000000004
1547.2009617089807 30.000000000000004
1546.4857956224773 30.000000000000004
1546.4857956224773 30.000000000000004
1546.1282125792256 30.000000000000004
1545.4130464927223 30.000000000000004
1544.340297362968 30.000000000000004
1543.625131276465 30.000000000000004
1542.9099651899623 30.000000000000004
1541.4796330169575 30.000000000000004
1540.0493008439532 30.000000000000004
1538.261385627699 30.000000000000004
1538.9765517142005 30.000000000000004
1536.831053454696 30.000000000000004
1536.831053454696 30.000000000000004
1538.9765517142005 30.000000000000004
1538.9765517142005 30.000000000000004
1538.6189686709497 30.000000000000004
1539.3341347574515 30.000000000000004
1538.6189686709497 30.000000000000004
1537.1886364979466 30.000000000000004
1536.4734704114453 30.000000000000004
1535.7583043249442 30.000000000000004
1535.7583043249442 30.000000000000004
1536.1158873681948 30.000000000000004
1536.831053454696 30.000000000000004
1536.831053454696 30.000000000000004
1537.5462195411974 30.000000000000004
1537.5462195411974 30.000000000000004
1538.261385627699 30.000000000000004
1539.6917178007025 30.000000000000004
1537.5462195411974 30.000000000000004
1536.1158873681948 30.000000000000004
1537.5462195411974 30.000000000000004
1536.1158873681948 30.000000000000004
1536.1158873681948 30.000000000000004
1537.5462195411974 30.000000000000004
1536.831053454696 30.000000000000004
1537.5462195411974 30.000000000000004
1539.6917178007025 30.000000000000004
1538.9765517142005 30.000000000000004
1538.9765517142005 30.000000000000004
1538.9765517142005 30.000000000000004
1538.261385627699 30.000000000000004
1538.9765517142005 30.000000000000004
1537.5462195411974 30.000000000000004
1538.261385627699 30.000000000000004
1537.5462195411974 30.000000000000004
1535.4007212816937 30.000000000000004
1533.970389108692 30.000000000000004
1533.970389108692 30.000000000000004
1532.8976399789408 30.000000000000004
1531.46730780594 30.000000000000004
1532.1824738924404 30.000000000000004
1532.8976399789408 30.000000000000004
1533.6128060654414 30.000000000000004
1534.3279721519423 30.000000000000004
1533.6128060654414 30.000000000000004
1533.6128060654414 30.000000000000004
1536.4734704114453 30.000000000000004
1535.7583043249442 30.000000000000004
1535.4007212816937 30.000000000000004
1533.970389108692 30.000000000000004
1534.6855551951926 30.000000000000004
1536.831053454696 30.000000000000004
1538.261385627699 30.000000000000004
1538.261385627699 30.000000000000004
1536.831053454696 30.000000000000004
1538.261385627699 30.000000000000004
1538.261385627699 30.000000000000004
1537.5462195411974 30.000000000000004
1537.5462195411974 30.000000000000004
1537.1886364979466 30.000000000000004
1536.4734704114453 30.000000000000004
1537.5462195411974 30.000000000000004
1537.9038025844482 30.000000000000004
1538.261385627699 30.000000000000004
1536.831053454696 30.000000000000004
1537.5462195411974 30.000000000000004
1538.261385627699 30.000000000000004
1536.831053454696 30.000000000000004
1537.5462195411974 30.000000000000004
1538.6189686709497 30.000000000000004
1536.831053454696 30.000000000000004
1536.831053454696 30.000000000000004
1536.831053454696 30.000000000000004
1537.1886364979466 30.000000000000004
1536.831053454696 30.000000000000004
1538.261385627699 30.000000000000004
1538.261385627699 30.000000000000004
1542.5523821467111 30.000000000000004
1542.5523821467111 30.000000000000004
1543.2675482332138 30.000000000000004
1542.5523821467111 30.000000000000004
1541.1220499737065 30.000000000000004
1539.6917178007025 30.000000000000004
1541.1220499737065 30.000000000000004
1541.8372160602087 30.000000000000004
1541.8372160602087 30.000000000000004
1541.8372160602087 30.000000000000004
1544.6978804062194 30.000000000000004
1546.1282125792256 30.000000000000004
1545.0554634494708 30.000000000000004
1544.6978804062194 30.000000000000004
1543.2675482332138 30.000000000000004
1543.9827143197165 30.000000000000004
1545.770629535974 30.000000000000004
1547.5585447522326 30.000000000000004
1548.9888769252402 30.000000000000004
1549.7040430117445 30.000000000000004
1548.9888769252402 30.000000000000004
1548.6312938819883 30.000000000000004
1549.7040430117445 30.000000000000004
1550.0616260549964 30.000000000000004
1549.3464599684924 30.000000000000004
1549.3464599684924 30.000000000000004
1551.1343751847533 30.000000000000004
1550.0616260549964 30.000000000000004
1552.9222904010153 30.000000000000004
1552.9222904010153 30.000000000000004
1551.8495412712577 30.000000000000004
1553.2798734442679 30.000000000000004
1552.5647073577627 30.000000000000004
1551.1343751847533 30.000000000000004
1551.1343751847533 30.000000000000004
1550.776792141501 30.000000000000004
1548.9888769252402 30.000000000000004
1548.9888769252402 30.000000000000004
1548.9888769252402 30.000000000000004
1548.2737108387364 30.000000000000004
1549.7040430117445 30.000000000000004
1549.7040430117445 30.000000000000004
1550.4192090982488 30.000000000000004
1548.2737108387364 30.000000000000004
1547.5585447522326 30.000000000000004
1548.9888769252402 30.000000000000004
1550.4192090982488 30.000000000000004
1552.5647073577627 30.000000000000004
1553.2798734442679 30.000000000000004
1553.2798734442679 30.000000000000004
1553.2798734442679 30.000000000000004
1553.995039530773 30.000000000000004
1554.7102056172785 30.000000000000004
1557.2132869200493 30.000000000000004
1557.2132869200493 30.000000000000004
1557.9284530065556 30.000000000000004
1557.2132869200493 30.000000000000004
1558.6436190930622 30.000000000000004
1558.6436190930622 30.000000000000004
1560.7891173525834 30.000000000000004
1559.3587851795692 30.000000000000004
1558.6436190930622 30.000000000000004
1558.6436190930622 30.000000000000004
1560.7891173525834 30.000000000000004
1562.9346156121067 30.000000000000004
1562.9346156121067 30.000000000000004
1563.6497816986148 30.000000000000004
1564.3649477851231 30.000000000000004
1566.51044604465 30.000000000000004
1567.2256121311593 30.000000000000004
1567.2256121311593 30.000000000000004
1567.940778217669 30.000000000000004
1567.940778217669 30.000000000000004
1569.3711103906892 30.000000000000004
1567.940778217669 30.000000000000004
1568.655944304179 30.000000000000004
1570.0862764771996 30.000000000000004
1570.0862764771996 30.000000000000004
1570.8014425637102 30.000000000000004
1570.8014425637102 30.000000000000004
1571.516608650221 30.000000000000004
1570.0862764771996 30.000000000000004
1572.2317747367324 30.000000000000004
1570.443859520455 30.000000000000004
1571.8741916934769 30.000000000000004
1573.3045238664997 30.000000000000004
1574.0196899530115 30.000000000000004
1573.3045238664997 30.000000000000004
1574.7348560395237 30.000000000000004
1575.4500221260362 30.000000000000004
1574.7348560395237 30.000000000000004
1575.4500221260362 30.000000000000004
1574.7348560395237 30.000000000000004
1574.0196899530115 30.000000000000004
1573.3045238664997 30.000000000000004
1573.3045238664997 30.000000000000004
1573.3045238664997 30.000000000000004
1574.7348560395237 30.000000000000004
1579.0258525586025 30.000000000000004
1579.0258525586025 30.000000000000004
1576.8803542990618 30.000000000000004
1576.8803542990618 30.000000000000004
1576.8803542990618 30.000000000000004
1578.3106864720887 30.000000000000004
1577.5955203855751 30.000000000000004
1578.3106864720887 30.000000000000004
1579.0258525586025 30.000000000000004
1579.0258525586025 30.000000000000004
1579.7410186451168 30.000000000000004
1581.1713508181458 30.000000000000004
1581.1713508181458 30.000000000000004
1581.1713508181458 30.000000000000004
1581.1713508181458 30.000000000000004
1581.1713508181458 30.000000000000004
1580.456184731631 30.000000000000004
1581.1713508181458 30.000000000000004
1582.6016829911764 30.000000000000004
1583.316849077692 30.000000000000004
1582.6016829911764 30.000000000000004
1582.6016829911764 30.000000000000004
1584.032015164208 30.000000000000004
1584.032015164208 30.000000000000004
1585.4623473372408 30.000000000000004
1584.7471812507242 30.000000000000004
1585.4623473372408 30.000000000000004
1587.6078455967927 30.000000000000004
1589.7533438563473 30.000000000000004
1590.4685099428661 30.000000000000004
1592.6140082024249 30.000000000000004
1594.0443403754657 30.000000000000004
1594.0443403754657 30.000000000000004
1594.0443403754657 30.000000000000004
1594.0443403754657 30.000000000000004
1593.329174288945 30.000000000000004
1594.7595064619866 30.000000000000004
1594.7595064619866 30.000000000000004
1593.329174288945 30.000000000000004
1594.7595064619866 30.000000000000004
1596.9050047215514 30.000000000000004
1598.3353368945966 30.000000000000004
1598.3353368945966 30.000000000000004
1598.3353368945966 30.000000000000004
1596.9050047215514 30.000000000000004
1595.8322555917687 30.000000000000004
1595.8322555917687 30.000000000000004
1597.2625877648127 30.000000000000004
1596.5474216782904 30.000000000000004
1595.8322555917687 30.000000000000004
1595.1170895052471 30.000000000000004
1595.1170895052471 30.000000000000004
1593.6867573322054 30.000000000000004
1597.9777538513354 30.000000000000004
1597.9777538513354 30.000000000000004
1598.6929199378583 30.000000000000004
1600.838418197429 30.000000000000004
1600.838418197429 30.000000000000004
1602.2687503704783 30.000000000000004
1602.9839164570035 30.000000000000004
1603.699082543529 30.000000000000004
1604.4142486300548 30.000000000000004
1602.9839164570035 30.000000000000004
1604.4142486300548 30.000000000000004
1605.1294147165813 30.000000000000004
1605.1294147165813 30.000000000000004
1604.4142486300548 30.000000000000004
1604.4142486300548 30.000000000000004
1603.699082543529 30.000000000000004
1603.699082543529 30.000000000000004
1604.4142486300548 30.000000000000004
1605.8445808031079 30.000000000000004
1609.4204112357475 30.000000000000004
1609.4204112357475 30.000000000000004
1610.1355773222765 30.000000000000004
1610.1355773222765 30.000000000000004
1610.1355773222765 30.000000000000004
1611.565909495336 30.000000000000004
1612.2810755818664 30.000000000000004
1612.996241668397 30.000000000000004
1612.996241668397 30.000000000000004
1612.996241668397 30.000000000000004
1613.3538247116626 30.000000000000004
1614.068990798194 30.000000000000004
1614.42657384146 30.000000000000004
1615.8569060145244 30.000000000000004
1615.8569060145244 30.000000000000004
1615.8569060145244 30.000000000000004
1615.141739927992 30.000000000000004
1617.2872381875904 30.000000000000004
1617.2872381875904 30.000000000000004
1617.2872381875904 30.000000000000004
1617.2872381875904 30.000000000000004
1618.3599873173914 30.000000000000004
1617.6448212308574 30.000000000000004
1618.3599873173914 30.000000000000004
1619.7903194904607 30.000000000000004
1619.7903194904607 30.000000000000004
1621.2206516635317 30.000000000000004
1621.9358177500678 30.000000000000004
1621.9358177500678 30.000000000000004
1622.6509838366046 30.000000000000004
1623.3661499231416 30.000000000000004
1623.3661499231416 30.000000000000004
1621.9358177500678 30.000000000000004
1622.6509838366046 30.000000000000004
1620.5054855769959 30.000000000000004
1621.9358177500678 30.000000000000004
1624.0813160096793 30.000000000000004
1623.3661499231416 30.000000000000004
1625.5116481827558 30.000000000000004
1625.5116481827558 30.000000000000004
1626.2268142692947 30.000000000000004
1628.3723125289146 30.000000000000004
1627.6571464423741 30.000000000000004
1626.2268142692947 30.000000000000004
1625.5116481827558 30.000000000000004
1625.5116481827558 30.000000000000004
1626.2268142692947 30.000000000000004
1627.6571464423741 30.000000000000004
1626.9419803558342 30.000000000000004
1627.6571464423741 30.000000000000004
1626.9419803558342 30.000000000000004
1626.2268142692947 30.000000000000004
1626.9419803558342 30.000000000000004
1627.6571464423741 30.000000000000004
1626.9419803558342 30.000000000000004
1628.3723125289146 30.000000000000004
1628.3723125289146 30.000000000000004
1626.9419803558342 30.000000000000004
1629.0874786154554 30.000000000000004
1629.0874786154554 30.000000000000004
1629.8026447019968 30.000000000000004
1631.2329768750808 30.000000000000004
1631.9481429616237 30.000000000000004
1631.9481429616237 30.000000000000004
1632.6633090481669 30.000000000000004
1634.093641221255 30.000000000000004
1632.6633090481669 30.000000000000004
1634.8088073077997 30.000000000000004
1635.523973394345 30.000000000000004
1636.2391394808908 30.000000000000004
1636.2391394808908 30.000000000000004
1636.9543055674371 30.000000000000004
1641.2453020867258 30.000000000000004
1641.9604681732758 30.000000000000004
1643.3908003463773 30.000000000000004
1643.3908003463773 30.000000000000004
1642.6756342598262 30.000000000000004
1642.6756342598262 30.000000000000004
1641.9604681732758 30.000000000000004
1643.3908003463773 30.000000000000004
1644.821132519481 30.000000000000004
1645.5362986060334 30.000000000000004
1645.5362986060334 30.000000000000004
1645.5362986060334 30.000000000000004
1644.821132519481 30.000000000000004
1645.5362986060334 30.000000000000004
1646.2514646925865 30.000000000000004
1646.2514646925865 30.000000000000004
1646.2514646925865 30.000000000000004
1646.9666307791404 30.000000000000004
1645.5362986060334 30.000000000000004
1646.9666307791404 30.000000000000004
1646.2514646925865 30.000000000000004
1646.9666307791404 30.000000000000004
1645.5362986060334 30.000000000000004
1646.2514646925865 30.000000000000004
1645.1787155627571 30.000000000000004
1644.4635494762047 30.000000000000004
1645.1787155627571 30.000000000000004
1645.1787155627571 30.000000000000004
1643.748383389653 30.000000000000004
1643.0332173031018 30.000000000000004
1641.6028851300007 30.000000000000004
1642.3180512165509 30.000000000000004
1642.3180512165509 30.000000000000004
1642.3180512165509 30.000000000000004
1642.3180512165509 30.000000000000004
1642.3180512165509 30.000000000000004
1640.887719043451 30.000000000000004
1640.1725529569019 30.000000000000004
1640.1725529569019 30.000000000000004
1640.1725529569019 30.000000000000004
1640.887719043451 30.000000000000004
1640.887719043451 30.000000000000004
1640.887719043451 30.000000000000004
