BlockEA
1586.9001271821253 30.000000000000004
1615.532788527467 30.000000000000004
1670.5074983113511 30.000000000000004
1639.2978974443056 30.000000000000004
1667.9305587902018 30.000000000000004
1655.9048410248804 30.000000000000004
1675.9477039671217 30.000000000000004
1671.9391313786577 30.000000000000004
1686.2554620517815 30.000000000000004
1682.5332160767591 30.000000000000004
1689.1187281864195 30.000000000000004
1693.4136273883846 30.000000000000004
1694.8452604557087 30.000000000000004
1691.409341094133 30.000000000000004
1693.4136273883846 30.000000000000004
1689.4050547998834 30.000000000000004
1688.8324015729554 30.000000000000004
1685.3964822113912 30.000000000000004
1691.9819943210618 30.000000000000004
1688.5460749594915 30.000000000000004
1689.4050547998834 30.000000000000004
1686.5417886652451 30.000000000000004
1689.6913814133475 30.000000000000004
1686.2554620517815 30.000000000000004
1687.1144418921726 30.000000000000004
1686.5417886652451 30.000000000000004
1689.4050547998834 30.000000000000004
1688.2597483460277 30.000000000000004
1689.9777080268116 30.000000000000004
1690.264034640276 30.000000000000004
1693.6999540018494 30.000000000000004
1690.55036125374 30.000000000000004
1693.12730077492 30.000000000000004
1689.6913814133475 30.000000000000004
1692.2683209345264 30.000000000000004
1690.836687867204 30.000000000000004
1693.12730077492 30.000000000000004
1687.6870951191 30.000000000000004
1690.264034640276 30.000000000000004
1689.6913814133475 30.000000000000004
1690.264034640276 30.000000000000004
1691.1230144806686 30.000000000000004
1691.9819943210618 30.000000000000004
1691.1230144806686 30.000000000000004
1691.9819943210618 30.000000000000004
1687.400768505636 30.000000000000004
1690.264034640276 30.000000000000004
1688.2597483460277 30.000000000000004
1687.400768505636 30.000000000000004
1681.3879096229075 30.000000000000004
1675.9477039671217 30.000000000000004
1677.6656636478945 30.000000000000004
1671.9391313786577 30.000000000000004
1670.22117169789 30.000000000000004
1666.2125991094374 30.000000000000004
1664.4946394286744 30.000000000000004
1661.9176999075326 30.000000000000004
1657.0501474787177 30.000000000000004
1656.1911676383397 30.000000000000004
1651.3236152095374 30.000000000000004
1650.7509619826203 30.000000000000004
1649.6056555287862 30.000000000000004
1646.1697361672877 30.000000000000004
1644.4517764865402 30.000000000000004
1644.7381030999982 30.000000000000004
1642.733816805794 30.000000000000004
1641.588510351964 30.000000000000004
1636.1483046962785 30.000000000000004
1636.7209579231921 30.000000000000004
1634.7166716289946 30.000000000000004
1634.430345015538 30.000000000000004
1633.5713651751682 30.000000000000004
1632.9987119482553 30.000000000000004
1632.712385334799 30.000000000000004
1630.4217724271484 30.000000000000004
1629.8491192002361 30.000000000000004
1630.7080990406046 30.000000000000004
1629.56279258678 30.000000000000004
1629.2764659733239 30.000000000000004
1627.272179679132 30.000000000000004
1627.558506292588 30.000000000000004
1624.1225869311197 30.000000000000004
1623.263607090753 30.000000000000004
1621.545647410021 30.000000000000004
1618.68238127547 30.000000000000004
1616.9644215947408 30.000000000000004
1615.532788527467 30.000000000000004
1613.2421756198305 30.000000000000004
1613.528502233285 30.000000000000004
1611.23788932565 30.000000000000004
1608.0882965776548 30.000000000000004
1604.6523772162086 30.000000000000004
1600.930131241313 30.000000000000004
1600.0711514009529 30.000000000000004
1599.4984981740463 30.000000000000004
1597.207885266421 30.000000000000004
1596.348905426062 30.000000000000004
1593.1993126780806 30.000000000000004
1593.771965904986 30.000000000000004
1592.0540062242696 30.000000000000004
1591.1950263839117 30.000000000000004
1590.3360465435542 30.000000000000004
1587.4727804090298 30.000000000000004
1586.613800568673 30.000000000000004
1583.1778812072475 30.000000000000004
1579.1693086189214 30.000000000000004
1578.8829820054696 30.000000000000004
1576.5923690978566 30.000000000000004
1574.588082803696 30.000000000000004
1574.3017561902445 30.000000000000004
1571.15216344228 30.000000000000004
1570.0068569884752 30.000000000000004
1569.1478771481218 30.000000000000004
1565.9982844001604 30.000000000000004
1565.1393045598077 30.000000000000004
1563.9939981060043 30.000000000000004
1564.5666513329058 30.000000000000004
1564.2803247194552 30.000000000000004
1561.4170585849474 30.000000000000004
1563.1350182656518 30.000000000000004
1561.1307319714967 30.000000000000004
1558.553792450441 30.000000000000004
1558.8401190638917 30.000000000000004
1557.6948126100895 30.000000000000004
1555.6905263159363 30.000000000000004
1554.8315464755851 30.000000000000004
1552.2546069545324 30.000000000000004
1551.3956271141817 30.000000000000004
1548.53236097968 30.000000000000004
1543.6648085510303 30.000000000000004
1543.3784819375803 30.000000000000004
1541.0878690299814 30.000000000000004
1540.2288891896321 30.000000000000004
1539.3699093492828 30.000000000000004
1537.9382762820342 30.000000000000004
1534.2160303071887 30.000000000000004
1535.6476633744367 30.000000000000004
1533.3570504668398 30.000000000000004
1531.925417399592 30.000000000000004
1530.207457718895 30.000000000000004
1527.9168448112994 30.000000000000004
1527.6305181978498 30.000000000000004
1524.767252063356 30.000000000000004
1522.1903125423116 30.000000000000004
1522.476639155761 30.000000000000004
1520.1860262481666 30.000000000000004
1518.468066567471 30.000000000000004
1517.322760113674 30.000000000000004
1515.8911270464278 30.000000000000004
1512.4552076850373 30.000000000000004
1511.5962278446898 30.000000000000004
1510.7372480043423 30.000000000000004
1510.7372480043423 30.000000000000004
1511.3099012312407 30.000000000000004
1511.3099012312407 30.000000000000004
1510.164594777444 30.000000000000004
1511.0235746177916 30.000000000000004
1509.0192883236475 30.000000000000004
1507.873981869851 30.000000000000004
1506.7286754160543 30.000000000000004
1504.4380625084614 30.000000000000004
1502.4337762143175 30.000000000000004
1502.4337762143175 30.000000000000004
1500.7158165336227 30.000000000000004
1499.8568366932755 30.000000000000004
1499.5705100798264 30.000000000000004
1498.9978568529282 30.000000000000004
1499.5705100798264 30.000000000000004
1500.7158165336227 30.000000000000004
1498.9978568529282 30.000000000000004
1499.2841834663773 30.000000000000004
1499.5705100798264 30.000000000000004
1498.9978568529282 30.000000000000004
1498.711530239479 30.000000000000004
1498.711530239479 30.000000000000004
1496.9935705587843 30.000000000000004
1496.9935705587843 30.000000000000004
1496.4209173318861 30.000000000000004
1497.5662237856825 30.000000000000004
1496.134590718437 30.000000000000004
1497.8525503991316 30.000000000000004
1497.5662237856825 30.000000000000004
1498.711530239479 30.000000000000004
1497.8525503991316 30.000000000000004
1497.8525503991316 30.000000000000004
1498.1388770125807 30.000000000000004
1501.8611229874193 30.000000000000004
1503.0064294412157 30.000000000000004
1503.2927560546648 30.000000000000004
1503.5790826681139 30.000000000000004
1504.1517358950123 30.000000000000004
1504.1517358950123 30.000000000000004
1504.7243891219105 30.000000000000004
1503.8654092815632 30.000000000000004
1503.5790826681139 30.000000000000004
1502.7201028277666 30.000000000000004
1503.0064294412157 30.000000000000004
1502.4337762143175 30.000000000000004
1503.0064294412157 30.000000000000004
1502.7201028277666 30.000000000000004
1501.8611229874193 30.000000000000004
1500.7158165336227 30.000000000000004
1498.9978568529282 30.000000000000004
1499.2841834663773 30.000000000000004
1498.1388770125807 30.000000000000004
1497.5662237856825 30.000000000000004
1497.5662237856825 30.000000000000004
1496.7072439453352 30.000000000000004
1496.4209173318861 30.000000000000004
1496.4209173318861 30.000000000000004
1496.134590718437 30.000000000000004
1495.2756108780895 30.000000000000004
1494.4166310377423 30.000000000000004
1495.2756108780895 30.000000000000004
1494.4166310377423 30.000000000000004
1492.6986713570475 30.000000000000004
1492.6986713570475 30.000000000000004
1492.126018130149 30.000000000000004
1491.553364903251 30.000000000000004
1491.2670382898016 30.000000000000004
1490.4080584494543 30.000000000000004
1490.9807116763525 30.000000000000004
1490.121731836005 30.000000000000004
1488.9764253822084 30.000000000000004
1488.6900987687593 30.000000000000004
1487.8311189284118 30.000000000000004
1488.117445541861 30.000000000000004
1487.5447923149627 30.000000000000004
1486.3994858611659 30.000000000000004
1485.8268326342675 30.000000000000004
1484.1088729535722 30.000000000000004
1484.6815261804707 30.000000000000004
1484.9678527939197 30.000000000000004
1483.822546340123 30.000000000000004
1482.3909132728768 30.000000000000004
1482.3909132728768 30.000000000000004
1482.1045866594275 30.000000000000004
1481.2456068190797 30.000000000000004
1481.2456068190797 30.000000000000004
1480.1003003652827 30.000000000000004
1480.1003003652827 30.000000000000004
1479.2413205249347 30.000000000000004
1479.527647138384 30.000000000000004
1479.8139737518334 30.000000000000004
1479.8139737518334 30.000000000000004
1479.527647138384 30.000000000000004
1479.0981572182102 30.000000000000004
1478.5255039913116 30.000000000000004
1479.6708104451088 30.000000000000004
1479.9571370585581 30.000000000000004
1479.9571370585581 30.000000000000004
1479.6708104451088 30.000000000000004
1479.0981572182102 30.000000000000004
1478.2391773778622 30.000000000000004
1478.2391773778622 30.000000000000004
1477.6665241509636 30.000000000000004
1477.523360844239 30.000000000000004
1476.9507076173402 30.000000000000004
1476.9507076173402 30.000000000000004
1476.9507076173402 30.000000000000004
1475.805401163543 30.000000000000004
1474.9464213231947 30.000000000000004
1473.514788255948 30.000000000000004
1473.8011148693972 30.000000000000004
1473.2284616424984 30.000000000000004
1472.942135029049 30.000000000000004
1474.0874414828465 30.000000000000004
1474.0874414828465 30.000000000000004
1473.2284616424984 30.000000000000004
1471.7968285752513 30.000000000000004
1470.6515221214534 30.000000000000004
1471.2241753483524 30.000000000000004
1471.2241753483524 30.000000000000004
1471.5105019618018 30.000000000000004
1471.2241753483524 30.000000000000004
1470.937848734903 30.000000000000004
1471.2241753483524 30.000000000000004
1471.5105019618018 30.000000000000004
1470.937848734903 30.000000000000004
1470.7946854281781 30.000000000000004
1470.7946854281781 30.000000000000004
1470.5083588147286 30.000000000000004
1470.5083588147286 30.000000000000004
1469.792542281105 30.000000000000004
1470.0788688945545 30.000000000000004
1468.9335624407565 30.000000000000004
1468.2177459071327 30.000000000000004
1468.647235827307 30.000000000000004
1468.074582600408 30.000000000000004
1468.3609092138574 30.000000000000004
1467.9314192936831 30.000000000000004
1467.358766066784 30.000000000000004
1465.6408063860865 30.000000000000004
1465.6408063860865 30.000000000000004
1464.495499932288 30.000000000000004
1463.4933567852142 30.000000000000004
1463.779683398664 30.000000000000004
1464.0660100121136 30.000000000000004
1463.779683398664 30.000000000000004
1464.0660100121136 30.000000000000004
1463.4933567852142 30.000000000000004
1463.4933567852142 30.000000000000004
1462.920703558315 30.000000000000004
1462.920703558315 30.000000000000004
1463.2070301717647 30.000000000000004
1463.2070301717647 30.000000000000004
1462.3480503314156 30.000000000000004
1461.2027438776167 30.000000000000004
1460.6300906507172 30.000000000000004
1459.3416208901933 30.000000000000004
1459.627947503643 30.000000000000004
1458.196314436394 30.000000000000004
1459.0552942767433 30.000000000000004
1459.0552942767433 30.000000000000004
1458.196314436394 30.000000000000004
1457.6236612094942 30.000000000000004
1458.196314436394 30.000000000000004
1457.6236612094942 30.000000000000004
1457.3373345960445 30.000000000000004
1457.3373345960445 30.000000000000004
1457.0510079825945 30.000000000000004
1457.3373345960445 30.000000000000004
1457.6236612094942 30.000000000000004
1457.0510079825945 30.000000000000004
1457.0510079825945 30.000000000000004
1457.3373345960445 30.000000000000004
1457.909987822944 30.000000000000004
1457.6236612094942 30.000000000000004
1458.7689676632936 30.000000000000004
1457.3373345960445 30.000000000000004
1456.4783547556947 30.000000000000004
1456.192028142245 30.000000000000004
1456.7646813691447 30.000000000000004
1456.4783547556947 30.000000000000004
1455.905701528795 30.000000000000004
1455.619374915345 30.000000000000004
1455.619374915345 30.000000000000004
1454.4740684615451 30.000000000000004
1454.7603950749951 30.000000000000004
1455.0467216884451 30.000000000000004
1454.7603950749951 30.000000000000004
1454.1877418480951 30.000000000000004
1453.3287620077451 30.000000000000004
1453.6150886211951 30.000000000000004
1452.7561087808451 30.000000000000004
1452.7561087808451 30.000000000000004
1452.4697821673951 30.000000000000004
1452.1834555539451 30.000000000000004
1452.1834555539451 30.000000000000004
1452.1834555539451 30.000000000000004
1452.4697821673951 30.000000000000004
1452.1834555539451 30.000000000000004
1451.3244757135947 30.000000000000004
1450.7518224866944 30.000000000000004
1450.1791692597942 30.000000000000004
1450.7518224866944 30.000000000000004
1450.7518224866944 30.000000000000004
1450.4654958732444 30.000000000000004
1450.4654958732444 30.000000000000004
1451.897128940495 30.000000000000004
1451.3244757135947 30.000000000000004
1451.897128940495 30.000000000000004
1451.610802327045 30.000000000000004
1451.897128940495 30.000000000000004
1451.3244757135947 30.000000000000004
1450.7518224866944 30.000000000000004
1450.7518224866944 30.000000000000004
1451.610802327045 30.000000000000004
1451.3244757135947 30.000000000000004
1451.897128940495 30.000000000000004
1452.1834555539451 30.000000000000004
1451.897128940495 30.000000000000004
1451.610802327045 30.000000000000004
1453.3287620077451 30.000000000000004
1452.7561087808451 30.000000000000004
1451.610802327045 30.000000000000004
1451.897128940495 30.000000000000004
1452.1834555539451 30.000000000000004
1452.1834555539451 30.000000000000004
1453.0424353942951 30.000000000000004
1452.7561087808451 30.000000000000004
1453.0424353942951 30.000000000000004
1453.3287620077451 30.000000000000004
1454.1877418480951 30.000000000000004
1454.4740684615451 30.000000000000004
1453.6150886211951 30.000000000000004
1453.3287620077451 30.000000000000004
1453.6150886211951 30.000000000000004
1453.9014152346451 30.000000000000004
1453.0424353942951 30.000000000000004
1454.1877418480951 30.000000000000004
1455.3330483018951 30.000000000000004
1455.3330483018951 30.000000000000004
1455.905701528795 30.000000000000004
1455.905701528795 30.000000000000004
1455.3330483018951 30.000000000000004
1455.619374915345 30.000000000000004
1455.47621160862 30.000000000000004
1455.47621160862 30.000000000000004
1454.9035583817201 30.000000000000004
1454.3309051548201 30.000000000000004
1454.4740684615451 30.000000000000004
1454.1877418480951 30.000000000000004
1453.6150886211951 30.000000000000004
1453.6150886211951 30.000000000000004
1453.9014152346451 30.000000000000004
1454.1877418480951 30.000000000000004
1454.1877418480951 30.000000000000004
1454.0445785413701 30.000000000000004
1454.0445785413701 30.000000000000004
1453.0424353942951 30.000000000000004
1453.1855987010201 30.000000000000004
1453.1855987010201 30.000000000000004
1453.1855987010201 30.000000000000004
1452.8992720875701 30.000000000000004
1453.3287620077451 30.000000000000004
1453.3287620077451 30.000000000000004
1454.4740684615451 30.000000000000004
1453.7582519279201 30.000000000000004
1453.7582519279201 30.000000000000004
1453.4719253144701 30.000000000000004
1453.4719253144701 30.000000000000004
1452.8992720875701 30.000000000000004
1453.9014152346451 30.000000000000004
1453.1855987010201 30.000000000000004
1453.1855987010201 30.000000000000004
1452.8992720875701 30.000000000000004
1452.8992720875701 30.000000000000004
1452.3266188606701 30.000000000000004
1452.04029224722 30.000000000000004
1452.04029224722 30.000000000000004
1452.3266188606701 30.000000000000004
1452.3266188606701 30.000000000000004
1452.8992720875701 30.000000000000004
1453.4719253144701 30.000000000000004
1453.4719253144701 30.000000000000004
1453.1855987010201 30.000000000000004
1453.7582519279201 30.000000000000004
1453.7582519279201 30.000000000000004
1453.7582519279201 30.000000000000004
1453.4719253144701 30.000000000000004
1454.0445785413701 30.000000000000004
1454.3309051548201 30.000000000000004
1452.8992720875701 30.000000000000004
1452.3266188606701 30.000000000000004
1452.6129454741201 30.000000000000004
1452.6129454741201 30.000000000000004
1452.6129454741201 30.000000000000004
1452.4697821673951 30.000000000000004
1453.0424353942951 30.000000000000004
1453.0424353942951 30.000000000000004
1453.0424353942951 30.000000000000004
1452.7561087808451 30.000000000000004
1452.4697821673951 30.000000000000004
1452.4697821673951 30.000000000000004
1453.0424353942951 30.000000000000004
1453.3287620077451 30.000000000000004
1453.1855987010201 30.000000000000004
1452.8992720875701 30.000000000000004
1452.8992720875701 30.000000000000004
1452.8992720875701 30.000000000000004
1452.6129454741201 30.000000000000004
1452.3266188606701 30.000000000000004
1452.1834555539451 30.000000000000004
1452.1834555539451 30.000000000000004
1451.897128940495 30.000000000000004
1451.0381491001447 30.000000000000004
1450.4654958732444 30.000000000000004
1449.8928426463442 30.000000000000004
1450.4654958732444 30.000000000000004
1449.8928426463442 30.000000000000004
1449.8928426463442 30.000000000000004
1449.606516032894 30.000000000000004
1449.606516032894 30.000000000000004
1449.606516032894 30.000000000000004
1449.0338628059935 30.000000000000004
1449.0338628059935 30.000000000000004
1448.4612095790933 30.000000000000004
1448.7475361925435 30.000000000000004
1449.3201894194438 30.000000000000004
1449.3201894194438 30.000000000000004
1449.0338628059935 30.000000000000004
1448.7475361925435 30.000000000000004
1449.0338628059935 30.000000000000004
1449.0338628059935 30.000000000000004
1448.7475361925435 30.000000000000004
1448.7475361925435 30.000000000000004
1449.606516032894 30.000000000000004
1449.3201894194438 30.000000000000004
1448.8906994992685 30.000000000000004
1448.318046272368 30.000000000000004
1448.6043728858183 30.000000000000004
1448.318046272368 30.000000000000004
1448.318046272368 30.000000000000004
1448.318046272368 30.000000000000004
1448.318046272368 30.000000000000004
1448.6043728858183 30.000000000000004
1448.8906994992685 30.000000000000004
1448.318046272368 30.000000000000004
1448.0317196589178 30.000000000000004
1447.7453930454676 30.000000000000004
1448.318046272368 30.000000000000004
1447.4590664320174 30.000000000000004
1448.6043728858183 30.000000000000004
1448.6043728858183 30.000000000000004
1448.318046272368 30.000000000000004
1448.318046272368 30.000000000000004
1448.318046272368 30.000000000000004
1448.0317196589178 30.000000000000004
1448.0317196589178 30.000000000000004
1447.7453930454676 30.000000000000004
1447.7453930454676 30.000000000000004
1447.7453930454676 30.000000000000004
1447.1727398185672 30.000000000000004
1447.1727398185672 30.000000000000004
1446.886413205117 30.000000000000004
1446.6000865916665 30.000000000000004
1446.886413205117 30.000000000000004
1446.3137599782162 30.000000000000004
1445.7411067513156 30.000000000000004
1445.4547801378653 30.000000000000004
1445.7411067513156 30.000000000000004
1445.1684535244149 30.000000000000004
1445.1684535244149 30.000000000000004
1444.8821269109644 30.000000000000004
1444.5958002975142 30.000000000000004
1444.5958002975142 30.000000000000004
1444.3094736840637 30.000000000000004
1444.0231470706133 30.000000000000004
1443.7368204571628 30.000000000000004
1443.4504938437124 30.000000000000004
1442.8778406168115 30.000000000000004
1442.8778406168115 30.000000000000004
1442.0188607764599 30.000000000000004
1441.446207549559 30.000000000000004
1440.8735543226576 30.000000000000004
1440.8735543226576 30.000000000000004
1440.8735543226576 30.000000000000004
1440.3009010957564 30.000000000000004
1440.3009010957564 30.000000000000004
1439.7282478688553 30.000000000000004
1439.155594641954 30.000000000000004
1439.4419212554046 30.000000000000004
1438.8692680285033 30.000000000000004
1438.8692680285033 30.000000000000004
1438.5829414150526 30.000000000000004
1437.7239615747005 30.000000000000004
1437.4376349612498 30.000000000000004
1437.4376349612498 30.000000000000004
1436.7218184276228 30.000000000000004
1435.8628385872703 30.000000000000004
1435.7196752805448 30.000000000000004
1434.5743688267414 30.000000000000004
1435.1470220536432 30.000000000000004
1435.1470220536432 30.000000000000004
1434.5743688267414 30.000000000000004
1434.0017155998396 30.000000000000004
1433.4290623729378 30.000000000000004
1433.7153889863887 30.000000000000004
1433.1427357594866 30.000000000000004
1432.8564091460357 30.000000000000004
1432.5700825325846 30.000000000000004
1433.1427357594866 30.000000000000004
1433.7153889863887 30.000000000000004
1433.4290623729378 30.000000000000004
1433.1427357594866 30.000000000000004
1432.5700825325846 30.000000000000004
1432.5700825325846 30.000000000000004
1431.9974293056825 30.000000000000004
1431.9974293056825 30.000000000000004
1431.7111026922316 30.000000000000004
1431.4247760787805 30.000000000000004
1430.565796238427 30.000000000000004
1429.9931430115248 30.000000000000004
1429.9931430115248 30.000000000000004
1429.7068163980737 30.000000000000004
1429.1341631711714 30.000000000000004
1428.84783655772 30.000000000000004
1428.561509944269 30.000000000000004
1428.84783655772 30.000000000000004
1427.9888567173664 30.000000000000004
1427.702530103915 30.000000000000004
1427.702530103915 30.000000000000004
1427.4162034904637 30.000000000000004
1427.702530103915 30.000000000000004
1427.4162034904637 30.000000000000004
1427.4162034904637 30.000000000000004
1427.702530103915 30.000000000000004
1427.9888567173664 30.000000000000004
1428.561509944269 30.000000000000004
1428.2751833308175 30.000000000000004
1428.84783655772 30.000000000000004
1428.561509944269 30.000000000000004
1428.84783655772 30.000000000000004
1427.4162034904637 30.000000000000004
1427.702530103915 30.000000000000004
1427.4162034904637 30.000000000000004
1427.1298768770123 30.000000000000004
1427.1298768770123 30.000000000000004
1426.843550263561 30.000000000000004
1426.5572236501096 30.000000000000004
1426.5572236501096 30.000000000000004
1426.4140603433839 30.000000000000004
1426.1277337299325 30.000000000000004
1425.5550805030298 30.000000000000004
1425.1255905828525 30.000000000000004
1425.1255905828525 30.000000000000004
1424.5529373559496 30.000000000000004
1424.5529373559496 30.000000000000004
1424.5529373559496 30.000000000000004
1424.2666107424982 30.000000000000004
1423.9802841290466 30.000000000000004
1423.9802841290466 30.000000000000004
1423.9802841290466 30.000000000000004
1423.693957515595 30.000000000000004
1423.693957515595 30.000000000000004
1424.2666107424982 30.000000000000004
1423.9802841290466 30.000000000000004
1423.1213042886918 30.000000000000004
1423.4076309021434 30.000000000000004
1422.8349776752402 30.000000000000004
1423.4076309021434 30.000000000000004
1423.4076309021434 30.000000000000004
1423.4076309021434 30.000000000000004
1423.1213042886918 30.000000000000004
1423.1213042886918 30.000000000000004
1423.1213042886918 30.000000000000004
1422.5486510617886 30.000000000000004
1422.262324448337 30.000000000000004
1422.5486510617886 30.000000000000004
1421.6896712214339 30.000000000000004
1421.1170179945304 30.000000000000004
1420.5443647676268 30.000000000000004
1420.5443647676268 30.000000000000004
1420.401201460901 30.000000000000004
1420.1148748474493 30.000000000000004
1420.1148748474493 30.000000000000004
1419.8285482339975 30.000000000000004
1418.3969151667382 30.000000000000004
1417.8242619398343 30.000000000000004
1417.8242619398343 30.000000000000004
1418.6832417801902 30.000000000000004
1418.6832417801902 30.000000000000004
1418.1105885532863 30.000000000000004
1417.5379353263825 30.000000000000004
1417.2516087129304 30.000000000000004
1416.9652820994784 30.000000000000004
1416.9652820994784 30.000000000000004
1415.5336490322181 30.000000000000004
1414.960995805314 30.000000000000004
1414.6746691918618 30.000000000000004
1414.3883425784097 30.000000000000004
1414.3883425784097 30.000000000000004
1414.1020159649574 30.000000000000004
1413.8156893515052 30.000000000000004
1413.8156893515052 30.000000000000004
1413.8156893515052 30.000000000000004
1414.3883425784097 30.000000000000004
1414.1020159649574 30.000000000000004
1413.8156893515052 30.000000000000004
1413.8156893515052 30.000000000000004
1413.5293627380531 30.000000000000004
1412.6703828976963 30.000000000000004
1412.384056284244 30.000000000000004
1411.525076443887 30.000000000000004
1411.2387498304345 30.000000000000004
1411.8114030573392 30.000000000000004
1411.2387498304345 30.000000000000004
1410.0934433766247 30.000000000000004
1409.2344635362672 30.000000000000004
1409.8071167631722 30.000000000000004
1409.8071167631722 30.000000000000004
1409.8071167631722 30.000000000000004
1409.5207901497197 30.000000000000004
1408.661810309362 30.000000000000004
1408.0891570824567 30.000000000000004
1407.802830469004 30.000000000000004
1406.943850628646 30.000000000000004
1406.943850628646 30.000000000000004
1407.2301772420988 30.000000000000004
1407.2301772420988 30.000000000000004
1406.6575240151933 30.000000000000004
1405.798544174835 30.000000000000004
1405.2258909479292 30.000000000000004
1404.9395643344762 30.000000000000004
1404.6532377210233 30.000000000000004
1403.5079312672115 30.000000000000004
1403.2216046537585 30.000000000000004
1403.2216046537585 30.000000000000004
1403.2216046537585 30.000000000000004
1402.6489514268524 30.000000000000004
1402.6489514268524 30.000000000000004
1402.9352780403055 30.000000000000004
1402.792114733579 30.000000000000004
1401.6468082797664 30.000000000000004
1401.6468082797664 30.000000000000004
1401.9331348932196 30.000000000000004
1401.789971586493 30.000000000000004
1401.5036449730399 30.000000000000004
1400.9309917461335 30.000000000000004
1400.5015018259537 30.000000000000004
1400.5015018259537 30.000000000000004
1399.9288485990471 30.000000000000004
1399.9288485990471 30.000000000000004
1400.5015018259537 30.000000000000004
1400.2151752125005 30.000000000000004
1400.2151752125005 30.000000000000004
1400.5015018259537 30.000000000000004
1400.5015018259537 30.000000000000004
1400.2151752125005 30.000000000000004
1400.5015018259537 30.000000000000004
1399.7856852923205 30.000000000000004
1399.7856852923205 30.000000000000004
1399.7856852923205 30.000000000000004
1399.213032065414 30.000000000000004
1399.213032065414 30.000000000000004
1398.640378838507 30.000000000000004
1398.640378838507 30.000000000000004
1398.640378838507 30.000000000000004
1398.0677256116003 30.000000000000004
1398.0677256116003 30.000000000000004
1396.9224191577862 30.000000000000004
1396.3497659308791 30.000000000000004
1396.0634393174255 30.000000000000004
1394.9181328636107 30.000000000000004
1394.9181328636107 30.000000000000004
1395.2044594770643 30.000000000000004
1395.2044594770643 30.000000000000004
1395.0612961703375 30.000000000000004
1394.774969556884 30.000000000000004
1394.774969556884 30.000000000000004
1394.48864294343 30.000000000000004
1394.2023163299764 30.000000000000004
1394.2023163299764 30.000000000000004
1394.0591530232496 30.000000000000004
1394.0591530232496 30.000000000000004
1394.0591530232496 30.000000000000004
1394.0591530232496 30.000000000000004
1393.343336489615 30.000000000000004
1393.057009876161 30.000000000000004
1392.4843566492532 30.000000000000004
1392.4843566492532 30.000000000000004
1392.3411933425261 30.000000000000004
1392.3411933425261 30.000000000000004
1392.3411933425261 30.000000000000004
1392.0548667290723 30.000000000000004
1392.0548667290723 30.000000000000004
1391.7685401156182 30.000000000000004
1391.4822135021643 30.000000000000004
1391.4822135021643 30.000000000000004
1391.4822135021643 30.000000000000004
1391.1958868887102 30.000000000000004
1391.1958868887102 30.000000000000004
1391.0527235819832 30.000000000000004
1391.0527235819832 30.000000000000004
1390.766396968529 30.000000000000004
1390.766396968529 30.000000000000004
1390.766396968529 30.000000000000004
1390.766396968529 30.000000000000004
1390.480070355075 30.000000000000004
1390.480070355075 30.000000000000004
1390.480070355075 30.000000000000004
1390.480070355075 30.000000000000004
1390.480070355075 30.000000000000004
1390.193743741621 30.000000000000004
1389.6210905147125 30.000000000000004
1389.3347639012584 30.000000000000004
1389.3347639012584 30.000000000000004
1389.3347639012584 30.000000000000004
1389.3347639012584 30.000000000000004
1389.3347639012584 30.000000000000004
1389.3347639012584 30.000000000000004
1389.3347639012584 30.000000000000004
1389.3347639012584 30.000000000000004
1389.048437287804 30.000000000000004
1389.3347639012584 30.000000000000004
1389.3347639012584 30.000000000000004
1389.048437287804 30.000000000000004
1389.3347639012584 30.000000000000004
1388.6189473676227 30.000000000000004
1388.905273981077 30.000000000000004
1388.905273981077 30.000000000000004
1388.905273981077 30.000000000000004
1388.905273981077 30.000000000000004
1388.905273981077 30.000000000000004
1388.905273981077 30.000000000000004
1388.905273981077 30.000000000000004
1388.905273981077 30.000000000000004
1388.3326207541684 30.000000000000004
1388.046294140714 30.000000000000004
1388.046294140714 30.000000000000004
1388.046294140714 30.000000000000004
1387.4736409138054 30.000000000000004
1386.3283344599877 30.000000000000004
1386.0420078465331 30.000000000000004
1386.0420078465331 30.000000000000004
1386.0420078465331 30.000000000000004
1386.0420078465331 30.000000000000004
1385.7556812330788 30.000000000000004
1386.0420078465331 30.000000000000004
1386.0420078465331 30.000000000000004
1385.7556812330788 30.000000000000004
1386.0420078465331 30.000000000000004
1385.7556812330788 30.000000000000004
1385.7556812330788 30.000000000000004
1386.0420078465331 30.000000000000004
1386.0420078465331 30.000000000000004
1386.0420078465331 30.000000000000004
1386.0420078465331 30.000000000000004
1386.0420078465331 30.000000000000004
1386.6146610734422 30.000000000000004
1386.6146610734422 30.000000000000004
1386.3283344599877 30.000000000000004
1385.7556812330788 30.000000000000004
1385.7556812330788 30.000000000000004
1385.4693546196243 30.000000000000004
1384.896701392715 30.000000000000004
1384.6103747792604 30.000000000000004
1384.6103747792604 30.000000000000004
1384.6103747792604 30.000000000000004
1384.3240481658056 30.000000000000004
1384.037721552351 30.000000000000004
1383.7513949388963 30.000000000000004
1383.7513949388963 30.000000000000004
1383.6082316321688 30.000000000000004
1383.3219050187142 30.000000000000004
1383.3219050187142 30.000000000000004
1382.7492517918045 30.000000000000004
1382.4629251783497 30.000000000000004
1382.176598564895 30.000000000000004
1381.603945337985 30.000000000000004
1381.603945337985 30.000000000000004
1381.0312921110751 30.000000000000004
1381.0312921110751 30.000000000000004
1380.4586388841649 30.000000000000004
1380.4586388841649 30.000000000000004
1380.4586388841649 30.000000000000004
1380.1723122707099 30.000000000000004
1379.8859856572549 30.000000000000004
1379.5996590437996 30.000000000000004
1379.5996590437996 30.000000000000004
1379.5996590437996 30.000000000000004
1379.3133324303446 30.000000000000004
1378.7406792034342 30.000000000000004
1378.454352589979 30.000000000000004
1377.8816993630683 30.000000000000004
1377.8816993630683 30.000000000000004
1377.8816993630683 30.000000000000004
1376.736392909247 30.000000000000004
1376.163739682336 30.000000000000004
1375.8774130688803 30.000000000000004
1374.732106615058 30.000000000000004
1374.1594533881466 30.000000000000004
1373.3004735477796 30.000000000000004
1372.1551670939562 30.000000000000004
1371.2961872535882 30.000000000000004
1370.7235340266761 30.000000000000004
1369.5782275728516 30.000000000000004
1369.0055743459393 30.000000000000004
1368.719247732483 30.000000000000004
1368.719247732483 30.000000000000004
1368.1465945055704 30.000000000000004
1367.5739412786575 30.000000000000004
1367.0012880517447 30.000000000000004
1366.1423082113752 30.000000000000004
1364.9970017575486 30.000000000000004
1364.9970017575486 30.000000000000004
1364.4243485306351 30.000000000000004
1363.5653686902647 30.000000000000004
1363.5653686902647 30.000000000000004
1362.992715463351 30.000000000000004
1362.420062236437 30.000000000000004
1361.561082396066 30.000000000000004
1360.9884291691517 30.000000000000004
1360.9884291691517 30.000000000000004
1360.7021025556944 30.000000000000004
1360.12944932878 30.000000000000004
1359.8431227153228 30.000000000000004
1358.9841428749507 30.000000000000004
1358.411489648036 30.000000000000004
1358.411489648036 30.000000000000004
1357.838836421121 30.000000000000004
1356.9798565807482 30.000000000000004
1356.9798565807482 30.000000000000004
1356.1208767403753 30.000000000000004
1354.6892436730861 30.000000000000004
1353.5439372192543 30.000000000000004
1352.3986307654218 30.000000000000004
1351.2533243115888 30.000000000000004
1350.9669976981304 30.000000000000004
1350.3943444712138 30.000000000000004
1350.1080178577554 30.000000000000004
1349.392201324109 30.000000000000004
1348.8195480971917 30.000000000000004
1348.533221483733 30.000000000000004
1348.533221483733 30.000000000000004
1348.533221483733 30.000000000000004
1348.2468948702744 30.000000000000004
1347.674241643357 30.000000000000004
1347.1015884164394 30.000000000000004
1347.1015884164394 30.000000000000004
1346.8152618029806 30.000000000000004
1346.2426085760626 30.000000000000004
1345.3836287356858 30.000000000000004
1344.8109755087676 30.000000000000004
1344.2383222818492 30.000000000000004
1343.9519956683898 30.000000000000004
1343.3793424414712 30.000000000000004
1342.3771992943634 30.000000000000004
1341.5182194539848 30.000000000000004
1340.9455662270657 30.000000000000004
1339.513933159767 30.000000000000004
1339.227606546307 30.000000000000004
1339.227606546307 30.000000000000004
1338.9412799328472 30.000000000000004
1338.0823000924674 30.000000000000004
1338.0823000924674 30.000000000000004
1338.0823000924674 30.000000000000004
1337.5096468655472 30.000000000000004
1337.5096468655472 30.000000000000004
1336.6506670251667 30.000000000000004
1335.791687184786 30.000000000000004
1335.5053605713256 30.000000000000004
1334.3600541174837 30.000000000000004
1333.7874008905626 30.000000000000004
1334.073727504023 30.000000000000004
1333.2147476636412 30.000000000000004
1332.9284210501805 30.000000000000004
1332.0694412097982 30.000000000000004
1331.4967879828764 30.000000000000004
1330.6378081424934 30.000000000000004
1330.3514815290323 30.000000000000004
1329.77882830211 30.000000000000004
1329.77882830211 30.000000000000004
1328.9198484617264 30.000000000000004
1328.633521848265 30.000000000000004
1328.3471952348036 30.000000000000004
1327.63137870115 30.000000000000004
1327.3450520876886 30.000000000000004
1327.058725474227 30.000000000000004
1326.7723988607654 30.000000000000004
1325.9134190203804 30.000000000000004
1325.054439179995 30.000000000000004
1323.9091327261472 30.000000000000004
1323.6228061126853 30.000000000000004
1322.7638262722987 30.000000000000004
1322.1911730453744 30.000000000000004
1321.6185198184498 30.000000000000004
1321.1890298982562 30.000000000000004
1320.9027032847937 30.000000000000004
1320.0437234444062 30.000000000000004
1319.4710702174807 30.000000000000004
1319.7573968309434 30.000000000000004
1319.4710702174807 30.000000000000004
1319.1847436040182 30.000000000000004
1318.6120903770925 30.000000000000004
1318.0394371501668 30.000000000000004
1317.7531105367038 30.000000000000004
1317.4667839232409 30.000000000000004
1316.894130696315 30.000000000000004
1316.6078040828518 30.000000000000004
1316.0351508559256 30.000000000000004
1315.462497628999 30.000000000000004
1315.3193343222674 30.000000000000004
1315.3193343222674 30.000000000000004
1315.033007708804 30.000000000000004
1314.1740278684138 30.000000000000004
1314.3171911751456 30.000000000000004
1313.7445379482185 30.000000000000004
1313.1718847212912 30.000000000000004
1312.8855581078274 30.000000000000004
1312.3129048809 30.000000000000004
1312.3129048809 30.000000000000004
1312.0265782674362 30.000000000000004
1311.7402516539723 30.000000000000004
1311.1675984270446 30.000000000000004
1310.8812718135805 30.000000000000004
1311.0244351203125 30.000000000000004
1310.1654552799205 30.000000000000004
1309.8791286664564 30.000000000000004
1309.3064754395277 30.000000000000004
1309.3064754395277 30.000000000000004
1309.3064754395277 30.000000000000004
1309.0201488260636 30.000000000000004
1309.0201488260636 30.000000000000004
1309.0201488260636 30.000000000000004
1308.7338222125993 30.000000000000004
1308.7338222125993 30.000000000000004
1308.7338222125993 30.000000000000004
1308.7338222125993 30.000000000000004
1308.447495599135 30.000000000000004
1308.1611689856704 30.000000000000004
1308.1611689856704 30.000000000000004
1308.1611689856704 30.000000000000004
1308.1611689856704 30.000000000000004
1308.1611689856704 30.000000000000004
1308.1611689856704 30.000000000000004
1307.7316790654736 30.000000000000004
1307.7316790654736 30.000000000000004
1307.7316790654736 30.000000000000004
