iEACOP
1601.5027844682197 30.000000000000004
1494.4166310377423 30.000000000000004
1680.2426031690566 30.000000000000004
1767.8585468909657 30.000000000000004
1786.7561033807228 30.000000000000004
1815.388764729414 30.000000000000004
1821.9742768397173 30.000000000000004
1834.8589744469502 30.000000000000004
1833.9999946064631 30.000000000000004
1844.307752692357 30.000000000000004
1842.3034663978694 30.000000000000004
1845.4530591463517 30.000000000000004
1844.0214260788584 30.000000000000004
1849.4616317353436 30.000000000000004
1842.5897930113674 30.000000000000004
1847.4573454408458 30.000000000000004
1844.8804059193542 30.000000000000004
1847.743672054345 30.000000000000004
1844.5940793058555 30.000000000000004
1842.3034663978694 30.000000000000004
1842.5897930113674 30.000000000000004
1838.8675470359 30.000000000000004
1839.440200262894 30.000000000000004
1839.7265268763913 30.000000000000004
1838.0085671954093 30.000000000000004
1838.0085671954093 30.000000000000004
1833.427341379472 30.000000000000004
1833.9999946064631 30.000000000000004
1830.8504018580163 30.000000000000004
1830.5640752445215 30.000000000000004
1826.2691760421108 30.000000000000004
1825.982849428617 30.000000000000004
1822.5469300667019 30.000000000000004
1823.119583293687 30.000000000000004
1820.8289703857486 30.000000000000004
1819.1110107047978 30.000000000000004
1817.106724410359 30.000000000000004
1817.106724410359 30.000000000000004
1814.8161115024332 30.000000000000004
1813.098151821492 30.000000000000004
1810.234885686596 30.000000000000004
1810.5212123000854 30.000000000000004
1808.803252619151 30.000000000000004
1806.2263130977542 30.000000000000004
1800.7861074414918 30.000000000000004
1796.4912082391975 30.000000000000004
1792.7689622638889 30.000000000000004
1788.760389675108 30.000000000000004
1787.042429994206 30.000000000000004
1783.8928372458922 30.000000000000004
1779.0252848166963 30.000000000000004
1779.311611430178 30.000000000000004
1775.5893654549222 30.000000000000004
1776.734671908846 30.000000000000004
1773.871405774039 30.000000000000004
1772.439772706638 30.000000000000004
1774.1577323875194 30.000000000000004
1775.3030388414415 30.000000000000004
1772.153446093158 30.000000000000004
1772.439772706638 30.000000000000004
1773.871405774039 30.000000000000004
1770.4354864122793 30.000000000000004
1770.1491597987997 30.000000000000004
1771.0081396392386 30.000000000000004
1770.1491597987997 30.000000000000004
1771.0081396392386 30.000000000000004
1770.1491597987997 30.000000000000004
1768.4312001179237 30.000000000000004
1769.2901799583615 30.000000000000004
1765.2816073696572 30.000000000000004
1764.136300915744 30.000000000000004
1762.1320146213982 30.000000000000004
1761.559361394443 30.000000000000004
1761.559361394443 30.000000000000004
1759.2687484866237 30.000000000000004
1758.6960952596696 30.000000000000004
1757.5507888057623 30.000000000000004
1756.1191557383793 30.000000000000004
1755.2601758979501 30.000000000000004
1754.4011960575217 30.000000000000004
1754.6875226709979 30.000000000000004
1750.9652766958131 30.000000000000004
1749.8199702419122 30.000000000000004
1748.1020105610626 30.000000000000004
1748.9609904014872 30.000000000000004
1749.247317014962 30.000000000000004
1748.3883371745374 30.000000000000004
1747.5293573341132 30.000000000000004
1746.9567041071641 30.000000000000004
1746.0977242667407 30.000000000000004
1747.2430307206387 30.000000000000004
1744.9524178128436 30.000000000000004
1748.3883371745374 30.000000000000004
1747.5293573341132 30.000000000000004
1744.3797645858956 30.000000000000004
1743.520784745474 30.000000000000004
1742.3754782915792 30.000000000000004
1738.9395589299002 30.000000000000004
1737.5079258625365 30.000000000000004
1736.6489460221187 30.000000000000004
1738.080579089482 30.000000000000004
1737.221599249064 30.000000000000004
1735.7899661817019 30.000000000000004
1737.5079258625365 30.000000000000004
1738.080579089482 30.000000000000004
1740.0848653837922 30.000000000000004
1740.3711919972654 30.000000000000004
1739.2258855433731 30.000000000000004
1740.9438452242118 30.000000000000004
1742.6618049050528 30.000000000000004
1745.8113976532663 30.000000000000004
1747.2430307206387 30.000000000000004
1747.8156839475878 30.000000000000004
1748.3883371745374 30.000000000000004
1746.6703774936896 30.000000000000004
1747.2430307206387 30.000000000000004
1745.8113976532663 30.000000000000004
1747.5293573341132 30.000000000000004
1746.384050880215 30.000000000000004
1745.5250710397922 30.000000000000004
1745.238744426318 30.000000000000004
1745.238744426318 30.000000000000004
1745.8113976532663 30.000000000000004
1744.3797645858956 30.000000000000004
1742.3754782915792 30.000000000000004
1741.2301718376852 30.000000000000004
1740.0848653837922 30.000000000000004
1737.221599249064 30.000000000000004
1737.221599249064 30.000000000000004
1736.0762927951741 30.000000000000004
1736.9352726355914 30.000000000000004
1736.0762927951741 30.000000000000004
1733.4993532739254 30.000000000000004
1733.2130266604536 30.000000000000004
1732.067720206567 30.000000000000004
1732.067720206567 30.000000000000004
1731.2087403661526 30.000000000000004
1729.2044540718543 30.000000000000004
1730.6360871392098 30.000000000000004
1730.3497605257387 30.000000000000004
1729.4907806853253 30.000000000000004
1728.9181274583832 30.000000000000004
1727.7728210045 30.000000000000004
1724.9095548697953 30.000000000000004
1724.336901642855 30.000000000000004
1724.9095548697953 30.000000000000004
1723.477921802445 30.000000000000004
1722.6189419620355 30.000000000000004
1722.0462887350961 30.000000000000004
1721.1873088946875 30.000000000000004
1719.7556758273406 30.000000000000004
1717.4650629195885 30.000000000000004
1714.8881233983711 30.000000000000004
1715.1744500118396 30.000000000000004
1714.8881233983711 30.000000000000004
1714.3154701714348 30.000000000000004
1713.7428169444984 30.000000000000004
1713.170163717562 30.000000000000004
1710.020570969417 30.000000000000004
1709.7342443559492 30.000000000000004
1707.1573048347443 30.000000000000004
1706.2983249943436 30.000000000000004
1705.4393451539433 30.000000000000004
1703.721385473144 30.000000000000004
1702.2897524058126 30.000000000000004
1699.999139498085 30.000000000000004
1697.422199976895 30.000000000000004
1695.1315870691735 30.000000000000004
1693.6999540018494 30.000000000000004
1692.8409741614555 30.000000000000004
1690.55036125374 30.000000000000004
1689.6913814133475 30.000000000000004
1687.9734217325638 30.000000000000004
1685.6828088248544 30.000000000000004
1686.2554620517815 30.000000000000004
1684.2511757575378 30.000000000000004
1681.9605628498332 30.000000000000004
1681.1015830094448 30.000000000000004
1680.2426031690566 30.000000000000004
1678.5246434882815 30.000000000000004
1679.0972967152063 30.000000000000004
1678.238316874819 30.000000000000004
1676.5203571940458 30.000000000000004
1677.6656636478945 30.000000000000004
1677.3793370344324 30.000000000000004
1676.2340305805837 30.000000000000004
1675.3750507401978 30.000000000000004
1674.2297442863505 30.000000000000004
1673.9434176728887 30.000000000000004
1673.657091059427 30.000000000000004
1673.3707644459655 30.000000000000004
1672.2254579921191 30.000000000000004
1671.9391313786577 30.000000000000004
1672.2254579921191 30.000000000000004
1671.6528047651964 30.000000000000004
1671.0801515382736 30.000000000000004
1671.366478151735 30.000000000000004
1671.366478151735 30.000000000000004
1670.22117169789 30.000000000000004
1669.0758652440456 30.000000000000004
1666.7852523363588 30.000000000000004
1665.3536192690558 30.000000000000004
1664.7809660421349 30.000000000000004
1663.9219862017537 30.000000000000004
1663.3493329748333 30.000000000000004
1662.4903531344528 30.000000000000004
1661.3450466806128 30.000000000000004
1661.3450466806128 30.000000000000004
1660.1997402267732 30.000000000000004
1659.6270869998536 30.000000000000004
1659.0544337729343 30.000000000000004
1657.336474092177 30.000000000000004
1656.1911676383397 30.000000000000004
1655.6185144114213 30.000000000000004
1654.759534571044 30.000000000000004
1653.327901503749 30.000000000000004
1653.0415748902901 30.000000000000004
1653.6142281172079 30.000000000000004
1652.1825950499137 30.000000000000004
1651.6099418229962 30.000000000000004
1650.464635369162 30.000000000000004
1649.319328915328 30.000000000000004
1647.8876958480364 30.000000000000004
1647.8876958480364 30.000000000000004
1648.1740224614946 30.000000000000004
1648.1740224614946 30.000000000000004
1646.7423893942037 30.000000000000004
1645.3107563269139 30.000000000000004
1644.7381030999982 30.000000000000004
1644.7381030999982 30.000000000000004
1644.4517764865402 30.000000000000004
1643.0201434192518 30.000000000000004
1643.3064700327095 30.000000000000004
1643.592796646167 30.000000000000004
1643.3064700327095 30.000000000000004
1643.3064700327095 30.000000000000004
1644.1654498730825 30.000000000000004
1644.4517764865402 30.000000000000004
1643.4496333394382 30.000000000000004
1644.594939793269 30.000000000000004
1644.594939793269 30.000000000000004
1642.5906534990654 30.000000000000004
1642.4474901923365 30.000000000000004
1643.592796646167 30.000000000000004
1642.4474901923365 30.000000000000004
1639.5842240577626 30.000000000000004
1638.1525909904772 30.000000000000004
1636.7209579231921 30.000000000000004
1636.7209579231921 30.000000000000004
1635.0029982424514 30.000000000000004
1633.2850385617119 30.000000000000004
1632.9987119482553 30.000000000000004
1631.280752267517 30.000000000000004
1630.7080990406046 30.000000000000004
1629.2764659733239 30.000000000000004
1630.7080990406046 30.000000000000004
1630.135445813692 30.000000000000004
1629.56279258678 30.000000000000004
1628.4174861329557 30.000000000000004
1629.8491192002361 30.000000000000004
1629.2764659733239 30.000000000000004
1628.7038127464118 30.000000000000004
1628.7038127464118 30.000000000000004
1630.4217724271484 30.000000000000004
1627.558506292588 30.000000000000004
1627.272179679132 30.000000000000004
1626.4131998387647 30.000000000000004
1626.6995264522204 30.000000000000004
1625.267893384942 30.000000000000004
1623.263607090753 30.000000000000004
1622.9772804772977 30.000000000000004
1622.1183006369317 30.000000000000004
1621.8319740234765 30.000000000000004
1621.8319740234765 30.000000000000004
1621.2593207965658 30.000000000000004
1619.8276877292901 30.000000000000004
1618.68238127547 30.000000000000004
1617.5370748216503 30.000000000000004
1616.9644215947408 30.000000000000004
1616.6780949812858 30.000000000000004
1615.532788527467 30.000000000000004
1614.101155460194 30.000000000000004
1613.528502233285 30.000000000000004
1614.3874820736485 30.000000000000004
1613.8148288467396 30.000000000000004
1611.8105425525587 30.000000000000004
1611.5242159391044 30.000000000000004
1611.23788932565 30.000000000000004
1610.951562712196 30.000000000000004
1610.6652360987416 30.000000000000004
1609.233603031471 30.000000000000004
1609.233603031471 30.000000000000004
1607.229316737293 30.000000000000004
1606.942990123839 30.000000000000004
1606.942990123839 30.000000000000004
1605.7976836700236 30.000000000000004
1604.9387038296625 30.000000000000004
1604.366050602755 30.000000000000004
1604.366050602755 30.000000000000004
1603.507070762394 30.000000000000004
1603.507070762394 30.000000000000004
1602.934417535487 30.000000000000004
1603.2207441489406 30.000000000000004
1602.36176430858 30.000000000000004
1602.0754376951265 30.000000000000004
1601.5027844682197 30.000000000000004
1601.5027844682197 30.000000000000004
1600.6438046278595 30.000000000000004
1600.0711514009529 30.000000000000004
1600.0711514009529 30.000000000000004
1599.212171560593 30.000000000000004
1598.4963550269601 30.000000000000004
1598.4963550269601 30.000000000000004
1598.210028413507 30.000000000000004
1598.210028413507 30.000000000000004
1597.0647219596945 30.000000000000004
1597.3510485731476 30.000000000000004
1596.7783953462415 30.000000000000004
1596.348905426062 30.000000000000004
1594.9172723587972 30.000000000000004
1595.2035989722501 30.000000000000004
1593.9151292117124 30.000000000000004
1593.3424759848067 30.000000000000004
1591.338189690638 30.000000000000004
1589.9065566233753 30.000000000000004
1589.3339033964703 30.000000000000004
1588.0454336359346 30.000000000000004
1586.613800568673 30.000000000000004
1585.6116574215903 30.000000000000004
1584.4663509677819 30.000000000000004
1584.1800243543298 30.000000000000004
1583.8936977408775 30.000000000000004
1583.0347179005216 30.000000000000004
1583.0347179005216 30.000000000000004
1583.8936977408775 30.000000000000004
1583.8936977408775 30.000000000000004
1583.6073711274255 30.000000000000004
1583.3210445139734 30.000000000000004
1582.1757380601657 30.000000000000004
1581.8894114467137 30.000000000000004
1581.8894114467137 30.000000000000004
1581.3167582198098 30.000000000000004
1579.8851251525507 30.000000000000004
1579.598798539099 30.000000000000004
1579.8851251525507 30.000000000000004
1579.3124719256473 30.000000000000004
1578.453492085292 30.000000000000004
1577.8808388583889 30.000000000000004
1576.4492057911307 30.000000000000004
1576.162879177679 30.000000000000004
1575.5902259507761 30.000000000000004
1575.0175727238732 30.000000000000004
1574.4449194969702 30.000000000000004
1573.5859396566161 30.000000000000004
1573.2996130431648 30.000000000000004
1573.0132864297134 30.000000000000004
1571.2953267490057 30.000000000000004
1570.7226735221032 30.000000000000004
1569.5773670682984 30.000000000000004
1568.718387227945 30.000000000000004
1569.004713841396 30.000000000000004
1568.718387227945 30.000000000000004
1567.0004275472388 30.000000000000004
1566.714100933788 30.000000000000004
1566.714100933788 30.000000000000004
1566.1414477068859 30.000000000000004
1566.1414477068859 30.000000000000004
1566.1414477068859 30.000000000000004
1565.568794479984 30.000000000000004
1565.2824678665331 30.000000000000004
1565.2824678665331 30.000000000000004
1565.2824678665331 30.000000000000004
1565.2824678665331 30.000000000000004
1564.9961412530822 30.000000000000004
1564.9961412530822 30.000000000000004
1564.1371614127297 30.000000000000004
1563.8508347992788 30.000000000000004
1562.848691652201 30.000000000000004
1562.848691652201 30.000000000000004
1562.848691652201 30.000000000000004
1562.5623650387502 30.000000000000004
1561.1307319714967 30.000000000000004
1559.4127722907929 30.000000000000004
1558.8401190638917 30.000000000000004
1558.553792450441 30.000000000000004
1557.9811392235401 30.000000000000004
1557.6948126100895 30.000000000000004
1557.6948126100895 30.000000000000004
1557.1221593831885 30.000000000000004
1557.408485996639 30.000000000000004
1555.9768529293867 30.000000000000004
1555.4041997024858 30.000000000000004
1554.8315464755851 30.000000000000004
1553.3999134083335 30.000000000000004
1551.9682803410822 30.000000000000004
1552.2546069545324 30.000000000000004
1551.3956271141817 30.000000000000004
1550.536647273831 30.000000000000004
1549.9639940469308 30.000000000000004
1550.250320660381 30.000000000000004
1550.1071573536558 30.000000000000004
1549.5345041267556 30.000000000000004
1549.2481775133056 30.000000000000004
1549.5345041267556 30.000000000000004
1549.8208307402058 30.000000000000004
1548.6755242864053 30.000000000000004
1548.6755242864053 30.000000000000004
1548.6755242864053 30.000000000000004
1548.389197672955 30.000000000000004
1548.102871059505 30.000000000000004
1547.2438912191549 30.000000000000004
1546.5280746855299 30.000000000000004
1546.5280746855299 30.000000000000004
1545.9554214586299 30.000000000000004
1544.8101150048299 30.000000000000004
1543.6648085510303 30.000000000000004
1543.3784819375803 30.000000000000004
1543.0921553241303 30.000000000000004
1543.0921553241303 30.000000000000004
1542.5195020972308 30.000000000000004
1543.0921553241303 30.000000000000004
1542.2331754837808 30.000000000000004
1540.8015424165317 30.000000000000004
1540.6583791098067 30.000000000000004
1540.6583791098067 30.000000000000004
1540.2288891896321 30.000000000000004
1540.0857258829071 30.000000000000004
1539.083582735833 30.000000000000004
1538.6540928156585 30.000000000000004
1537.7951129753092 30.000000000000004
1538.081439588759 30.000000000000004
1537.7951129753092 30.000000000000004
1537.079296441685 30.000000000000004
1536.220316601336 30.000000000000004
1534.3591936139135 30.000000000000004
1533.213887160115 30.000000000000004
1532.7843972399407 30.000000000000004
1531.6390907861426 30.000000000000004
1530.780110945794 30.000000000000004
1530.0642944121703 30.000000000000004
1529.4916411852714 30.000000000000004
1528.632661344923 30.000000000000004
1527.057864970951 30.000000000000004
1526.6283750507769 30.000000000000004
1526.1988851306028 30.000000000000004
1524.767252063356 30.000000000000004
1525.0535786768053 30.000000000000004
1522.906129075935 30.000000000000004
1520.9018427817898 30.000000000000004
1519.7565363279928 30.000000000000004
1516.7501068867755 30.000000000000004
1515.7479637397032 30.000000000000004
1515.1753105128048 30.000000000000004
1514.745820592631 30.000000000000004
1514.1731673657325 30.000000000000004
1513.6005141388341 30.000000000000004
1513.0278609119357 30.000000000000004
1513.314187525385 30.000000000000004
1513.0278609119357 30.000000000000004
1512.8846976052112 30.000000000000004
1512.4552076850373 30.000000000000004
1511.5962278446898 30.000000000000004
1511.1667379245162 30.000000000000004
1511.7393911514146 30.000000000000004
1511.4530645379652 30.000000000000004
1511.5962278446898 30.000000000000004
1511.882554458139 30.000000000000004
1511.0235746177916 30.000000000000004
1511.0235746177916 30.000000000000004
1509.3056149370966 30.000000000000004
1509.878268163995 30.000000000000004
1509.878268163995 30.000000000000004
1509.7351048572702 30.000000000000004
1509.162451630372 30.000000000000004
1508.876125016923 30.000000000000004
1508.3034717900246 30.000000000000004
1506.4423488026052 30.000000000000004
1506.4423488026052 30.000000000000004
1505.869695575707 30.000000000000004
1505.2970423488086 30.000000000000004
1505.0107157353596 30.000000000000004
1504.1517358950123 30.000000000000004
1503.4359193613893 30.000000000000004
1503.1495927479402 30.000000000000004
1502.8632661344911 30.000000000000004
1502.8632661344911 30.000000000000004
1502.7201028277666 30.000000000000004
1502.290612907593 30.000000000000004
1502.7201028277666 30.000000000000004
1502.7201028277666 30.000000000000004
1502.0042862941439 30.000000000000004
1501.1453064537964 30.000000000000004
1500.0 30.000000000000004
1499.4273467731018 30.000000000000004
1498.5683669327543 30.000000000000004
1498.4252036260298 30.000000000000004
1497.8525503991316 30.000000000000004
1497.2798971722334 30.000000000000004
1496.134590718437 30.000000000000004
1495.2756108780895 30.000000000000004
1494.9892842646404 30.000000000000004
1494.4166310377423 30.000000000000004
1493.2713245839457 30.000000000000004
1492.4123447435982 30.000000000000004
1492.2691814368736 30.000000000000004
1491.6965282099754 30.000000000000004
1491.6965282099754 30.000000000000004
1490.2648951427298 30.000000000000004
1489.9785685292804 30.000000000000004
1489.2627519956577 30.000000000000004
1488.9764253822084 30.000000000000004
1488.6900987687593 30.000000000000004
1488.4037721553102 30.000000000000004
1487.8311189284118 30.000000000000004
1487.401629008238 30.000000000000004
1487.2584657015134 30.000000000000004
1486.9721390880643 30.000000000000004
1486.9721390880643 30.000000000000004
1487.2584657015134 30.000000000000004
1486.1131592477166 30.000000000000004
1485.1110161006445 30.000000000000004
1484.2520362602968 30.000000000000004
1484.2520362602968 30.000000000000004
1484.3951995670213 30.000000000000004
1484.3951995670213 30.000000000000004
1482.9635664997752 30.000000000000004
1481.531933432529 30.000000000000004
1479.3844838316595 30.000000000000004
1478.6686672980363 30.000000000000004
1477.523360844239 30.000000000000004
1475.805401163543 30.000000000000004
1475.232747936644 30.000000000000004
1474.9464213231947 30.000000000000004
1473.514788255948 30.000000000000004
1472.3694818021502 30.000000000000004
1471.7968285752513 30.000000000000004
1470.5083588147286 30.000000000000004
1468.9335624407565 30.000000000000004
1467.7882559869583 30.000000000000004
1467.2156027600593 30.000000000000004
1466.9292761466097 30.000000000000004
1466.3566229197106 30.000000000000004
1465.2113164659122 30.000000000000004
1464.0660100121136 30.000000000000004
1463.4933567852142 30.000000000000004
1462.3480503314156 30.000000000000004
1460.6300906507172 30.000000000000004
1460.2006007305426 30.000000000000004
1459.3416208901933 30.000000000000004
1458.196314436394 30.000000000000004
1458.053151129669 30.000000000000004
1457.3373345960445 30.000000000000004
1456.192028142245 30.000000000000004
1455.619374915345 30.000000000000004
1455.1898849951701 30.000000000000004
1453.6150886211951 30.000000000000004
1452.1834555539451 30.000000000000004
1451.610802327045 30.000000000000004
1451.75396563377 30.000000000000004
1451.75396563377 30.000000000000004
1451.1813124068697 30.000000000000004
1450.3223325665194 30.000000000000004
1449.0338628059935 30.000000000000004
1448.0317196589178 30.000000000000004
1446.0274333647658 30.000000000000004
1445.0252902176896 30.000000000000004
1443.5936571504376 30.000000000000004
1443.0210039235367 30.000000000000004
1442.162024083185 30.000000000000004
1441.446207549559 30.000000000000004
1440.5872277092071 30.000000000000004
1440.3009010957564 30.000000000000004
1440.014574482306 30.000000000000004
1439.4419212554046 30.000000000000004
1439.7282478688553 30.000000000000004
1439.155594641954 30.000000000000004
1438.5829414150526 30.000000000000004
1438.296614801602 30.000000000000004
1437.4376349612498 30.000000000000004
1437.151308347799 30.000000000000004
1436.5786551208973 30.000000000000004
1435.7196752805448 30.000000000000004
1434.5743688267414 30.000000000000004
1434.2880422132905 30.000000000000004
1433.7153889863887 30.000000000000004
1433.1427357594866 30.000000000000004
1433.1427357594866 30.000000000000004
1432.5700825325846 30.000000000000004
1432.5700825325846 30.000000000000004
1431.9974293056825 30.000000000000004
1431.9974293056825 30.000000000000004
1431.4247760787805 30.000000000000004
1430.8521228518782 30.000000000000004
1431.1384494653294 30.000000000000004
1430.8521228518782 30.000000000000004
1430.565796238427 30.000000000000004
1429.9931430115248 30.000000000000004
1428.84783655772 30.000000000000004
1428.561509944269 30.000000000000004
1427.702530103915 30.000000000000004
1427.4162034904637 30.000000000000004
1426.5572236501096 30.000000000000004
1426.4140603433839 30.000000000000004
1426.7003869568352 30.000000000000004
1426.2708970366582 30.000000000000004
1425.8414071164812 30.000000000000004
1425.5550805030298 30.000000000000004
1425.2687538895782 30.000000000000004
1424.9824272761268 30.000000000000004
1424.9824272761268 30.000000000000004
1423.5507942088693 30.000000000000004
1423.837120822321 30.000000000000004
1422.9781409819661 30.000000000000004
1423.5507942088693 30.000000000000004
1422.6918143685145 30.000000000000004
1422.6918143685145 30.000000000000004
1421.9759978348854 30.000000000000004
1421.8328345281595 30.000000000000004
1421.8328345281595 30.000000000000004
1421.1170179945304 30.000000000000004
1420.5443647676268 30.000000000000004
1419.8285482339975 30.000000000000004
1419.2558950070938 30.000000000000004
1418.6832417801902 30.000000000000004
1418.826405086916 30.000000000000004
1418.540078473464 30.000000000000004
1417.8242619398343 30.000000000000004
1417.6810986331084 30.000000000000004
1417.1084454062045 30.000000000000004
1416.9652820994784 30.000000000000004
1416.6789554860266 30.000000000000004
1415.9631389523963 30.000000000000004
1415.3904857254922 30.000000000000004
1415.6768123389443 30.000000000000004
1415.10415911204 30.000000000000004
1415.10415911204 30.000000000000004
1414.3883425784097 30.000000000000004
1414.3883425784097 30.000000000000004
1414.1020159649574 30.000000000000004
1413.8156893515052 30.000000000000004
1413.2430361246008 30.000000000000004
1412.9567095111486 30.000000000000004
1412.6703828976963 30.000000000000004
1412.5272195909702 30.000000000000004
1412.8135462044224 30.000000000000004
1412.5272195909702 30.000000000000004
1411.9545663640654 30.000000000000004
1411.668239750613 30.000000000000004
1411.9545663640654 30.000000000000004
1411.9545663640654 30.000000000000004
1411.0955865237083 30.000000000000004
1410.8092599102558 30.000000000000004
1410.5229332968033 30.000000000000004
1409.9502800698983 30.000000000000004
1409.8071167631722 30.000000000000004
1409.8071167631722 30.000000000000004
1409.3776268429933 30.000000000000004
1408.661810309362 30.000000000000004
1408.0891570824567 30.000000000000004
1407.6596671622776 30.000000000000004
1406.8006873219194 30.000000000000004
1405.0827276412028 30.000000000000004
1405.0827276412028 30.000000000000004
1404.223747800844 30.000000000000004
1403.937421187391 30.000000000000004
1403.078441347032 30.000000000000004
1401.9331348932196 30.000000000000004
1400.787828439407 30.000000000000004
1400.2151752125005 30.000000000000004
1399.9288485990471 30.000000000000004
1399.642521985594 30.000000000000004
1398.9267054519605 30.000000000000004
1398.640378838507 30.000000000000004
1398.0677256116003 30.000000000000004
1397.2087457712398 30.000000000000004
1396.9224191577862 30.000000000000004
1395.7771127039719 30.000000000000004
1395.2044594770643 30.000000000000004
1394.631806250157 30.000000000000004
1394.0591530232496 30.000000000000004
1393.4864997963418 30.000000000000004
1392.3411933425261 30.000000000000004
1391.7685401156182 30.000000000000004
1391.1958868887102 30.000000000000004
1390.9095602752561 30.000000000000004
1389.1916005945313 30.000000000000004
1387.903130833987 30.000000000000004
1387.187314300351 30.000000000000004
1386.6146610734422 30.000000000000004
1385.898844539806 30.000000000000004
1385.326191312897 30.000000000000004
1384.3240481658056 30.000000000000004
1384.3240481658056 30.000000000000004
1383.4650683254415 30.000000000000004
1383.4650683254415 30.000000000000004
1382.892415098532 30.000000000000004
1382.3197618716222 30.000000000000004
1382.0334352581674 30.000000000000004
1381.4607820312574 30.000000000000004
1381.1744554178026 30.000000000000004
1381.1744554178026 30.000000000000004
1379.170169123617 30.000000000000004
1378.8838425101617 30.000000000000004
1378.024862669796 30.000000000000004
1378.024862669796 30.000000000000004
1377.7385360563408 30.000000000000004
1376.8795562159746 30.000000000000004
1376.3069029890637 30.000000000000004
1375.7342497621526 30.000000000000004
1375.7342497621526 30.000000000000004
1375.447923148697 30.000000000000004
1375.1615965352416 30.000000000000004
1374.875269921786 30.000000000000004
1374.016290081419 30.000000000000004
1373.1573102410516 30.000000000000004
1373.1573102410516 30.000000000000004
1372.58465701414 30.000000000000004
1372.58465701414 30.000000000000004
1372.0120037872282 30.000000000000004
1371.4393505603164 30.000000000000004
1371.1530239468602 30.000000000000004
1370.8666973334043 30.000000000000004
1370.8666973334043 30.000000000000004
1370.007717493036 30.000000000000004
1369.1487376526675 30.000000000000004
1368.862411039211 30.000000000000004
1368.862411039211 30.000000000000004
1368.0034311988422 30.000000000000004
1367.4307779719293 30.000000000000004
1366.8581247450165 30.000000000000004
1367.144451358473 30.000000000000004
1366.2854715181033 30.000000000000004
1365.7128182911902 30.000000000000004
1365.4264916777336 30.000000000000004
1364.8538384508201 30.000000000000004
1364.8538384508201 30.000000000000004
1364.2811852239067 30.000000000000004
1363.99485861045 30.000000000000004
1363.1358787700794 30.000000000000004
1362.8495521566224 30.000000000000004
1362.5632255431656 30.000000000000004
1362.2768989297085 30.000000000000004
1361.9905723162515 30.000000000000004
1361.13159247588 30.000000000000004
1360.2726126355087 30.000000000000004
1358.840979568222 30.000000000000004
1357.9819997278496 30.000000000000004
1357.9819997278496 30.000000000000004
1357.695673114392 30.000000000000004
1355.9777134336464 30.000000000000004
1354.832406979815 30.000000000000004
1353.6871005259832 30.000000000000004
1353.6871005259832 30.000000000000004
1353.5439372192543 30.000000000000004
1352.68495737888 30.000000000000004
1352.68495737888 30.000000000000004
1351.8259775385054 30.000000000000004
1351.5396509250472 30.000000000000004
1351.2533243115888 30.000000000000004
1350.9669976981304 30.000000000000004
1350.3943444712138 30.000000000000004
1349.8216912442967 30.000000000000004
1348.962711403921 30.000000000000004
1348.1037315635451 30.000000000000004
1347.8174049500863 30.000000000000004
1346.9584251097099 30.000000000000004
1346.0994452693333 30.000000000000004
1345.8131186558742 30.000000000000004
1345.240465428956 30.000000000000004
1344.6678122020378 30.000000000000004
1344.3814855885787 30.000000000000004
1344.0951589751196 30.000000000000004
1342.9498525212823 30.000000000000004
1342.9498525212823 30.000000000000004
1342.090872680904 30.000000000000004
1341.8045460674446 30.000000000000004
1341.5182194539848 30.000000000000004
1340.6592396136061 30.000000000000004
1340.6592396136061 30.000000000000004
1340.5160763068761 30.000000000000004
1340.2297496934166 30.000000000000004
1339.9434230799568 30.000000000000004
1339.0844432395772 30.000000000000004
1339.0844432395772 30.000000000000004
1339.0844432395772 30.000000000000004
1339.370769853037 30.000000000000004
1339.370769853037 30.000000000000004
1338.5117900126575 30.000000000000004
1337.080156945357 30.000000000000004
1336.5075037184365 30.000000000000004
1335.934850491516 30.000000000000004
1334.7895440376744 30.000000000000004
1334.7895440376744 30.000000000000004
1333.6442375838324 30.000000000000004
1333.071584356911 30.000000000000004
1332.78525774345 30.000000000000004
1332.4989311299894 30.000000000000004
1332.2126045165287 30.000000000000004
1332.355767823259 30.000000000000004
1331.7831145963373 30.000000000000004
1331.4967879828764 30.000000000000004
1330.3514815290323 30.000000000000004
1329.77882830211 30.000000000000004
1329.2061750751877 30.000000000000004
1328.3471952348036 30.000000000000004
1327.4882153944193 30.000000000000004
1326.9155621674963 30.000000000000004
1324.3386226463404 30.000000000000004
1323.1933161924921 30.000000000000004
1323.1933161924921 30.000000000000004
1322.3343363521055 30.000000000000004
1321.761683125181 30.000000000000004
1320.6163766713312 30.000000000000004
1319.7573968309434 30.000000000000004
1319.4710702174807 30.000000000000004
1319.4710702174807 30.000000000000004
1317.7531105367038 30.000000000000004
1317.4667839232409 30.000000000000004
1316.894130696315 30.000000000000004
1315.7488242424622 30.000000000000004
1314.3171911751456 30.000000000000004
1312.8855581078274 30.000000000000004
1311.7402516539723 30.000000000000004
1310.0222919731884 30.000000000000004
1308.7338222125993 30.000000000000004
1308.447495599135 30.000000000000004
1307.5885157587416 30.000000000000004
1307.0158625318122 30.000000000000004
1306.7295359183477 30.000000000000004
1306.443209304883 30.000000000000004
1305.2979028510238 30.000000000000004
1304.4389230106287 30.000000000000004
1303.5799431702335 30.000000000000004
1303.007289943303 30.000000000000004
1302.148310102907 30.000000000000004
1301.003003649045 30.000000000000004
1299.5713705817163 30.000000000000004
1298.7123907413186 30.000000000000004
1298.4260641278527 30.000000000000004
1297.8534109009204 30.000000000000004
1296.9944310605217 30.000000000000004
1295.8491246066565 30.000000000000004
1295.5627979931899 30.000000000000004
1294.9901447662567 30.000000000000004
1293.558511698923 30.000000000000004
1293.2721850854562 30.000000000000004
1291.5542254046536 30.000000000000004
1289.8362657238495 30.000000000000004
1289.2636124969144 30.000000000000004
1288.690959269979 30.000000000000004
1287.2593262026398 30.000000000000004
1285.8276931352993 30.000000000000004
1284.6823866814261 30.000000000000004
1282.9644270006147 30.000000000000004
1282.1054471602083 30.000000000000004
1281.8191205467392 30.000000000000004
1280.673814092863 30.000000000000004
1279.5285076389862 30.000000000000004
1278.2400378783734 30.000000000000004
1277.667384651434 30.000000000000004
1277.3810580379645 30.000000000000004
1276.235751584085 30.000000000000004
1274.5177919032642 30.000000000000004
1273.086158835912 30.000000000000004
1272.5135056089707 30.000000000000004
1271.3681991550877 30.000000000000004
1270.2228927012036 30.000000000000004
1268.7912596338474 30.000000000000004
1267.932279793433 30.000000000000004
1267.6459531799615 30.000000000000004
1266.2143201126028 30.000000000000004
1265.3553402721868 30.000000000000004
1265.0690136587148 30.000000000000004
1264.4963604317704 30.000000000000004
1264.2100338182981 30.000000000000004
1262.778400750936 30.000000000000004
1261.919420910518 30.000000000000004
1260.487787843154 30.000000000000004
1259.9151346162078 30.000000000000004
1259.9151346162078 30.000000000000004
1260.2014612296807 30.000000000000004
1259.6288080027346 30.000000000000004
1258.7698281623148 30.000000000000004
1258.197174935368 30.000000000000004
1257.6245217084208 30.000000000000004
1257.0518684814735 30.000000000000004
1255.6202354141044 30.000000000000004
1255.3339088006303 30.000000000000004
1254.4749289602078 30.000000000000004
1253.615949119785 30.000000000000004
1252.4706426658868 30.000000000000004
1251.8979894389374 30.000000000000004
1251.4684995187254 30.000000000000004
1250.8958462917753 30.000000000000004
1249.4642132243998 30.000000000000004
1249.6073765311376 30.000000000000004
1250.1800297580878 30.000000000000004
1249.0347233041869 30.000000000000004
1248.7483966907116 30.000000000000004
1248.7483966907116 30.000000000000004
1248.1757434637605 30.000000000000004
1247.3167636233338 30.000000000000004
1247.030437009858 30.000000000000004
1247.030437009858 30.000000000000004
1246.4577837829063 30.000000000000004
1246.1714571694304 30.000000000000004
1245.3124773290021 30.000000000000004
1244.4534974885735 30.000000000000004
1243.8808442616207 30.000000000000004
1242.7355378077145 30.000000000000004
1241.7333946605459 30.000000000000004
1241.1607414335917 30.000000000000004
1240.8744148201147 30.000000000000004
1240.3017615931603 30.000000000000004
1240.3017615931603 30.000000000000004
1239.7291083662058 30.000000000000004
1239.7291083662058 30.000000000000004
1239.1564551392512 30.000000000000004
1238.583801912296 30.000000000000004
1238.8701285257735 30.000000000000004
1238.0111486853407 30.000000000000004
1237.4384954583852 30.000000000000004
1236.8658422314293 30.000000000000004
1236.5795156179513 30.000000000000004
1236.0068623909951 30.000000000000004
1235.720535777517 30.000000000000004
1235.4342091640387 30.000000000000004
1234.861555937082 30.000000000000004
1234.861555937082 30.000000000000004
1234.861555937082 30.000000000000004
1234.861555937082 30.000000000000004
1234.0025760966466 30.000000000000004
1233.4299228696893 30.000000000000004
1233.4299228696893 30.000000000000004
1232.8572696427318 30.000000000000004
1232.8572696427318 30.000000000000004
1231.998289802295 30.000000000000004
1232.1414531090343 30.000000000000004
1231.5687998820763 30.000000000000004
1231.5687998820763 30.000000000000004
1231.2824732685972 30.000000000000004
1231.2824732685972 30.000000000000004
1230.7098200416385 30.000000000000004
1230.9961466551179 30.000000000000004
1230.7098200416385 30.000000000000004
1230.7098200416385 30.000000000000004
1230.1371668146799 30.000000000000004
1230.566656734899 30.000000000000004
1230.7098200416385 30.000000000000004
1230.4234934281592 30.000000000000004
1230.4234934281592 30.000000000000004
1230.4234934281592 30.000000000000004
1229.8508402012003 30.000000000000004
1229.8508402012003 30.000000000000004
1229.8508402012003 30.000000000000004
1229.2781869742412 30.000000000000004
1228.9918603607614 30.000000000000004
1228.7055337472816 30.000000000000004
1228.7055337472816 30.000000000000004
1228.7055337472816 30.000000000000004
1228.4192071338018 30.000000000000004
1228.4192071338018 30.000000000000004
1227.846553906842 30.000000000000004
1227.273900679882 30.000000000000004
1227.703390600102 30.000000000000004
1227.703390600102 30.000000000000004
1227.417063986622 30.000000000000004
1227.130737373142 30.000000000000004
1227.130737373142 30.000000000000004
1226.8444107596617 30.000000000000004
1226.8444107596617 30.000000000000004
1226.8444107596617 30.000000000000004
1226.8444107596617 30.000000000000004
1226.8444107596617 30.000000000000004
1226.8444107596617 30.000000000000004
1226.5580841461815 30.000000000000004
1226.5580841461815 30.000000000000004
1226.5580841461815 30.000000000000004
1226.5580841461815 30.000000000000004
1226.5580841461815 30.000000000000004
1226.5580841461815 30.000000000000004
1226.7012474529217 30.000000000000004
1226.7012474529217 30.000000000000004
1226.7012474529217 30.000000000000004
1226.4149208394415 30.000000000000004
1226.4149208394415 30.000000000000004
1226.4149208394415 30.000000000000004
1226.128594225961 30.000000000000004
1226.128594225961 30.000000000000004
1226.128594225961 30.000000000000004
1226.128594225961 30.000000000000004
1226.128594225961 30.000000000000004
1226.128594225961 30.000000000000004
1226.128594225961 30.000000000000004
1226.128594225961 30.000000000000004
1226.128594225961 30.000000000000004
1226.128594225961 30.000000000000004
1226.128594225961 30.000000000000004
1226.128594225961 30.000000000000004
1226.128594225961 30.000000000000004
