jSOa
1669.9348450844288 30.000000000000004
1738.080579089482 30.000000000000004
1486.3994858611659 30.000000000000004
1454.9035583817201 30.000000000000004
1447.7453930454676 30.000000000000004
1376.736392909247 30.000000000000004
1400.2151752125005 30.000000000000004
1429.9931430115248 30.000000000000004
1359.8431227153228 30.000000000000004
1404.510074414297 30.000000000000004
1415.10415911204 30.000000000000004
1373.873126774691 30.000000000000004
1377.8816993630683 30.000000000000004
1399.069868758687 30.000000000000004
1362.13373562298 30.000000000000004
1377.8816993630683 30.000000000000004
1393.9159897165225 30.000000000000004
1354.6892436730861 30.000000000000004
1375.3047598419694 30.000000000000004
1344.3814855885787 30.000000000000004
1345.526792042415 30.000000000000004
1350.680671084672 30.000000000000004
1327.7745420078809 30.000000000000004
1325.4839291001879 30.000000000000004
1330.6378081424934 30.000000000000004
1315.462497628999 30.000000000000004
1322.6206629655676 30.000000000000004
1329.4925016886489 30.000000000000004
1303.436779863501 30.000000000000004
1310.3086185866525 30.000000000000004
1316.6078040828518 30.000000000000004
1295.9922879133896 30.000000000000004
1300.5735137288466 30.000000000000004
1301.718820182709 30.000000000000004
1287.688816122842 30.000000000000004
1293.9880016191232 30.000000000000004
1302.0051467961744 30.000000000000004
1286.829836282438 30.000000000000004
1286.5435096689698 30.000000000000004
1289.4067758036483 30.000000000000004
1273.3724854493826 30.000000000000004
1275.0904451302047 30.000000000000004
1274.231465289794 30.000000000000004
1267.0732999530182 30.000000000000004
1270.7955459281457 30.000000000000004
1272.2271789955 30.000000000000004
1266.5006467260746 30.000000000000004
1263.6373805913536 30.000000000000004
1265.0690136587148 30.000000000000004
1253.9022757332593 30.000000000000004
1258.4835015488413 30.000000000000004
1261.0604410700998 30.000000000000004
1265.3553402721868 30.000000000000004
1257.3381950949472 30.000000000000004
1263.3510539778813 30.000000000000004
1265.927993499131 30.000000000000004
1258.197174935368 30.000000000000004
1258.4835015488413 30.000000000000004
1260.7741144566269 30.000000000000004
1257.3381950949472 30.000000000000004
1258.4835015488413 30.000000000000004
1262.778400750936 30.000000000000004
1256.1928886410521 30.000000000000004
1255.9065620275783 30.000000000000004
1256.1928886410521 30.000000000000004
1252.4706426658868 30.000000000000004
1252.7569692793613 30.000000000000004
1255.3339088006303 30.000000000000004
1250.752682985038 30.000000000000004
1253.9022757332593 30.000000000000004
1253.0432958928359 30.000000000000004
1252.1843160524122 30.000000000000004
1246.4577837829063 30.000000000000004
1244.4534974885735 30.000000000000004
1246.1714571694304 30.000000000000004
1242.4492111942377 30.000000000000004
1242.4492111942377 30.000000000000004
1245.026150715526 30.000000000000004
1242.4492111942377 30.000000000000004
1243.5945176481443 30.000000000000004
1244.1671708750973 30.000000000000004
1244.4534974885735 30.000000000000004
1240.1585982864217 30.000000000000004
1243.0218644211911 30.000000000000004
1245.5988039424783 30.000000000000004
1241.5902313538072 30.000000000000004
1248.4620700772361 30.000000000000004
1255.6202354141044 30.000000000000004
1251.3253362119879 30.000000000000004
1253.3296225063104 30.000000000000004
1256.1928886410521 30.000000000000004
1261.0604410700998 30.000000000000004
1257.6245217084208 30.000000000000004
1259.9151346162078 30.000000000000004
1259.6288080027346 30.000000000000004
1256.1928886410521 30.000000000000004
1259.9151346162078 30.000000000000004
1262.2057475239908 30.000000000000004
1262.2057475239908 30.000000000000004
1256.765541868 30.000000000000004
1259.9151346162078 30.000000000000004
1264.4963604317704 30.000000000000004
1258.4835015488413 30.000000000000004
1256.765541868 30.000000000000004
1259.9151346162078 30.000000000000004
1256.765541868 30.000000000000004
1254.4749289602078 30.000000000000004
1253.9022757332593 30.000000000000004
1253.615949119785 30.000000000000004
1251.0390095985128 30.000000000000004
1249.6073765311376 30.000000000000004
1251.3253362119879 30.000000000000004
1250.4663563715628 30.000000000000004
1247.3167636233338 30.000000000000004
1249.0347233041869 30.000000000000004
1249.0347233041869 30.000000000000004
1251.0390095985128 30.000000000000004
1249.0347233041869 30.000000000000004
1249.321049917662 30.000000000000004
1249.0347233041869 30.000000000000004
1245.5988039424783 30.000000000000004
1247.6030902368095 30.000000000000004
1249.0347233041869 30.000000000000004
1249.321049917662 30.000000000000004
1247.3167636233338 30.000000000000004
1249.321049917662 30.000000000000004
1249.321049917662 30.000000000000004
1249.0347233041869 30.000000000000004
1246.1714571694304 30.000000000000004
1245.8851305559542 30.000000000000004
1246.1714571694304 30.000000000000004
1245.8851305559542 30.000000000000004
1242.4492111942377 30.000000000000004
1241.3039047403304 30.000000000000004
1241.017578126853 30.000000000000004
1238.440638605557 30.000000000000004
1239.8722716729444 30.000000000000004
1239.2996184459898 30.000000000000004
1238.1543119920796 30.000000000000004
1236.4363523112124 30.000000000000004
1234.7183926303428 30.000000000000004
1235.863699084256 30.000000000000004
1237.581658765124 30.000000000000004
1235.2910458572997 30.000000000000004
1235.5773724707778 30.000000000000004
1234.7183926303428 30.000000000000004
1234.145739403386 30.000000000000004
1232.7141063359923 30.000000000000004
1232.4277797225134 30.000000000000004
1232.1414531090343 30.000000000000004
1235.2910458572997 30.000000000000004
1233.0004329494711 30.000000000000004
1233.0004329494711 30.000000000000004
1232.7141063359923 30.000000000000004
1232.1414531090343 30.000000000000004
1230.1371668146799 30.000000000000004
1227.846553906842 30.000000000000004
1227.273900679882 30.000000000000004
1226.128594225961 30.000000000000004
1226.128594225961 30.000000000000004
1223.551654704635 30.000000000000004
1223.837981318116 30.000000000000004
1224.4106345450778 30.000000000000004
1223.265328091154 30.000000000000004
1220.688388569822 30.000000000000004
1222.692674864192 30.000000000000004
1223.837981318116 30.000000000000004
1225.8422676124806 30.000000000000004
1223.265328091154 30.000000000000004
1224.1243079315968 30.000000000000004
1224.1243079315968 30.000000000000004
1226.4149208394415 30.000000000000004
1226.7012474529217 30.000000000000004
1224.4106345450778 30.000000000000004
1224.1243079315968 30.000000000000004
1224.6969611585585 30.000000000000004
1226.4149208394415 30.000000000000004
1224.1243079315968 30.000000000000004
1225.2696143855196 30.000000000000004
1227.560227293362 30.000000000000004
1225.8422676124806 30.000000000000004
1226.4149208394415 30.000000000000004
1224.9832877720391 30.000000000000004
1224.4106345450778 30.000000000000004
1225.2696143855196 30.000000000000004
1224.4106345450778 30.000000000000004
1224.1243079315968 30.000000000000004
1222.692674864192 30.000000000000004
1223.265328091154 30.000000000000004
1223.265328091154 30.000000000000004
1222.9790014776731 30.000000000000004
1223.551654704635 30.000000000000004
1221.5473684102667 30.000000000000004
1220.9747151833037 30.000000000000004
1220.9747151833037 30.000000000000004
1222.692674864192 30.000000000000004
1220.4020619563405 30.000000000000004
1220.688388569822 30.000000000000004
1219.829408729377 30.000000000000004
1220.4020619563405 30.000000000000004
1222.9790014776731 30.000000000000004
1224.9832877720391 30.000000000000004
1223.551654704635 30.000000000000004
1225.8422676124806 30.000000000000004
1225.555940999 30.000000000000004
1225.2696143855196 30.000000000000004
1225.8422676124806 30.000000000000004
1223.551654704635 30.000000000000004
1223.837981318116 30.000000000000004
1224.9832877720391 30.000000000000004
1226.4149208394415 30.000000000000004
1227.846553906842 30.000000000000004
1226.128594225961 30.000000000000004
1226.128594225961 30.000000000000004
1226.7012474529217 30.000000000000004
1228.4192071338018 30.000000000000004
1230.1371668146799 30.000000000000004
1227.560227293362 30.000000000000004
1228.9918603607614 30.000000000000004
1230.1371668146799 30.000000000000004
1229.8508402012003 30.000000000000004
1230.7098200416385 30.000000000000004
1233.5730861764287 30.000000000000004
1232.4277797225134 30.000000000000004
1232.7141063359923 30.000000000000004
1233.5730861764287 30.000000000000004
1234.4320660168646 30.000000000000004
1236.4363523112124 30.000000000000004
1236.7226789246904 30.000000000000004
1235.5773724707778 30.000000000000004
1236.4363523112124 30.000000000000004
1236.4363523112124 30.000000000000004
1235.5773724707778 30.000000000000004
1236.4363523112124 30.000000000000004
1236.1500256977342 30.000000000000004
1235.0047192438215 30.000000000000004
1236.4363523112124 30.000000000000004
1237.295332151646 30.000000000000004
1238.1543119920796 30.000000000000004
1239.0132918325123 30.000000000000004
1239.2996184459898 30.000000000000004
1241.017578126853 30.000000000000004
1239.8722716729444 30.000000000000004
1240.444924899899 30.000000000000004
1242.4492111942377 30.000000000000004
1245.026150715526 30.000000000000004
1246.744110396382 30.000000000000004
1248.7483966907116 30.000000000000004
1247.889416850285 30.000000000000004
1246.4577837829063 30.000000000000004
1246.1714571694304 30.000000000000004
1246.4577837829063 30.000000000000004
1249.0347233041869 30.000000000000004
1252.1843160524122 30.000000000000004
1252.4706426658868 30.000000000000004
1251.8979894389374 30.000000000000004
1251.8979894389374 30.000000000000004
1252.7569692793613 30.000000000000004
1254.1886023467337 30.000000000000004
1255.3339088006303 30.000000000000004
1257.3381950949472 30.000000000000004
1259.0561547757882 30.000000000000004
1260.487787843154 30.000000000000004
1258.7698281623148 30.000000000000004
1261.6330942970453 30.000000000000004
1263.3510539778813 30.000000000000004
1263.9237072048259 30.000000000000004
1264.4963604317704 30.000000000000004
1266.2143201126028 30.000000000000004
1271.0818725416168 30.000000000000004
1272.7998322224414 30.000000000000004
1272.2271789955 30.000000000000004
1272.7998322224414 30.000000000000004
1271.0818725416168 30.000000000000004
1272.2271789955 30.000000000000004
1273.9451386763235 30.000000000000004
1275.663098357145 30.000000000000004
1275.663098357145 30.000000000000004
1276.235751584085 30.000000000000004
1275.949424970615 30.000000000000004
1277.3810580379645 30.000000000000004
1277.9537112649039 30.000000000000004
1277.9537112649039 30.000000000000004
1278.526364491843 30.000000000000004
1278.526364491843 30.000000000000004
1279.95799755919 30.000000000000004
1281.103304013067 30.000000000000004
1281.103304013067 30.000000000000004
1282.8212636938802 30.000000000000004
1282.2486104669426 30.000000000000004
1283.107590307349 30.000000000000004
1284.2528967612234 30.000000000000004
1287.402489509374 30.000000000000004
1287.402489509374 30.000000000000004
1287.9751427363096 30.000000000000004
1289.6931024171158 30.000000000000004
1289.979429030583 30.000000000000004
1290.5520822575181 30.000000000000004
1290.8384088709854 30.000000000000004
1289.6931024171158 30.000000000000004
1289.4067758036483 30.000000000000004
1290.2657556440508 30.000000000000004
1289.979429030583 30.000000000000004
1289.979429030583 30.000000000000004
1290.5520822575181 30.000000000000004
1291.124735484453 30.000000000000004
1291.9837153248545 30.000000000000004
1293.4153483921896 30.000000000000004
1293.7016750056564 30.000000000000004
1295.9922879133896 30.000000000000004
1295.13330807299 30.000000000000004
1297.4239209807213 30.000000000000004
1296.8512677537888 30.000000000000004
1295.9922879133896 30.000000000000004
1296.278614526856 30.000000000000004
1296.278614526856 30.000000000000004
1295.4196346864564 30.000000000000004
1295.9922879133896 30.000000000000004
1296.5649411403224 30.000000000000004
1295.9922879133896 30.000000000000004
1296.278614526856 30.000000000000004
1296.5649411403224 30.000000000000004
1296.8512677537888 30.000000000000004
1298.2829008211195 30.000000000000004
1298.8555540480515 30.000000000000004
1300.000860501915 30.000000000000004
1300.287187115381 30.000000000000004
1302.0051467961744 30.000000000000004
1301.718820182709 30.000000000000004
1303.723106476966 30.000000000000004
1306.5863726116154 30.000000000000004
1308.3043322924027 30.000000000000004
1307.7316790654736 30.000000000000004
1306.87269922508 30.000000000000004
1306.87269922508 30.000000000000004
1308.0180056789382 30.000000000000004
1307.4453524520093 30.000000000000004
1309.44963874626 30.000000000000004
1310.0222919731884 30.000000000000004
1309.44963874626 30.000000000000004
1311.7402516539723 30.000000000000004
1312.3129048809 30.000000000000004
1316.3214774693888 30.000000000000004
1318.0394371501668 30.000000000000004
1320.3300500578687 30.000000000000004
1323.1933161924921 30.000000000000004
1324.6249492598022 30.000000000000004
1324.911275873264 30.000000000000004
1325.4839291001879 30.000000000000004
1326.9155621674963 30.000000000000004
1327.2018887809577 30.000000000000004
1327.4882153944193 30.000000000000004
1327.4882153944193 30.000000000000004
1328.0608686213423 30.000000000000004
1328.633521848265 30.000000000000004
1329.4925016886489 30.000000000000004
1330.3514815290323 30.000000000000004
1331.2104613694155 30.000000000000004
1331.2104613694155 30.000000000000004
1332.0694412097982 30.000000000000004
1332.0694412097982 30.000000000000004
1332.6420944367198 30.000000000000004
1334.073727504023 30.000000000000004
1334.9327073444047 30.000000000000004
1336.3643404117065 30.000000000000004
1335.791687184786 30.000000000000004
1335.5053605713256 30.000000000000004
1334.073727504023 30.000000000000004
1334.3600541174837 30.000000000000004
1336.0780137982463 30.000000000000004
1336.936993638627 30.000000000000004
1336.6506670251667 30.000000000000004
1337.7959734790074 30.000000000000004
1338.0823000924674 30.000000000000004
1338.6549533193872 30.000000000000004
1338.6549533193872 30.000000000000004
1338.9412799328472 30.000000000000004
1340.3729130001464 30.000000000000004
1341.2318928405252 30.000000000000004
1341.5182194539848 30.000000000000004
1341.8045460674446 30.000000000000004
1341.8045460674446 30.000000000000004
1341.8045460674446 30.000000000000004
1342.663525907823 30.000000000000004
1343.2361791347416 30.000000000000004
1344.0951589751196 30.000000000000004
1344.3814855885787 30.000000000000004
1344.6678122020378 30.000000000000004
1344.6678122020378 30.000000000000004
1345.240465428956 30.000000000000004
1345.526792042415 30.000000000000004
1345.240465428956 30.000000000000004
1345.8131186558742 30.000000000000004
1345.8131186558742 30.000000000000004
1345.526792042415 30.000000000000004
1345.240465428956 30.000000000000004
1346.0994452693333 30.000000000000004
1346.0994452693333 30.000000000000004
1346.672098496251 30.000000000000004
1346.672098496251 30.000000000000004
1346.3857718827921 30.000000000000004
1347.2447517231687 30.000000000000004
1347.2447517231687 30.000000000000004
1347.2447517231687 30.000000000000004
1347.5310783366276 30.000000000000004
1347.8174049500863 30.000000000000004
1347.2447517231687 30.000000000000004
1348.1037315635451 30.000000000000004
1348.1037315635451 30.000000000000004
1348.962711403921 30.000000000000004
1352.1123041519636 30.000000000000004
1351.2533243115888 30.000000000000004
1351.5396509250472 30.000000000000004
1351.8259775385054 30.000000000000004
1351.8259775385054 30.000000000000004
1353.2576106057963 30.000000000000004
1354.6892436730861 30.000000000000004
1354.1165904461702 30.000000000000004
1353.5439372192543 30.000000000000004
1352.68495737888 30.000000000000004
1353.8302638327123 30.000000000000004
1356.1208767403753 30.000000000000004
1356.6935299672905 30.000000000000004
1358.411489648036 30.000000000000004
1359.5567961018655 30.000000000000004
1360.4157759422374 30.000000000000004
1361.561082396066 30.000000000000004
1361.561082396066 30.000000000000004
1362.13373562298 30.000000000000004
1362.706388849894 30.000000000000004
1362.13373562298 30.000000000000004
1361.8474090095228 30.000000000000004
1360.7021025556944 30.000000000000004
1359.2704694884083 30.000000000000004
1358.1251630345785 30.000000000000004
1358.6978162614932 30.000000000000004
1358.411489648036 30.000000000000004
1358.1251630345785 30.000000000000004
1357.838836421121 30.000000000000004
1358.1251630345785 30.000000000000004
1358.9841428749507 30.000000000000004
1359.8431227153228 30.000000000000004
1360.4157759422374 30.000000000000004
1360.12944932878 30.000000000000004
1360.7021025556944 30.000000000000004
1360.4157759422374 30.000000000000004
1359.5567961018655 30.000000000000004
1360.4157759422374 30.000000000000004
1361.561082396066 30.000000000000004
1360.9884291691517 30.000000000000004
1361.8474090095228 30.000000000000004
1361.8474090095228 30.000000000000004
1360.9884291691517 30.000000000000004
1361.8474090095228 30.000000000000004
1362.992715463351 30.000000000000004
1363.5653686902647 30.000000000000004
1363.5653686902647 30.000000000000004
1363.2790420768079 30.000000000000004
1363.8516953037215 30.000000000000004
1365.569654984462 30.000000000000004
1365.569654984462 30.000000000000004
1366.1423082113752 30.000000000000004
1365.569654984462 30.000000000000004
1364.710675144092 30.000000000000004
1366.1423082113752 30.000000000000004
1365.2833283710054 30.000000000000004
1366.1423082113752 30.000000000000004
1365.569654984462 30.000000000000004
1364.710675144092 30.000000000000004
1366.4286348248318 30.000000000000004
1366.4286348248318 30.000000000000004
1367.0012880517447 30.000000000000004
1368.1465945055704 30.000000000000004
1368.1465945055704 30.000000000000004
1368.1465945055704 30.000000000000004
1369.5782275728516 30.000000000000004
1370.7235340266761 30.000000000000004
1370.1508807997639 30.000000000000004
1370.1508807997639 30.000000000000004
1372.58465701414 30.000000000000004
1374.016290081419 30.000000000000004
1374.016290081419 30.000000000000004
1373.5868001612353 30.000000000000004
1375.5910864554248 30.000000000000004
1376.163739682336 30.000000000000004
1376.4500662957914 30.000000000000004
1376.736392909247 30.000000000000004
1381.31761872453 30.000000000000004
1380.7449654976201 30.000000000000004
1380.0291489639824 30.000000000000004
1381.7471086447124 30.000000000000004
1382.6060884850772 30.000000000000004
1383.7513949388963 30.000000000000004
1383.7513949388963 30.000000000000004
1384.3240481658056 30.000000000000004
1386.3283344599877 30.000000000000004
1386.6146610734422 30.000000000000004
1386.0420078465331 30.000000000000004
1385.4693546196243 30.000000000000004
1386.9009876868965 30.000000000000004
1386.9009876868965 30.000000000000004
1387.75996752726 30.000000000000004
1389.4779272079854 30.000000000000004
1389.4779272079854 30.000000000000004
1389.3347639012584 30.000000000000004
1389.9074171281668 30.000000000000004
1390.480070355075 30.000000000000004
1390.766396968529 30.000000000000004
1391.6253768088911 30.000000000000004
1392.4843566492532 30.000000000000004
1391.9117034223452 30.000000000000004
1391.9117034223452 30.000000000000004
1392.198030035799 30.000000000000004
1394.2023163299764 30.000000000000004
1395.2044594770643 30.000000000000004
1394.48864294343 30.000000000000004
1395.3476227837914 30.000000000000004
1394.48864294343 30.000000000000004
1394.2023163299764 30.000000000000004
1396.492929237606 30.000000000000004
1396.2066026241523 30.000000000000004
1395.9202760106987 30.000000000000004
1396.2066026241523 30.000000000000004
1396.3497659308791 30.000000000000004
1396.0634393174255 30.000000000000004
1397.4950723846932 30.000000000000004
1397.7813989981466 30.000000000000004
1397.4950723846932 30.000000000000004
1398.0677256116003 30.000000000000004
1399.213032065414 30.000000000000004
1400.3583385192271 30.000000000000004
1400.9309917461335 30.000000000000004
1400.6446651326803 30.000000000000004
1403.2216046537585 30.000000000000004
1403.2216046537585 30.000000000000004
1404.3669111075706 30.000000000000004
1406.228034095014 30.000000000000004
1406.3711974017403 30.000000000000004
1407.2301772420988 30.000000000000004
1408.0891570824567 30.000000000000004
1409.2344635362672 30.000000000000004
1410.0934433766247 30.000000000000004
1411.525076443887 30.000000000000004
1411.525076443887 30.000000000000004
1413.2430361246008 30.000000000000004
1414.1020159649574 30.000000000000004
1415.5336490322181 30.000000000000004
1415.5336490322181 30.000000000000004
1415.8199756456702 30.000000000000004
1418.6832417801902 30.000000000000004
1418.6832417801902 30.000000000000004
1420.5443647676268 30.000000000000004
1420.8306913810786 30.000000000000004
1422.8349776752402 30.000000000000004
1423.9802841290466 30.000000000000004
1424.1234474357723 30.000000000000004
1425.8414071164812 30.000000000000004
1426.4140603433839 30.000000000000004
1427.9888567173664 30.000000000000004
1428.84783655772 30.000000000000004
1429.8499797047994 30.000000000000004
1429.7068163980737 30.000000000000004
1431.567939385506 30.000000000000004
1432.4269192258591 30.000000000000004
1434.5743688267414 30.000000000000004
1438.1534514948767 30.000000000000004
1439.0124313352287 30.000000000000004
1441.016717629383 30.000000000000004
1440.8735543226576 30.000000000000004
1442.0188607764599 30.000000000000004
1442.3051873899105 30.000000000000004
1442.8778406168115 30.000000000000004
1443.0210039235367 30.000000000000004
1443.7368204571628 30.000000000000004
1442.8778406168115 30.000000000000004
1442.4483506966358 30.000000000000004
1442.8778406168115 30.000000000000004
1443.7368204571628 30.000000000000004
1442.591514003361 30.000000000000004
1443.164167230262 30.000000000000004
1443.3073305369871 30.000000000000004
1445.7411067513156 30.000000000000004
1447.029576511842 30.000000000000004
1447.8885563521928 30.000000000000004
1447.7453930454676 30.000000000000004
1448.8906994992685 30.000000000000004
1449.606516032894 30.000000000000004
1452.1834555539451 30.000000000000004
1452.1834555539451 30.000000000000004
1452.4697821673951 30.000000000000004
1453.0424353942951 30.000000000000004
1452.6129454741201 30.000000000000004
1453.7582519279201 30.000000000000004
1453.0424353942951 30.000000000000004
1452.7561087808451 30.000000000000004
1452.04029224722 30.000000000000004
1453.1855987010201 30.000000000000004
1451.897128940495 30.000000000000004
1452.7561087808451 30.000000000000004
1454.1877418480951 30.000000000000004
1453.9014152346451 30.000000000000004
1455.0467216884451 30.000000000000004
1454.7603950749951 30.000000000000004
1453.4719253144701 30.000000000000004
1454.6172317682701 30.000000000000004
1454.3309051548201 30.000000000000004
1454.0445785413701 30.000000000000004
1454.6172317682701 30.000000000000004
1453.6150886211951 30.000000000000004
1454.4740684615451 30.000000000000004
1454.7603950749951 30.000000000000004
1455.3330483018951 30.000000000000004
1456.6215180624197 30.000000000000004
1456.4783547556947 30.000000000000004
1456.7646813691447 30.000000000000004
1456.192028142245 30.000000000000004
1455.619374915345 30.000000000000004
1455.905701528795 30.000000000000004
1457.3373345960445 30.000000000000004
1456.9078446758697 30.000000000000004
1458.3394777431188 30.000000000000004
1458.3394777431188 30.000000000000004
1457.7668245162192 30.000000000000004
1458.053151129669 30.000000000000004
1458.4826410498438 30.000000000000004
1459.0552942767433 30.000000000000004
1460.0574374238176 30.000000000000004
1461.3459071843415 30.000000000000004
1462.7775402515902 30.000000000000004
1463.4933567852142 30.000000000000004
1463.779683398664 30.000000000000004
1465.354479772637 30.000000000000004
1465.0681531591874 30.000000000000004
1465.354479772637 30.000000000000004
1467.5019293735088 30.000000000000004
1468.9335624407565 30.000000000000004
1469.3630523609309 30.000000000000004
1469.0767257474813 30.000000000000004
1470.0788688945545 30.000000000000004
1470.365195508004 30.000000000000004
1470.365195508004 30.000000000000004
1470.6515221214534 30.000000000000004
1471.6536652685265 30.000000000000004
1473.2284616424984 30.000000000000004
1473.514788255948 30.000000000000004
1474.6600947097454 30.000000000000004
1474.6600947097454 30.000000000000004
1475.232747936644 30.000000000000004
1476.3780543904415 30.000000000000004
1475.5190745500936 30.000000000000004
1475.805401163543 30.000000000000004
1475.805401163543 30.000000000000004
1476.3780543904415 30.000000000000004
1476.6643810038909 30.000000000000004
1474.9464213231947 30.000000000000004
1474.373768096296 30.000000000000004
1473.6579515626725 30.000000000000004
1473.6579515626725 30.000000000000004
1473.3716249492231 30.000000000000004
1473.944278176122 30.000000000000004
1474.8032580164702 30.000000000000004
1474.8032580164702 30.000000000000004
1473.6579515626725 30.000000000000004
1473.514788255948 30.000000000000004
1473.514788255948 30.000000000000004
1473.3716249492231 30.000000000000004
1473.0852983357736 30.000000000000004
1472.512645108875 30.000000000000004
1473.6579515626725 30.000000000000004
1473.0852983357736 30.000000000000004
1473.3716249492231 30.000000000000004
1473.2284616424984 30.000000000000004
1472.6558084155995 30.000000000000004
1471.2241753483524 30.000000000000004
1470.365195508004 30.000000000000004
1471.2241753483524 30.000000000000004
1471.0810120416277 30.000000000000004
1470.937848734903 30.000000000000004
1471.7968285752513 30.000000000000004
1470.365195508004 30.000000000000004
1469.792542281105 30.000000000000004
1469.5062156676554 30.000000000000004
1469.5062156676554 30.000000000000004
1469.792542281105 30.000000000000004
1469.792542281105 30.000000000000004
1470.365195508004 30.000000000000004
1469.792542281105 30.000000000000004
1469.792542281105 30.000000000000004
1470.0788688945545 30.000000000000004
1471.367338655077 30.000000000000004
1470.7946854281781 30.000000000000004
1471.0810120416277 30.000000000000004
1471.0810120416277 30.000000000000004
1471.367338655077 30.000000000000004
1471.939991881976 30.000000000000004
1471.7968285752513 30.000000000000004
1471.367338655077 30.000000000000004
1472.6558084155995 30.000000000000004
1473.6579515626725 30.000000000000004
1473.944278176122 30.000000000000004
1473.0852983357736 30.000000000000004
1474.9464213231947 30.000000000000004
1475.9485644702675 30.000000000000004
1475.6622378568181 30.000000000000004
1475.232747936644 30.000000000000004
1476.3780543904415 30.000000000000004
1476.3780543904415 30.000000000000004
1476.0917277769922 30.000000000000004
1475.9485644702675 30.000000000000004
1475.5190745500936 30.000000000000004
1473.8011148693972 30.000000000000004
1473.514788255948 30.000000000000004
1473.944278176122 30.000000000000004
1471.939991881976 30.000000000000004
1471.367338655077 30.000000000000004
1470.365195508004 30.000000000000004
1470.7946854281781 30.000000000000004
1471.6536652685265 30.000000000000004
1471.939991881976 30.000000000000004
1471.367338655077 30.000000000000004
1472.2263184954254 30.000000000000004
1471.939991881976 30.000000000000004
1471.367338655077 30.000000000000004
1472.512645108875 30.000000000000004
1473.944278176122 30.000000000000004
1471.939991881976 30.000000000000004
1469.9357055878297 30.000000000000004
1470.937848734903 30.000000000000004
1470.7946854281781 30.000000000000004
1470.2220322012793 30.000000000000004
1469.6493789743802 30.000000000000004
1469.5062156676554 30.000000000000004
1468.2177459071327 30.000000000000004
1467.9314192936831 30.000000000000004
1467.0724394533345 30.000000000000004
1467.358766066784 30.000000000000004
1465.9271329995363 30.000000000000004
1465.4976430793618 30.000000000000004
1464.9249898524627 30.000000000000004
1464.495499932288 30.000000000000004
1463.9228467053888 30.000000000000004
1463.779683398664 30.000000000000004
1463.9228467053888 30.000000000000004
1463.9228467053888 30.000000000000004
1464.2091733188386 30.000000000000004
1464.9249898524627 30.000000000000004
1464.0660100121136 30.000000000000004
1464.495499932288 30.000000000000004
1464.6386632390129 30.000000000000004
1466.3566229197106 30.000000000000004
1466.4997862264354 30.000000000000004
1467.358766066784 30.000000000000004
1467.0724394533345 30.000000000000004
1468.2177459071327 30.000000000000004
1468.2177459071327 30.000000000000004
1467.0724394533345 30.000000000000004
1467.0724394533345 30.000000000000004
1466.4997862264354 30.000000000000004
1466.070296306261 30.000000000000004
1466.3566229197106 30.000000000000004
1465.7839696928113 30.000000000000004
1465.4976430793618 30.000000000000004
1465.2113164659122 30.000000000000004
1464.9249898524627 30.000000000000004
1464.6386632390129 30.000000000000004
1464.9249898524627 30.000000000000004
1465.7839696928113 30.000000000000004
1464.6386632390129 30.000000000000004
1463.9228467053888 30.000000000000004
1464.2091733188386 30.000000000000004
1463.9228467053888 30.000000000000004
1463.0638668650397 30.000000000000004
1462.7775402515902 30.000000000000004
1462.7775402515902 30.000000000000004
1462.2048870246908 30.000000000000004
1462.2048870246908 30.000000000000004
1461.6322337977913 30.000000000000004
1462.7775402515902 30.000000000000004
1461.6322337977913 30.000000000000004
1461.6322337977913 30.000000000000004
1461.918560411241 30.000000000000004
1461.0595805708917 30.000000000000004
1461.6322337977913 30.000000000000004
1461.3459071843415 30.000000000000004
1460.7732539574422 30.000000000000004
1459.9142741170929 30.000000000000004
1459.627947503643 30.000000000000004
1460.2006007305426 30.000000000000004
1459.9142741170929 30.000000000000004
1459.9142741170929 30.000000000000004
1459.3416208901933 30.000000000000004
1458.7689676632936 30.000000000000004
1458.7689676632936 30.000000000000004
1458.4826410498438 30.000000000000004
1459.0552942767433 30.000000000000004
1458.196314436394 30.000000000000004
1458.196314436394 30.000000000000004
1457.6236612094942 30.000000000000004
1458.3394777431188 30.000000000000004
1457.4804979027692 30.000000000000004
1456.9078446758697 30.000000000000004
1456.04886483552 30.000000000000004
1456.9078446758697 30.000000000000004
1457.1941712893195 30.000000000000004
1456.3351914489697 30.000000000000004
1456.6215180624197 30.000000000000004
1456.6215180624197 30.000000000000004
1459.1984575834683 30.000000000000004
1460.916417264167 30.000000000000004
1460.6300906507172 30.000000000000004
1461.2027438776167 30.000000000000004
1461.4890704910665 30.000000000000004
1460.3437640372674 30.000000000000004
1458.3394777431188 30.000000000000004
1459.484784196918 30.000000000000004
1459.7711108103679 30.000000000000004
1460.3437640372674 30.000000000000004
1460.916417264167 30.000000000000004
1460.0574374238176 30.000000000000004
1461.2027438776167 30.000000000000004
1460.3437640372674 30.000000000000004
1460.3437640372674 30.000000000000004
1461.7753971045163 30.000000000000004
1462.0617237179658 30.000000000000004
1463.2070301717647 30.000000000000004
1463.4933567852142 30.000000000000004
1464.9249898524627 30.000000000000004
1464.6386632390129 30.000000000000004
1464.0660100121136 30.000000000000004
1463.779683398664 30.000000000000004
1464.9249898524627 30.000000000000004
1464.6386632390129 30.000000000000004
1465.4976430793618 30.000000000000004
1466.070296306261 30.000000000000004
1466.070296306261 30.000000000000004
1464.3523366255633 30.000000000000004
1464.9249898524627 30.000000000000004
1465.4976430793618 30.000000000000004
1466.9292761466097 30.000000000000004
1466.9292761466097 30.000000000000004
1467.2156027600593 30.000000000000004
1466.9292761466097 30.000000000000004
1468.074582600408 30.000000000000004
1468.074582600408 30.000000000000004
1468.3609092138574 30.000000000000004
1468.647235827307 30.000000000000004
1470.365195508004 30.000000000000004
1471.5105019618018 30.000000000000004
1471.2241753483524 30.000000000000004
1471.2241753483524 30.000000000000004
1470.365195508004 30.000000000000004
1470.365195508004 30.000000000000004
1470.937848734903 30.000000000000004
1471.2241753483524 30.000000000000004
1471.5105019618018 30.000000000000004
1471.2241753483524 30.000000000000004
1471.5105019618018 30.000000000000004
1470.937848734903 30.000000000000004
1470.2220322012793 30.000000000000004
1468.5040725205822 30.000000000000004
1467.358766066784 30.000000000000004
1467.0724394533345 30.000000000000004
1467.6450926802336 30.000000000000004
1467.0724394533345 30.000000000000004
1466.786112839885 30.000000000000004
1468.5040725205822 30.000000000000004
1465.9271329995363 30.000000000000004
1466.2134596129858 30.000000000000004
1467.0724394533345 30.000000000000004
1467.6450926802336 30.000000000000004
1468.5040725205822 30.000000000000004
1468.5040725205822 30.000000000000004
1469.0767257474813 30.000000000000004
1469.6493789743802 30.000000000000004
1469.9357055878297 30.000000000000004
1470.2220322012793 30.000000000000004
1470.5083588147286 30.000000000000004
1471.367338655077 30.000000000000004
1471.6536652685265 30.000000000000004
1471.939991881976 30.000000000000004
1471.939991881976 30.000000000000004
1472.2263184954254 30.000000000000004
1471.0810120416277 30.000000000000004
1470.7946854281781 30.000000000000004
1471.0810120416277 30.000000000000004
1470.7946854281781 30.000000000000004
1471.0810120416277 30.000000000000004
1471.0810120416277 30.000000000000004
1472.2263184954254 30.000000000000004
1472.7989717223243 30.000000000000004
1473.6579515626725 30.000000000000004
1474.2306047895713 30.000000000000004
1474.8032580164702 30.000000000000004
1476.234891083717 30.000000000000004
1477.6665241509636 30.000000000000004
1477.2370342307897 30.000000000000004
1476.6643810038909 30.000000000000004
1477.523360844239 30.000000000000004
1477.8096874576884 30.000000000000004
1478.0960140711377 30.000000000000004
1478.6686672980363 30.000000000000004
1479.527647138384 30.000000000000004
1479.527647138384 30.000000000000004
1480.1003003652827 30.000000000000004
1481.2456068190797 30.000000000000004
1480.6729535921813 30.000000000000004
1480.386626978732 30.000000000000004
1481.8182600459784 30.000000000000004
1482.677239886326 30.000000000000004
1483.822546340123 30.000000000000004
1485.683669327543 30.000000000000004
1485.683669327543 30.000000000000004
1485.1110161006445 30.000000000000004
1486.5426491678904 30.000000000000004
1486.5426491678904 30.000000000000004
1486.8289757813398 30.000000000000004
1487.1153023947888 30.000000000000004
1488.2606088485854 30.000000000000004
1488.2606088485854 30.000000000000004
1489.119588688933 30.000000000000004
1490.2648951427298 30.000000000000004
1490.5512217561788 30.000000000000004
1490.2648951427298 30.000000000000004
1491.4102015965263 30.000000000000004
1492.2691814368736 30.000000000000004
1492.841834663772 30.000000000000004
1492.5555080503227 30.000000000000004
1493.9871411175684 30.000000000000004
1494.2734677310177 30.000000000000004
1495.7051007982632 30.000000000000004
1496.5640806386107 30.000000000000004
1497.1367338655089 30.000000000000004
1497.709387092407 30.000000000000004
1497.709387092407 30.000000000000004
1497.1367338655089 30.000000000000004
1497.709387092407 30.000000000000004
1498.8546935462036 30.000000000000004
1498.8546935462036 30.000000000000004
1499.4273467731018 30.000000000000004
1499.713673386551 30.000000000000004
1499.1410201596527 30.000000000000004
1500.0 30.000000000000004
1502.0042862941439 30.000000000000004
1501.7179596806948 30.000000000000004
1502.290612907593 30.000000000000004
1502.0042862941439 30.000000000000004
1502.290612907593 30.000000000000004
1502.1474496008684 30.000000000000004
1503.2927560546648 30.000000000000004
1503.2927560546648 30.000000000000004
1503.0064294412157 30.000000000000004
1504.1517358950123 30.000000000000004
1504.1517358950123 30.000000000000004
1504.4380625084614 30.000000000000004
1504.1517358950123 30.000000000000004
1505.0107157353596 30.000000000000004
1504.1517358950123 30.000000000000004
1503.5790826681139 30.000000000000004
1504.7243891219105 30.000000000000004
1503.5790826681139 30.000000000000004
1503.865409281563 30.000000000000004
1505.5833689622577 30.000000000000004
1506.1560221891561 30.000000000000004
1507.3013286429525 30.000000000000004
1507.4444919496773 30.000000000000004
1508.0171451765755 30.000000000000004
1508.876125016923 30.000000000000004
1508.3034717900246 30.000000000000004
1508.5897984034737 30.000000000000004
1509.162451630372 30.000000000000004
1509.7351048572702 30.000000000000004
1510.0214314707196 30.000000000000004
1510.0214314707196 30.000000000000004
1510.3077580841687 30.000000000000004
1510.3077580841687 30.000000000000004
1512.0257177648637 30.000000000000004
1512.0257177648637 30.000000000000004
1512.598370991762 30.000000000000004
1514.030004059008 30.000000000000004
1514.6026572859064 30.000000000000004
1514.8889838993555 30.000000000000004
1515.3184738195293 30.000000000000004
1515.6048004329787 30.000000000000004
1515.6048004329787 30.000000000000004
1515.8911270464278 30.000000000000004
1517.6090867271232 30.000000000000004
1518.7543931809203 30.000000000000004
1519.613373021268 30.000000000000004
1519.613373021268 30.000000000000004
1519.613373021268 30.000000000000004
1519.8996996347173 30.000000000000004
1520.1860262481666 30.000000000000004
1520.472352861616 30.000000000000004
1521.3313327019637 30.000000000000004
1521.9039859288623 30.000000000000004
1521.9039859288623 30.000000000000004
1522.1903125423116 30.000000000000004
1521.9039859288623 30.000000000000004
1521.9039859288623 30.000000000000004
1521.9039859288623 30.000000000000004
