L-SRTDE
1501.288469760521 30.000000000000004
1501.288469760521 30.000000000000004
1514.1731673657325 30.000000000000004
1425.6982438097555 30.000000000000004
1416.2494655658484 30.000000000000004
1425.1255905828525 30.000000000000004
1409.9502800698983 30.000000000000004
1387.903130833987 30.000000000000004
1399.3561953721405 30.000000000000004
1384.467211472533 30.000000000000004
1360.4157759422374 30.000000000000004
1372.1551670939562 30.000000000000004
1357.266183194206 30.000000000000004
1330.0651549155712 30.000000000000004
1344.0951589751196 30.000000000000004
1327.4882153944193 30.000000000000004
1315.462497628999 30.000000000000004
1304.5820863173612 30.000000000000004
1298.8555540480515 30.000000000000004
1301.718820182709 30.000000000000004
1297.7102475941874 30.000000000000004
1287.116162895906 30.000000000000004
1294.5606548460567 30.000000000000004
1286.2571830555016 30.000000000000004
1281.9622838534738 30.000000000000004
1289.1204491901806 30.000000000000004
1279.6716709457207 30.000000000000004
1274.8041185167344 30.000000000000004
1283.3939169208177 30.000000000000004
1280.8169773995978 30.000000000000004
1276.235751584085 30.000000000000004
1288.2614693497776 30.000000000000004
1291.6973887113872 30.000000000000004
1289.6931024171158 30.000000000000004
1296.5649411403224 30.000000000000004
1291.4110620979202 30.000000000000004
1282.8212636938802 30.000000000000004
1287.688816122842 30.000000000000004
1284.8255499881604 30.000000000000004
1289.4067758036483 30.000000000000004
1294.5606548460567 30.000000000000004
1296.5649411403224 30.000000000000004
1296.5649411403224 30.000000000000004
1305.4410661577563 30.000000000000004
1301.718820182709 30.000000000000004
1301.718820182709 30.000000000000004
1307.1590258385445 30.000000000000004
1305.727392771221 30.000000000000004
1305.4410661577563 30.000000000000004
1309.44963874626 30.000000000000004
1308.0180056789382 30.000000000000004
1308.8769855193314 30.000000000000004
1306.0137193846858 30.000000000000004
1311.4539250405085 30.000000000000004
1306.5863726116154 30.000000000000004
1308.3043322924027 30.000000000000004
1312.8855581078274 30.000000000000004
1313.1718847212912 30.000000000000004
1316.894130696315 30.000000000000004
1318.8984169905552 30.000000000000004
1320.0437234444062 30.000000000000004
1319.7573968309434 30.000000000000004
1326.6292355540345 30.000000000000004
1329.2061750751877 30.000000000000004
1328.3471952348036 30.000000000000004
1331.7831145963373 30.000000000000004
1332.9284210501805 30.000000000000004
1334.6463807309442 30.000000000000004
1340.9455662270657 30.000000000000004
1342.9498525212823 30.000000000000004
1344.6678122020378 30.000000000000004
1346.3857718827921 30.000000000000004
1348.3900581770038 30.000000000000004
1354.975570286544 30.000000000000004
1354.975570286544 30.000000000000004
1359.2704694884083 30.000000000000004
1359.2704694884083 30.000000000000004
1358.1251630345785 30.000000000000004
1362.706388849894 30.000000000000004
1363.8516953037215 30.000000000000004
1365.569654984462 30.000000000000004
1367.287614665201 30.000000000000004
1372.1551670939562 30.000000000000004
1371.0098606401323 30.000000000000004
1371.0098606401323 30.000000000000004
1376.163739682336 30.000000000000004
1375.3047598419694 30.000000000000004
1370.7235340266761 30.000000000000004
1375.8774130688803 30.000000000000004
1377.595372749613 30.000000000000004
1378.454352589979 30.000000000000004
1379.5996590437996 30.000000000000004
1381.603945337985 30.000000000000004
1383.3219050187142 30.000000000000004
1383.0355784052592 30.000000000000004
1385.898844539806 30.000000000000004
1384.467211472533 30.000000000000004
1388.1894574474413 30.000000000000004
1394.48864294343 30.000000000000004
1397.3519090779664 30.000000000000004
1395.3476227837914 30.000000000000004
1394.774969556884 30.000000000000004
1401.6468082797664 30.000000000000004
1403.651094573938 30.000000000000004
1401.3604816663133 30.000000000000004
1401.9331348932196 30.000000000000004
1405.0827276412028 30.000000000000004
1405.6553808681085 30.000000000000004
1403.937421187391 30.000000000000004
1404.7964010277499 30.000000000000004
1406.8006873219194 30.000000000000004
1406.8006873219194 30.000000000000004
1406.8006873219194 30.000000000000004
1412.2408929775177 30.000000000000004
1413.6725260447793 30.000000000000004
1413.9588526582313 30.000000000000004
1414.5315058851359 30.000000000000004
1416.2494655658484 30.000000000000004
1416.8221187927525 30.000000000000004
1419.9717115407234 30.000000000000004
1424.8392639694011 30.000000000000004
1423.693957515595 30.000000000000004
1428.84783655772 30.000000000000004
1431.4247760787805 30.000000000000004
1434.2880422132905 30.000000000000004
1434.0017155998396 30.000000000000004
1437.4376349612498 30.000000000000004
1443.4504938437124 30.000000000000004
1447.1727398185672 30.000000000000004
1450.3223325665194 30.000000000000004
1450.8949857934197 30.000000000000004
1450.6086591799694 30.000000000000004
1454.0445785413701 30.000000000000004
1457.7668245162192 30.000000000000004
1458.053151129669 30.000000000000004
1459.484784196918 30.000000000000004
1460.0574374238176 30.000000000000004
1461.4890704910665 30.000000000000004
1460.0574374238176 30.000000000000004
1462.6343769448654 30.000000000000004
1464.6386632390129 30.000000000000004
1464.3523366255633 30.000000000000004
1464.3523366255633 30.000000000000004
1469.792542281105 30.000000000000004
1470.365195508004 30.000000000000004
1469.219889054206 30.000000000000004
1469.792542281105 30.000000000000004
1472.3694818021502 30.000000000000004
1474.373768096296 30.000000000000004
1474.6600947097454 30.000000000000004
1475.232747936644 30.000000000000004
1477.523360844239 30.000000000000004
1477.523360844239 30.000000000000004
1478.9549939114854 30.000000000000004
1478.9549939114854 30.000000000000004
1480.1003003652827 30.000000000000004
1481.8182600459784 30.000000000000004
1483.822546340123 30.000000000000004
1485.8268326342675 30.000000000000004
1487.8311189284118 30.000000000000004
1490.4080584494543 30.000000000000004
1489.5490786091068 30.000000000000004
1489.835405222556 30.000000000000004
1492.126018130149 30.000000000000004
1495.2756108780895 30.000000000000004
1499.2841834663773 30.000000000000004
1498.9978568529282 30.000000000000004
1496.4209173318861 30.000000000000004
1500.1431633067245 30.000000000000004
1501.0021431470718 30.000000000000004
1505.0107157353596 30.000000000000004
1505.5833689622577 30.000000000000004
1507.0150020295034 30.000000000000004
1511.0235746177916 30.000000000000004
1512.4552076850373 30.000000000000004
1512.7415342984866 30.000000000000004
1512.4552076850373 30.000000000000004
1514.1731673657325 30.000000000000004
1513.0278609119357 30.000000000000004
1513.8868407522834 30.000000000000004
1515.3184738195293 30.000000000000004
1514.4594939791818 30.000000000000004
1514.745820592631 30.000000000000004
1514.4594939791818 30.000000000000004
1514.4594939791818 30.000000000000004
1516.4637802733262 30.000000000000004
1515.8911270464278 30.000000000000004
1517.322760113674 30.000000000000004
1519.0407197943696 30.000000000000004
1519.3270464078187 30.000000000000004
1522.476639155761 30.000000000000004
1523.6219456095585 30.000000000000004
1525.626231903704 30.000000000000004
1528.7758246516476 30.000000000000004
1530.207457718895 30.000000000000004
1529.9211311054455 30.000000000000004
1531.6390907861426 30.000000000000004
1530.780110945794 30.000000000000004
1532.7843972399407 30.000000000000004
1534.5023569206382 30.000000000000004
1535.6476633744367 30.000000000000004
1537.079296441685 30.000000000000004
1541.6605222568812 30.000000000000004
1541.946848870331 30.000000000000004
1544.8101150048299 30.000000000000004
1545.9554214586299 30.000000000000004
1546.2417480720799 30.000000000000004
1547.1007279124299 30.000000000000004
1547.6733811393299 30.000000000000004
1548.53236097968 30.000000000000004
1549.8208307402058 30.000000000000004
1550.1071573536558 30.000000000000004
1554.4020565554097 30.000000000000004
1552.6840968747078 30.000000000000004
1553.5430767150585 30.000000000000004
1554.8315464755851 30.000000000000004
1552.8272601814328 30.000000000000004
1554.5452198621347 30.000000000000004
1554.4020565554097 30.000000000000004
1555.8336896226615 30.000000000000004
1555.8336896226615 30.000000000000004
1555.8336896226615 30.000000000000004
1555.9768529293867 30.000000000000004
1559.8422622109688 30.000000000000004
1560.1285888244195 30.000000000000004
1561.703385198398 30.000000000000004
1561.1307319714967 30.000000000000004
1560.7012420513206 30.000000000000004
1561.4170585849474 30.000000000000004
1562.848691652201 30.000000000000004
1563.4213448791027 30.000000000000004
1563.8508347992788 30.000000000000004
1564.9961412530822 30.000000000000004
1567.4299174674154 30.000000000000004
1570.8658368288286 30.000000000000004
1571.2953267490057 30.000000000000004
1569.2910404548472 30.000000000000004
1569.5773670682984 30.000000000000004
1570.0068569884752 30.000000000000004
1570.0068569884752 30.000000000000004
1570.8658368288286 30.000000000000004
1571.438490055731 30.000000000000004
1572.4406332028107 30.000000000000004
1572.726959816262 30.000000000000004
1573.8722662700675 30.000000000000004
1576.4492057911307 30.000000000000004
1576.4492057911307 30.000000000000004
1575.8765525642277 30.000000000000004
1577.3081856314855 30.000000000000004
1577.8808388583889 30.000000000000004
1579.0261453121955 30.000000000000004
1580.4577783794543 30.000000000000004
1579.8851251525507 30.000000000000004
1581.6030848332618 30.000000000000004
1583.0347179005216 30.000000000000004
1583.6073711274255 30.000000000000004
1582.7483912870696 30.000000000000004
1583.0347179005216 30.000000000000004
1582.1757380601657 30.000000000000004
1581.8894114467137 30.000000000000004
1582.1757380601657 30.000000000000004
1582.7483912870696 30.000000000000004
1583.6073711274255 30.000000000000004
1583.3210445139734 30.000000000000004
1583.3210445139734 30.000000000000004
1583.3210445139734 30.000000000000004
1586.1843106484948 30.000000000000004
1585.039004194686 30.000000000000004
1586.4706372619469 30.000000000000004
1585.3253308081382 30.000000000000004
1586.1843106484948 30.000000000000004
1588.1885969426608 30.000000000000004
1589.047576783018 30.000000000000004
1588.1885969426608 30.000000000000004
1589.6202300099228 30.000000000000004
1589.6202300099228 30.000000000000004
1589.6202300099228 30.000000000000004
1590.1928832368278 30.000000000000004
1591.0518630771855 30.000000000000004
1590.4792098502803 30.000000000000004
1590.4792098502803 30.000000000000004
1591.767679610817 30.000000000000004
1593.1993126780806 30.000000000000004
1593.1993126780806 30.000000000000004
1593.771965904986 30.000000000000004
1594.9172723587972 30.000000000000004
1596.7783953462415 30.000000000000004
1597.0647219596945 30.000000000000004
1597.9237018000538 30.000000000000004
1598.782681640413 30.000000000000004
1600.357478014406 30.000000000000004
1600.6438046278595 30.000000000000004
1600.930131241313 30.000000000000004
1603.2207441489406 30.000000000000004
1603.507070762394 30.000000000000004
1603.7933973758477 30.000000000000004
1602.934417535487 30.000000000000004
1604.0797239893013 30.000000000000004
1604.9387038296625 30.000000000000004
1606.0840102834775 30.000000000000004
1606.3703368969313 30.000000000000004
1606.0840102834775 30.000000000000004
1607.229316737293 30.000000000000004
1608.6609498045627 30.000000000000004
1608.9472764180168 30.000000000000004
1609.519929644925 30.000000000000004
1610.951562712196 30.000000000000004
1610.951562712196 30.000000000000004
1610.951562712196 30.000000000000004
1610.951562712196 30.000000000000004
1611.8105425525587 30.000000000000004
1613.3853389265578 30.000000000000004
1613.3853389265578 30.000000000000004
1614.2443187669212 30.000000000000004
1614.5306453803757 30.000000000000004
1615.3896252207396 30.000000000000004
1616.5349316745585 30.000000000000004
1617.3939115149228 30.000000000000004
1618.396054662015 30.000000000000004
1621.2593207965658 30.000000000000004
1620.4003409562004 30.000000000000004
1620.1140143427451 30.000000000000004
1621.8319740234765 30.000000000000004
1621.8319740234765 30.000000000000004
1621.8319740234765 30.000000000000004
1621.2593207965658 30.000000000000004
1621.545647410021 30.000000000000004
1620.6866675696554 30.000000000000004
1622.1183006369317 30.000000000000004
1622.404627250387 30.000000000000004
1622.6909538638424 30.000000000000004
1622.9772804772977 30.000000000000004
1624.4089135445752 30.000000000000004
1624.6952401580306 30.000000000000004
1624.1225869311197 30.000000000000004
1624.4089135445752 30.000000000000004
1624.1225869311197 30.000000000000004
1625.5542199983975 30.000000000000004
1625.5542199983975 30.000000000000004
1626.4131998387647 30.000000000000004
1624.9815667714863 30.000000000000004
1625.8405466118534 30.000000000000004
1625.5542199983975 30.000000000000004
1626.126873225309 30.000000000000004
1625.267893384942 30.000000000000004
1623.5499337042086 30.000000000000004
1621.8319740234765 30.000000000000004
1622.6909538638424 30.000000000000004
1622.6909538638424 30.000000000000004
1623.263607090753 30.000000000000004
1624.6952401580306 30.000000000000004
1624.8384034647584 30.000000000000004
1624.9815667714863 30.000000000000004
1626.126873225309 30.000000000000004
1626.126873225309 30.000000000000004
1625.5542199983975 30.000000000000004
1625.5542199983975 30.000000000000004
1626.126873225309 30.000000000000004
1625.5542199983975 30.000000000000004
1626.126873225309 30.000000000000004
1626.6995264522204 30.000000000000004
1627.272179679132 30.000000000000004
1627.8448329060438 30.000000000000004
1628.7038127464118 30.000000000000004
1628.7038127464118 30.000000000000004
1629.56279258678 30.000000000000004
1629.8491192002361 30.000000000000004
1630.7080990406046 30.000000000000004
1631.5670788809734 30.000000000000004
1630.7080990406046 30.000000000000004
1630.135445813692 30.000000000000004
1629.8491192002361 30.000000000000004
1630.135445813692 30.000000000000004
1629.2764659733239 30.000000000000004
1628.4174861329557 30.000000000000004
1628.4174861329557 30.000000000000004
1627.558506292588 30.000000000000004
1628.9901393598677 30.000000000000004
1629.2764659733239 30.000000000000004
1628.7038127464118 30.000000000000004
1629.8491192002361 30.000000000000004
1631.5670788809734 30.000000000000004
1632.4260587213425 30.000000000000004
1632.139732107886 30.000000000000004
1632.4260587213425 30.000000000000004
1632.139732107886 30.000000000000004
1632.712385334799 30.000000000000004
1633.2850385617119 30.000000000000004
1633.2850385617119 30.000000000000004
1632.712385334799 30.000000000000004
1632.9987119482553 30.000000000000004
1633.5713651751682 30.000000000000004
1633.5713651751682 30.000000000000004
1634.430345015538 30.000000000000004
1635.5756514693649 30.000000000000004
1635.5756514693649 30.000000000000004
1636.4346313097353 30.000000000000004
1636.7209579231921 30.000000000000004
1635.5756514693649 30.000000000000004
1636.7209579231921 30.000000000000004
1637.86626437702 30.000000000000004
1637.579937763563 30.000000000000004
1637.007284536649 30.000000000000004
1637.007284536649 30.000000000000004
1636.7209579231921 30.000000000000004
1637.293611150106 30.000000000000004
1637.007284536649 30.000000000000004
1636.4346313097353 30.000000000000004
1636.7209579231921 30.000000000000004
1637.293611150106 30.000000000000004
1636.7209579231921 30.000000000000004
1637.007284536649 30.000000000000004
1637.007284536649 30.000000000000004
1636.7209579231921 30.000000000000004
1637.86626437702 30.000000000000004
1638.0094276837485 30.000000000000004
1637.4367744568344 30.000000000000004
1636.291468003007 30.000000000000004
1638.0094276837485 30.000000000000004
1637.7231010702915 30.000000000000004
1636.4346313097353 30.000000000000004
1634.1440184020814 30.000000000000004
1634.859834935723 30.000000000000004
1633.7145284818967 30.000000000000004
1633.7145284818967 30.000000000000004
1633.8576917886248 30.000000000000004
1635.0029982424514 30.000000000000004
1637.1504478433776 30.000000000000004
1637.4367744568344 30.000000000000004
1638.1525909904772 30.000000000000004
1638.1525909904772 30.000000000000004
1638.2957542972056 30.000000000000004
1639.87055067122 30.000000000000004
1642.304326885608 30.000000000000004
1645.4539196336427 30.000000000000004
1646.4560627807457 30.000000000000004
1648.3171857682237 30.000000000000004
1649.319328915328 30.000000000000004
1650.464635369162 30.000000000000004
1650.464635369162 30.000000000000004
1651.3236152095374 30.000000000000004
1650.8941252893496 30.000000000000004
1651.1804519028083 30.000000000000004
1651.7531051297256 30.000000000000004
1652.4689216633724 30.000000000000004
1652.7552482768313 30.000000000000004
1652.6120849701017 30.000000000000004
1653.4710648104783 30.000000000000004
1654.0437180373963 30.000000000000004
1654.3300446508554 30.000000000000004
1655.9048410248804 30.000000000000004
1656.0480043316102 30.000000000000004
1656.3343309450693 30.000000000000004
1655.9048410248804 30.000000000000004
1655.3321877979622 30.000000000000004
1654.759534571044 30.000000000000004
1655.9048410248804 30.000000000000004
1656.477494251799 30.000000000000004
1657.336474092177 30.000000000000004
1655.7616777181508 30.000000000000004
1656.477494251799 30.000000000000004
1656.7638208652584 30.000000000000004
1657.1933107854475 30.000000000000004
1657.1933107854475 30.000000000000004
1655.4753511046918 30.000000000000004
1655.6185144114213 30.000000000000004
1655.9048410248804 30.000000000000004
1656.477494251799 30.000000000000004
1657.0501474787177 30.000000000000004
1656.1911676383397 30.000000000000004
1655.0458611845029 30.000000000000004
1655.0458611845029 30.000000000000004
1654.0437180373963 30.000000000000004
1654.6163712643142 30.000000000000004
1654.1868813441258 30.000000000000004
1654.1868813441258 30.000000000000004
1653.4710648104783 30.000000000000004
1654.6163712643142 30.000000000000004
1655.1890244912324 30.000000000000004
1653.6142281172079 30.000000000000004
1652.6120849701017 30.000000000000004
1653.327901503749 30.000000000000004
1653.9005547306667 30.000000000000004
1653.327901503749 30.000000000000004
1653.0415748902901 30.000000000000004
1654.1868813441258 30.000000000000004
1653.7573914239374 30.000000000000004
1650.3214720624326 30.000000000000004
1650.464635369162 30.000000000000004
1651.1804519028083 30.000000000000004
1650.8941252893496 30.000000000000004
1651.1804519028083 30.000000000000004
1651.1804519028083 30.000000000000004
1650.607798675891 30.000000000000004
1650.035145448974 30.000000000000004
1648.4603490749528 30.000000000000004
1647.8876958480364 30.000000000000004
1648.4603490749528 30.000000000000004
1648.7466756884112 30.000000000000004
1649.6056555287862 30.000000000000004
1649.8919821422446 30.000000000000004
1649.6056555287862 30.000000000000004
1650.7509619826203 30.000000000000004
1650.7509619826203 30.000000000000004
1650.464635369162 30.000000000000004
1650.3214720624326 30.000000000000004
1650.8941252893496 30.000000000000004
1652.1825950499137 30.000000000000004
1652.0394317431842 30.000000000000004
1651.6099418229962 30.000000000000004
1651.1804519028083 30.000000000000004
1651.466778516267 30.000000000000004
1652.6120849701017 30.000000000000004
1653.1847381970194 30.000000000000004
1653.9005547306667 30.000000000000004
1654.6163712643142 30.000000000000004
1654.9026978777733 30.000000000000004
1655.9048410248804 30.000000000000004
1657.0501474787177 30.000000000000004
1657.4796373989068 30.000000000000004
1658.1954539325554 30.000000000000004
1658.4817805460152 30.000000000000004
1658.1954539325554 30.000000000000004
1657.7659640123663 30.000000000000004
1657.1933107854475 30.000000000000004
1658.6249438527448 30.000000000000004
1659.197597079664 30.000000000000004
1661.3450466806128 30.000000000000004
1661.7745366008025 30.000000000000004
1662.0608632142626 30.000000000000004
1663.4924962815635 30.000000000000004
1663.7788228950237 30.000000000000004
1664.065149508484 30.000000000000004
1664.3514761219442 30.000000000000004
1666.6420890296286 30.000000000000004
1666.928415643089 30.000000000000004
1667.21474225655 30.000000000000004
1668.0737220969322 30.000000000000004
1668.3600487103931 30.000000000000004
1667.7873954834713 30.000000000000004
1668.3600487103931 30.000000000000004
1668.932701937315 30.000000000000004
1669.219028550776 30.000000000000004
1669.7916817776982 30.000000000000004
1669.7916817776982 30.000000000000004
1669.7916817776982 30.000000000000004
1671.2233148450043 30.000000000000004
1671.9391313786577 30.000000000000004
1673.9434176728887 30.000000000000004
1672.941274525773 30.000000000000004
1673.2276011392346 30.000000000000004
1673.2276011392346 30.000000000000004
1672.7981112190423 30.000000000000004
1672.36862129885 30.000000000000004
1672.2254579921191 30.000000000000004
1673.0844378325037 30.000000000000004
1673.0844378325037 30.000000000000004
1674.3729075930812 30.000000000000004
1674.3729075930812 30.000000000000004
1674.3729075930812 30.000000000000004
1674.2297442863505 30.000000000000004
1675.3750507401978 30.000000000000004
1675.6613773536596 30.000000000000004
1675.9477039671217 30.000000000000004
1674.945560820005 30.000000000000004
1674.3729075930812 30.000000000000004
1674.0865809796196 30.000000000000004
1674.2297442863505 30.000000000000004
1674.945560820005 30.000000000000004
1674.8023975132742 30.000000000000004
1675.3750507401978 30.000000000000004
1675.088724126736 30.000000000000004
1675.9477039671217 30.000000000000004
1675.9477039671217 30.000000000000004
1676.0908672738528 30.000000000000004
1677.0930104209701 30.000000000000004
1677.9519902613567 30.000000000000004
1679.0972967152063 30.000000000000004
1680.2426031690566 30.000000000000004
1681.5310729296389 30.000000000000004
1681.9605628498332 30.000000000000004
1681.6742362363702 30.000000000000004
1682.1037261565648 30.000000000000004
1682.5332160767591 30.000000000000004
1682.5332160767591 30.000000000000004
1682.1037261565648 30.000000000000004
1682.5332160767591 30.000000000000004
1682.2468894632962 30.000000000000004
1682.6763793834905 30.000000000000004
1683.2490326104166 30.000000000000004
1683.2490326104166 30.000000000000004
1682.819542690222 30.000000000000004
1682.819542690222 30.000000000000004
1682.5332160767591 30.000000000000004
1683.821685837343 30.000000000000004
1683.6785225306112 30.000000000000004
1684.1080124508062 30.000000000000004
1684.8238289844644 30.000000000000004
1684.8238289844644 30.000000000000004
1684.8238289844644 30.000000000000004
1685.969135438318 30.000000000000004
1685.969135438318 30.000000000000004
1685.969135438318 30.000000000000004
1686.1122987450499 30.000000000000004
1684.966992291196 30.000000000000004
1685.5396455181228 30.000000000000004
1685.969135438318 30.000000000000004
1686.5417886652451 30.000000000000004
1687.1144418921726 30.000000000000004
1687.543931812368 30.000000000000004
1687.8302584258317 30.000000000000004
1688.1165850392956 30.000000000000004
1687.9734217325638 30.000000000000004
1688.4029116527595 30.000000000000004
1689.2618914931513 30.000000000000004
1689.5482181066154 30.000000000000004
1688.9755648796875 30.000000000000004
1689.8345447200795 30.000000000000004
1690.6935245604723 30.000000000000004
1690.55036125374 30.000000000000004
1690.55036125374 30.000000000000004
1689.9777080268116 30.000000000000004
1689.6913814133475 30.000000000000004
1688.8324015729554 30.000000000000004
1688.4029116527595 30.000000000000004
1688.6892382662234 30.000000000000004
1689.4050547998834 30.000000000000004
1689.8345447200795 30.000000000000004
1689.8345447200795 30.000000000000004
1689.8345447200795 30.000000000000004
1690.1208713335436 30.000000000000004
1690.836687867204 30.000000000000004
1690.6935245604723 30.000000000000004
1690.9798511739364 30.000000000000004
1691.1230144806686 30.000000000000004
1691.9819943210618 30.000000000000004
1692.4114842412584 30.000000000000004
1693.2704640816523 30.000000000000004
1695.1315870691735 30.000000000000004
1695.4179136826388 30.000000000000004
1695.4179136826388 30.000000000000004
1695.7042402961038 30.000000000000004
1695.5610769893713 30.000000000000004
1695.9905669095688 30.000000000000004
1696.563220136499 30.000000000000004
1697.7085265903604 30.000000000000004
1698.5675064307566 30.000000000000004
1699.4264862711534 30.000000000000004
1699.712812884619 30.000000000000004
1700.1423028048177 30.000000000000004
1701.8602624856135 30.000000000000004
1703.0055689394783 30.000000000000004
1703.5782221664108 30.000000000000004
1704.1508753933435 30.000000000000004
1705.4393451539433 30.000000000000004
1705.4393451539433 30.000000000000004
1708.159447981879 30.000000000000004
1708.7321012088134 30.000000000000004
1709.5910810492155 30.000000000000004
1710.7363875030856 30.000000000000004
1711.309040730021 30.000000000000004
1711.8816939569565 30.000000000000004
1713.0270004108281 30.000000000000004
1714.8881233983711 30.000000000000004
1715.7471032387766 30.000000000000004
1717.321899612854 30.000000000000004
1719.0398592936679 30.000000000000004
1720.4714923610138 30.000000000000004
1722.189452041831 30.000000000000004
1722.189452041831 30.000000000000004
1723.62108510918 30.000000000000004
1724.050575029385 30.000000000000004
1724.9095548697953 30.000000000000004
1726.6275145506174 30.000000000000004
1729.2044540718543 30.000000000000004
1730.6360871392098 30.000000000000004
1731.9245568998313 30.000000000000004
1733.4993532739254 30.000000000000004
1734.358333114341 30.000000000000004
1735.2173129547573 30.000000000000004
1736.0762927951741 30.000000000000004
1737.5079258625365 30.000000000000004
1738.3669057029547 30.000000000000004
1738.9395589299002 30.000000000000004
1738.6532323164274 30.000000000000004
1739.7985387703193 30.000000000000004
1741.2301718376852 30.000000000000004
1742.3754782915792 30.000000000000004
1742.6618049050528 30.000000000000004
1743.234458132 30.000000000000004
1744.0934379724217 30.000000000000004
1744.3797645858956 30.000000000000004
1745.238744426318 30.000000000000004
1745.381907733055 30.000000000000004
1745.9545609600036 30.000000000000004
1746.8135408004266 30.000000000000004
1746.8135408004266 30.000000000000004
1746.8135408004266 30.000000000000004
1747.6725206408505 30.000000000000004
1748.5315004812746 30.000000000000004
1749.1041537082247 30.000000000000004
1749.1041537082247 30.000000000000004
1749.6768069351747 30.000000000000004
1749.9631335486497 30.000000000000004
1750.5357867756002 30.000000000000004
1751.1084400025509 30.000000000000004
1751.3947666160261 30.000000000000004
1752.253746456453 30.000000000000004
1753.11272629688 30.000000000000004
1755.1170125912122 30.000000000000004
1756.2623190451175 30.000000000000004
1757.1212988855473 30.000000000000004
1757.4076254990239 30.000000000000004
1758.2666053394541 30.000000000000004
1759.6982384068397 30.000000000000004
1759.6982384068397 30.000000000000004
1759.8414017135783 30.000000000000004
1759.555075100101 30.000000000000004
1759.8414017135783 30.000000000000004
1759.2687484866237 30.000000000000004
1759.2687484866237 30.000000000000004
1759.8414017135783 30.000000000000004
1759.8414017135783 30.000000000000004
1760.4140549405329 30.000000000000004
1760.4140549405329 30.000000000000004
1761.2730347809652 30.000000000000004
1761.8456880079204 30.000000000000004
1762.275177928137 30.000000000000004
1763.2773210753096 30.000000000000004
1764.4226275292222 30.000000000000004
1764.136300915744 30.000000000000004
1764.136300915744 30.000000000000004
1764.4226275292222 30.000000000000004
1764.4226275292222 30.000000000000004
1764.5657908359613 30.000000000000004
1765.138444062918 30.000000000000004
1766.4269138235713 30.000000000000004
1766.71324043705 30.000000000000004
1768.001710197705 30.000000000000004
1768.1448735044446 30.000000000000004
1768.4312001179237 30.000000000000004
1768.8606900381424 30.000000000000004
1770.00599649206 30.000000000000004
1769.7196698785806 30.000000000000004
1769.7196698785806 30.000000000000004
1770.8649763324988 30.000000000000004
1770.8649763324988 30.000000000000004
1771.723956172938 30.000000000000004
1772.582936013378 30.000000000000004
1773.1555892403383 30.000000000000004
1773.4419158538185 30.000000000000004
1774.3008956942597 30.000000000000004
1774.58722230774 30.000000000000004
1774.8735489212206 30.000000000000004
1775.1598755347013 30.000000000000004
1775.446202148182 30.000000000000004
1775.7325287616627 30.000000000000004
1775.7325287616627 30.000000000000004
1775.8756920684032 30.000000000000004
1776.448345295365 30.000000000000004
1776.448345295365 30.000000000000004
1776.734671908846 30.000000000000004
1776.734671908846 30.000000000000004
1776.734671908846 30.000000000000004
1776.734671908846 30.000000000000004
1777.0209985223269 30.000000000000004
1777.0209985223269 30.000000000000004
1777.0209985223269 30.000000000000004
1777.1641618290676 30.000000000000004
1777.1641618290676 30.000000000000004
1777.1641618290676 30.000000000000004
1777.1641618290676 30.000000000000004
1777.4504884425487 30.000000000000004
1777.4504884425487 30.000000000000004
1777.1641618290676 30.000000000000004
1777.1641618290676 30.000000000000004
1777.4504884425487 30.000000000000004
1777.1641618290676 30.000000000000004
1777.1641618290676 30.000000000000004
1776.8778352155864 30.000000000000004
1776.8778352155864 30.000000000000004
1776.8778352155864 30.000000000000004
1776.8778352155864 30.000000000000004
1776.5915086021055 30.000000000000004
1776.5915086021055 30.000000000000004
1776.5915086021055 30.000000000000004
1776.5915086021055 30.000000000000004
1776.0188553751436 30.000000000000004
1776.3051819886246 30.000000000000004
1775.7325287616627 30.000000000000004
1775.7325287616627 30.000000000000004
1776.0188553751436 30.000000000000004
1776.0188553751436 30.000000000000004
1776.5915086021055 30.000000000000004
1776.5915086021055 30.000000000000004
1776.5915086021055 30.000000000000004
1777.4504884425487 30.000000000000004
1778.0231416695112 30.000000000000004
1777.8799783627705 30.000000000000004
1778.166304976252 30.000000000000004
1778.166304976252 30.000000000000004
1778.4526315897333 30.000000000000004
1778.4526315897333 30.000000000000004
1778.166304976252 30.000000000000004
1778.166304976252 30.000000000000004
1778.4526315897333 30.000000000000004
1778.4526315897333 30.000000000000004
1778.4526315897333 30.000000000000004
1778.4526315897333 30.000000000000004
1778.4526315897333 30.000000000000004
1777.8799783627705 30.000000000000004
1777.8799783627705 30.000000000000004
1778.7389582032147 30.000000000000004
1778.7389582032147 30.000000000000004
1778.7389582032147 30.000000000000004
1778.4526315897333 30.000000000000004
1778.4526315897333 30.000000000000004
1778.4526315897333 30.000000000000004
1778.7389582032147 30.000000000000004
1778.166304976252 30.000000000000004
1778.4526315897333 30.000000000000004
1778.4526315897333 30.000000000000004
1778.4526315897333 30.000000000000004
1778.4526315897333 30.000000000000004
1778.4526315897333 30.000000000000004
1778.166304976252 30.000000000000004
1778.166304976252 30.000000000000004
1778.4526315897333 30.000000000000004
1778.7389582032147 30.000000000000004
1778.4526315897333 30.000000000000004
1778.4526315897333 30.000000000000004
1778.166304976252 30.000000000000004
1778.166304976252 30.000000000000004
1778.7389582032147 30.000000000000004
1778.7389582032147 30.000000000000004
1779.311611430178 30.000000000000004
1779.8842646571413 30.000000000000004
1779.5979380436595 30.000000000000004
1779.8842646571413 30.000000000000004
1779.8842646571413 30.000000000000004
1779.8842646571413 30.000000000000004
1779.8842646571413 30.000000000000004
1779.5979380436595 30.000000000000004
1779.5979380436595 30.000000000000004
1779.5979380436595 30.000000000000004
1779.5979380436595 30.000000000000004
1779.8842646571413 30.000000000000004
1779.8842646571413 30.000000000000004
1779.8842646571413 30.000000000000004
1779.8842646571413 30.000000000000004
1780.170591270623 30.000000000000004
1780.170591270623 30.000000000000004
1780.170591270623 30.000000000000004
1780.170591270623 30.000000000000004
1779.5979380436595 30.000000000000004
1779.0252848166963 30.000000000000004
1778.7389582032147 30.000000000000004
1777.8799783627705 30.000000000000004
1777.4504884425487 30.000000000000004
1777.1641618290676 30.000000000000004
1777.4504884425487 30.000000000000004
1776.8778352155864 30.000000000000004
1776.5915086021055 30.000000000000004
1776.0188553751436 30.000000000000004
1775.7325287616627 30.000000000000004
1775.7325287616627 30.000000000000004
1775.446202148182 30.000000000000004
1775.1598755347013 30.000000000000004
1774.8735489212206 30.000000000000004
1774.8735489212206 30.000000000000004
1774.58722230774 30.000000000000004
1774.58722230774 30.000000000000004
1773.7282424672987 30.000000000000004
1773.7282424672987 30.000000000000004
1773.1555892403383 30.000000000000004
1772.296609399898 30.000000000000004
1772.010282786418 30.000000000000004
1771.723956172938 30.000000000000004
1771.4376295594582 30.000000000000004
1771.4376295594582 30.000000000000004
1771.4376295594582 30.000000000000004
1771.723956172938 30.000000000000004
1772.582936013378 30.000000000000004
1772.582936013378 30.000000000000004
1773.1555892403383 30.000000000000004
1772.582936013378 30.000000000000004
1773.1555892403383 30.000000000000004
1773.4419158538185 30.000000000000004
1773.4419158538185 30.000000000000004
1773.4419158538185 30.000000000000004
1773.1555892403383 30.000000000000004
1772.869262626858 30.000000000000004
1772.869262626858 30.000000000000004
1772.582936013378 30.000000000000004
1772.582936013378 30.000000000000004
1772.439772706638 30.000000000000004
1772.153446093158 30.000000000000004
1772.010282786418 30.000000000000004
1772.010282786418 30.000000000000004
1771.723956172938 30.000000000000004
1771.723956172938 30.000000000000004
1772.010282786418 30.000000000000004
1772.010282786418 30.000000000000004
1772.010282786418 30.000000000000004
1772.010282786418 30.000000000000004
1771.723956172938 30.000000000000004
1771.5807928661982 30.000000000000004
1770.7218130257588 30.000000000000004
1770.4354864122793 30.000000000000004
1769.8628331853201 30.000000000000004
1769.7196698785806 30.000000000000004
1770.00599649206 30.000000000000004
1770.2923231055395 30.000000000000004
1770.00599649206 30.000000000000004
1770.00599649206 30.000000000000004
1770.00599649206 30.000000000000004
1770.00599649206 30.000000000000004
1770.00599649206 30.000000000000004
1770.00599649206 30.000000000000004
1770.00599649206 30.000000000000004
1770.00599649206 30.000000000000004
1770.00599649206 30.000000000000004
1769.7196698785806 30.000000000000004
1770.00599649206 30.000000000000004
1771.1513029459784 30.000000000000004
1770.8649763324988 30.000000000000004
1770.8649763324988 30.000000000000004
1770.8649763324988 30.000000000000004
1770.8649763324988 30.000000000000004
1770.8649763324988 30.000000000000004
1770.578649719019 30.000000000000004
1770.2923231055395 30.000000000000004
1770.2923231055395 30.000000000000004
1770.2923231055395 30.000000000000004
1769.7196698785806 30.000000000000004
1769.7196698785806 30.000000000000004
1769.7196698785806 30.000000000000004
1769.433343265101 30.000000000000004
1769.7196698785806 30.000000000000004
1770.00599649206 30.000000000000004
1770.2923231055395 30.000000000000004
1770.00599649206 30.000000000000004
1770.00599649206 30.000000000000004
1770.00599649206 30.000000000000004
1770.00599649206 30.000000000000004
1770.00599649206 30.000000000000004
1769.5765065718408 30.000000000000004
1769.433343265101 30.000000000000004
1769.147016651622 30.000000000000004
1769.147016651622 30.000000000000004
1768.8606900381424 30.000000000000004
1768.8606900381424 30.000000000000004
1768.5743634246633 30.000000000000004
1768.5743634246633 30.000000000000004
1768.5743634246633 30.000000000000004
1768.001710197705 30.000000000000004
1768.001710197705 30.000000000000004
1767.715383584226 30.000000000000004
1767.429056970747 30.000000000000004
1767.2858936640077 30.000000000000004
1766.9995670505289 30.000000000000004
1766.4269138235713 30.000000000000004
1766.4269138235713 30.000000000000004
1766.4269138235713 30.000000000000004
1765.4247706763963 30.000000000000004
1764.8521174494394 30.000000000000004
1764.8521174494394 30.000000000000004
1765.138444062918 30.000000000000004
1764.5657908359613 30.000000000000004
1764.5657908359613 30.000000000000004
1764.5657908359613 30.000000000000004
1764.5657908359613 30.000000000000004
1764.279464222483 30.000000000000004
1764.279464222483 30.000000000000004
1763.9931376090049 30.000000000000004
1763.9931376090049 30.000000000000004
1763.7068109955267 30.000000000000004
1763.4204843820487 30.000000000000004
1762.8478311550925 30.000000000000004
1762.5615045416148 30.000000000000004
1762.5615045416148 30.000000000000004
1762.418341234876 30.000000000000004
1762.418341234876 30.000000000000004
1762.1320146213982 30.000000000000004
1762.1320146213982 30.000000000000004
1761.2730347809652 30.000000000000004
1760.7003815540102 30.000000000000004
1760.7003815540102 30.000000000000004
1760.4140549405329 30.000000000000004
1760.4140549405329 30.000000000000004
1760.4140549405329 30.000000000000004
1760.1277283270556 30.000000000000004
1759.8414017135783 30.000000000000004
1759.8414017135783 30.000000000000004
1759.555075100101 30.000000000000004
1759.555075100101 30.000000000000004
1759.555075100101 30.000000000000004
1759.2687484866237 30.000000000000004
1758.6960952596696 30.000000000000004
1758.6960952596696 30.000000000000004
