mLSHADE-RL
1528.4894980381982 30.000000000000004
1541.3741956434312 30.000000000000004
1443.164167230262 30.000000000000004
1441.1598809361083 30.000000000000004
1409.0913002295408 30.000000000000004
1423.9802841290466 30.000000000000004
1392.198030035799 30.000000000000004
1394.774969556884 30.000000000000004
1399.642521985594 30.000000000000004
1377.595372749613 30.000000000000004
1381.603945337985 30.000000000000004
1373.873126774691 30.000000000000004
1383.0355784052592 30.000000000000004
1371.8688404805002 30.000000000000004
1387.6168042205327 30.000000000000004
1374.1594533881466 30.000000000000004
1385.0398646994422 30.000000000000004
1405.3690542546556 30.000000000000004
1392.198030035799 30.000000000000004
1403.078441347032 30.000000000000004
1392.770683262707 30.000000000000004
1405.9417074815613 30.000000000000004
1401.3604816663133 30.000000000000004
1409.0913002295408 30.000000000000004
1410.8092599102558 30.000000000000004
1408.232320389183 30.000000000000004
1412.2408929775177 30.000000000000004
1408.232320389183 30.000000000000004
1413.0998728178747 30.000000000000004
1407.6596671622776 30.000000000000004
1409.3776268429933 30.000000000000004
1412.5272195909702 30.000000000000004
1407.6596671622776 30.000000000000004
1411.668239750613 30.000000000000004
1407.373340548825 30.000000000000004
1408.5186470026356 30.000000000000004
1403.364767960485 30.000000000000004
1407.6596671622776 30.000000000000004
1407.0870139353724 30.000000000000004
1404.223747800844 30.000000000000004
1409.3776268429933 30.000000000000004
1403.937421187391 30.000000000000004
1403.651094573938 30.000000000000004
1400.5015018259537 30.000000000000004
1407.9459937757304 30.000000000000004
1414.2451792716836 30.000000000000004
1411.668239750613 30.000000000000004
1422.5486510617886 30.000000000000004
1416.5357921793004 30.000000000000004
1431.7111026922316 30.000000000000004
1438.8692680285033 30.000000000000004
1431.7111026922316 30.000000000000004
1440.014574482306 30.000000000000004
1432.5700825325846 30.000000000000004
1440.014574482306 30.000000000000004
1434.5743688267414 30.000000000000004
1438.296614801602 30.000000000000004
1438.5829414150526 30.000000000000004
1433.7153889863887 30.000000000000004
1437.4376349612498 30.000000000000004
1432.8564091460357 30.000000000000004
1434.8606954401923 30.000000000000004
1436.0060018939957 30.000000000000004
1434.0017155998396 30.000000000000004
1433.1427357594866 30.000000000000004
1431.7111026922316 30.000000000000004
1433.1427357594866 30.000000000000004
1434.0017155998396 30.000000000000004
1430.565796238427 30.000000000000004
1431.7111026922316 30.000000000000004
1428.2751833308175 30.000000000000004
1428.84783655772 30.000000000000004
1429.4204897846225 30.000000000000004
1426.2708970366582 30.000000000000004
1427.702530103915 30.000000000000004
1425.411917196304 30.000000000000004
1427.702530103915 30.000000000000004
1427.4162034904637 30.000000000000004
1424.5529373559496 30.000000000000004
1425.6982438097555 30.000000000000004
1420.5443647676268 30.000000000000004
1423.693957515595 30.000000000000004
1423.4076309021434 30.000000000000004
1420.8306913810786 30.000000000000004
1420.5443647676268 30.000000000000004
1419.6853849272716 30.000000000000004
1418.540078473464 30.000000000000004
1417.1084454062045 30.000000000000004
1415.10415911204 30.000000000000004
1415.3904857254922 30.000000000000004
1412.2408929775177 30.000000000000004
1411.9545663640654 30.000000000000004
1413.6725260447793 30.000000000000004
1411.0955865237083 30.000000000000004
1412.8135462044224 30.000000000000004
1417.1084454062045 30.000000000000004
1415.3904857254922 30.000000000000004
1415.9631389523963 30.000000000000004
1412.8135462044224 30.000000000000004
1415.9631389523963 30.000000000000004
1416.8221187927525 30.000000000000004
1414.817832498588 30.000000000000004
1417.1084454062045 30.000000000000004
1416.5357921793004 30.000000000000004
1418.2537518600122 30.000000000000004
1419.3990583138198 30.000000000000004
1418.2537518600122 30.000000000000004
1421.403344607982 30.000000000000004
1422.8349776752402 30.000000000000004
1421.6896712214339 30.000000000000004
1424.8392639694011 30.000000000000004
1422.5486510617886 30.000000000000004
1425.6982438097555 30.000000000000004
1426.843550263561 30.000000000000004
1426.2708970366582 30.000000000000004
1427.4162034904637 30.000000000000004
1425.9845704232068 30.000000000000004
1424.8392639694011 30.000000000000004
1429.1341631711714 30.000000000000004
1427.9888567173664 30.000000000000004
1429.4204897846225 30.000000000000004
1431.4247760787805 30.000000000000004
1428.561509944269 30.000000000000004
1430.565796238427 30.000000000000004
1431.9974293056825 30.000000000000004
1431.7111026922316 30.000000000000004
1431.4247760787805 30.000000000000004
1427.9888567173664 30.000000000000004
1429.1341631711714 30.000000000000004
1432.8564091460357 30.000000000000004
1429.7068163980737 30.000000000000004
1434.8606954401923 30.000000000000004
1438.8692680285033 30.000000000000004
1438.0102881881512 30.000000000000004
1441.446207549559 30.000000000000004
1444.5958002975142 30.000000000000004
1442.591514003361 30.000000000000004
1445.7411067513156 30.000000000000004
1446.0274333647658 30.000000000000004
1443.7368204571628 30.000000000000004
1444.5958002975142 30.000000000000004
1443.4504938437124 30.000000000000004
1446.0274333647658 30.000000000000004
1447.4590664320174 30.000000000000004
1446.6000865916665 30.000000000000004
1449.749679339619 30.000000000000004
1452.6129454741201 30.000000000000004
1451.46763902032 30.000000000000004
1452.8992720875701 30.000000000000004
1458.6258043565688 30.000000000000004
1457.1941712893195 30.000000000000004
1460.3437640372674 30.000000000000004
1462.6343769448654 30.000000000000004
1461.7753971045163 30.000000000000004
1463.779683398664 30.000000000000004
1465.4976430793618 30.000000000000004
1464.6386632390129 30.000000000000004
1467.2156027600593 30.000000000000004
1470.0788688945545 30.000000000000004
1469.219889054206 30.000000000000004
1473.8011148693972 30.000000000000004
1475.232747936644 30.000000000000004
1473.514788255948 30.000000000000004
1475.5190745500936 30.000000000000004
1478.382340684587 30.000000000000004
1476.0917277769922 30.000000000000004
1476.0917277769922 30.000000000000004
1475.805401163543 30.000000000000004
1475.232747936644 30.000000000000004
1476.9507076173402 30.000000000000004
1476.6643810038909 30.000000000000004
1473.514788255948 30.000000000000004
1475.5190745500936 30.000000000000004
1477.2370342307897 30.000000000000004
1475.805401163543 30.000000000000004
1477.2370342307897 30.000000000000004
1478.0960140711377 30.000000000000004
1478.0960140711377 30.000000000000004
1478.0960140711377 30.000000000000004
1479.527647138384 30.000000000000004
1478.0960140711377 30.000000000000004
1478.382340684587 30.000000000000004
1478.0960140711377 30.000000000000004
1476.9507076173402 30.000000000000004
1476.3780543904415 30.000000000000004
1476.6643810038909 30.000000000000004
1475.5190745500936 30.000000000000004
1475.805401163543 30.000000000000004
1474.9464213231947 30.000000000000004
1474.6600947097454 30.000000000000004
1473.8011148693972 30.000000000000004
1472.6558084155995 30.000000000000004
1471.5105019618018 30.000000000000004
1470.6515221214534 30.000000000000004
1470.6515221214534 30.000000000000004
1469.792542281105 30.000000000000004
1470.0788688945545 30.000000000000004
1470.365195508004 30.000000000000004
1469.792542281105 30.000000000000004
1468.647235827307 30.000000000000004
1468.647235827307 30.000000000000004
1468.9335624407565 30.000000000000004
1468.074582600408 30.000000000000004
1466.9292761466097 30.000000000000004
1466.070296306261 30.000000000000004
1466.070296306261 30.000000000000004
1466.070296306261 30.000000000000004
1466.6429495331602 30.000000000000004
1465.4976430793618 30.000000000000004
1465.2113164659122 30.000000000000004
1464.3523366255633 30.000000000000004
1463.779683398664 30.000000000000004
1463.2070301717647 30.000000000000004
1463.2070301717647 30.000000000000004
1463.4933567852142 30.000000000000004
1463.2070301717647 30.000000000000004
1463.779683398664 30.000000000000004
1464.0660100121136 30.000000000000004
1463.4933567852142 30.000000000000004
1463.4933567852142 30.000000000000004
1463.2070301717647 30.000000000000004
1462.6343769448654 30.000000000000004
1462.3480503314156 30.000000000000004
1462.0617237179658 30.000000000000004
1460.916417264167 30.000000000000004
1460.916417264167 30.000000000000004
1460.6300906507172 30.000000000000004
1460.6300906507172 30.000000000000004
1460.916417264167 30.000000000000004
1460.6300906507172 30.000000000000004
1460.3437640372674 30.000000000000004
1459.7711108103679 30.000000000000004
1458.9121309700186 30.000000000000004
1457.7668245162192 30.000000000000004
1456.9078446758697 30.000000000000004
1457.4804979027692 30.000000000000004
1457.4804979027692 30.000000000000004
1457.4804979027692 30.000000000000004
1456.3351914489697 30.000000000000004
1456.6215180624197 30.000000000000004
1455.76253822207 30.000000000000004
1456.04886483552 30.000000000000004
1455.1898849951701 30.000000000000004
1454.3309051548201 30.000000000000004
1453.4719253144701 30.000000000000004
1452.8992720875701 30.000000000000004
1453.0424353942951 30.000000000000004
1452.4697821673951 30.000000000000004
1451.897128940495 30.000000000000004
1452.7561087808451 30.000000000000004
1452.1834555539451 30.000000000000004
1451.897128940495 30.000000000000004
1451.3244757135947 30.000000000000004
1449.606516032894 30.000000000000004
1448.7475361925435 30.000000000000004
1448.7475361925435 30.000000000000004
1448.6043728858183 30.000000000000004
1448.318046272368 30.000000000000004
1448.0317196589178 30.000000000000004
1446.6000865916665 30.000000000000004
1446.886413205117 30.000000000000004
1446.0274333647658 30.000000000000004
1445.1684535244149 30.000000000000004
1444.8821269109644 30.000000000000004
1444.8821269109644 30.000000000000004
1443.7368204571628 30.000000000000004
1441.7325341630094 30.000000000000004
1440.8735543226576 30.000000000000004
1439.4419212554046 30.000000000000004
1438.8692680285033 30.000000000000004
1438.8692680285033 30.000000000000004
1438.5829414150526 30.000000000000004
1438.0102881881512 30.000000000000004
1438.296614801602 30.000000000000004
1438.0102881881512 30.000000000000004
1437.7239615747005 30.000000000000004
1437.151308347799 30.000000000000004
1437.151308347799 30.000000000000004
1437.151308347799 30.000000000000004
1437.580798267975 30.000000000000004
1437.2944716545244 30.000000000000004
1437.2944716545244 30.000000000000004
1437.580798267975 30.000000000000004
1436.8649817343482 30.000000000000004
1436.5786551208973 30.000000000000004
1437.151308347799 30.000000000000004
1436.7218184276228 30.000000000000004
1436.2923285074467 30.000000000000004
1435.4333486670942 30.000000000000004
1435.1470220536432 30.000000000000004
1435.5765119738196 30.000000000000004
1435.5765119738196 30.000000000000004
1436.1491652007212 30.000000000000004
1435.8628385872703 30.000000000000004
1435.8628385872703 30.000000000000004
1435.1470220536432 30.000000000000004
1435.7196752805448 30.000000000000004
1435.4333486670942 30.000000000000004
1434.8606954401923 30.000000000000004
1435.1470220536432 30.000000000000004
1435.1470220536432 30.000000000000004
1435.1470220536432 30.000000000000004
1434.0017155998396 30.000000000000004
1432.5700825325846 30.000000000000004
1431.7111026922316 30.000000000000004
1430.8521228518782 30.000000000000004
1429.9931430115248 30.000000000000004
1429.9931430115248 30.000000000000004
1429.7068163980737 30.000000000000004
1429.2773264778968 30.000000000000004
1429.8499797047994 30.000000000000004
1429.563653091348 30.000000000000004
1428.9909998644457 30.000000000000004
1428.9909998644457 30.000000000000004
1429.563653091348 30.000000000000004
1429.2773264778968 30.000000000000004
1428.1320200240918 30.000000000000004
1427.8456934106407 30.000000000000004
1427.273040183738 30.000000000000004
1426.7003869568352 30.000000000000004
1426.7003869568352 30.000000000000004
1427.273040183738 30.000000000000004
1427.8456934106407 30.000000000000004
1427.5593667971893 30.000000000000004
1426.9867135702866 30.000000000000004
1426.9867135702866 30.000000000000004
1426.1277337299325 30.000000000000004
1426.1277337299325 30.000000000000004
1425.2687538895782 30.000000000000004
1424.6961006626755 30.000000000000004
1423.2644675954177 30.000000000000004
1422.6918143685145 30.000000000000004
1422.6918143685145 30.000000000000004
1423.2644675954177 30.000000000000004
1422.9781409819661 30.000000000000004
1422.1191611416111 30.000000000000004
1421.8328345281595 30.000000000000004
1420.6875280743527 30.000000000000004
1420.1148748474493 30.000000000000004
1419.8285482339975 30.000000000000004
1419.5422216205457 30.000000000000004
1418.969568393642 30.000000000000004
1418.3969151667382 30.000000000000004
1418.1105885532863 30.000000000000004
1418.1105885532863 30.000000000000004
1417.8242619398343 30.000000000000004
1416.9652820994784 30.000000000000004
1416.6789554860266 30.000000000000004
1417.2516087129304 30.000000000000004
1416.6789554860266 30.000000000000004
1415.247322418766 30.000000000000004
1415.5336490322181 30.000000000000004
1416.9652820994784 30.000000000000004
1416.6789554860266 30.000000000000004
1415.8199756456702 30.000000000000004
1415.8199756456702 30.000000000000004
1415.247322418766 30.000000000000004
1415.8199756456702 30.000000000000004
1416.1063022591225 30.000000000000004
1414.960995805314 30.000000000000004
1414.6746691918618 30.000000000000004
1414.6746691918618 30.000000000000004
1413.8156893515052 30.000000000000004
1413.2430361246008 30.000000000000004
1412.9567095111486 30.000000000000004
1413.5293627380531 30.000000000000004
1413.5293627380531 30.000000000000004
1413.5293627380531 30.000000000000004
1412.9567095111486 30.000000000000004
1412.384056284244 30.000000000000004
1412.0977296707915 30.000000000000004
1412.0977296707915 30.000000000000004
1412.0977296707915 30.000000000000004
1411.2387498304345 30.000000000000004
1410.952423216982 30.000000000000004
1411.525076443887 30.000000000000004
1411.2387498304345 30.000000000000004
1410.3797699900772 30.000000000000004
1409.8071167631722 30.000000000000004
1409.2344635362672 30.000000000000004
1408.9481369228145 30.000000000000004
1409.5207901497197 30.000000000000004
1409.8071167631722 30.000000000000004
1409.2344635362672 30.000000000000004
1409.8071167631722 30.000000000000004
1410.0934433766247 30.000000000000004
1410.0934433766247 30.000000000000004
1409.8071167631722 30.000000000000004
1410.0934433766247 30.000000000000004
1410.0934433766247 30.000000000000004
1410.0934433766247 30.000000000000004
1409.5207901497197 30.000000000000004
1409.8071167631722 30.000000000000004
1410.0934433766247 30.000000000000004
1409.8071167631722 30.000000000000004
1409.5207901497197 30.000000000000004
1408.9481369228145 30.000000000000004
1408.8049736160883 30.000000000000004
1408.8049736160883 30.000000000000004
1408.232320389183 30.000000000000004
1408.232320389183 30.000000000000004
1408.0891570824567 30.000000000000004
1408.3754836959092 30.000000000000004
1408.3754836959092 30.000000000000004
1408.0891570824567 30.000000000000004
1408.3754836959092 30.000000000000004
1408.9481369228145 30.000000000000004
1408.3754836959092 30.000000000000004
1408.5186470026356 30.000000000000004
1408.5186470026356 30.000000000000004
1408.9481369228145 30.000000000000004
1408.8049736160883 30.000000000000004
1408.8049736160883 30.000000000000004
1408.8049736160883 30.000000000000004
1408.8049736160883 30.000000000000004
1408.661810309362 30.000000000000004
1408.3754836959092 30.000000000000004
1409.5207901497197 30.000000000000004
1409.0913002295408 30.000000000000004
1409.3776268429933 30.000000000000004
1409.0913002295408 30.000000000000004
1409.9502800698983 30.000000000000004
1409.9502800698983 30.000000000000004
1409.2344635362672 30.000000000000004
1409.0913002295408 30.000000000000004
1408.5186470026356 30.000000000000004
1408.232320389183 30.000000000000004
1408.232320389183 30.000000000000004
1408.5186470026356 30.000000000000004
1408.5186470026356 30.000000000000004
1408.8049736160883 30.000000000000004
1408.5186470026356 30.000000000000004
1408.8049736160883 30.000000000000004
1408.8049736160883 30.000000000000004
1408.8049736160883 30.000000000000004
1409.0913002295408 30.000000000000004
1409.0913002295408 30.000000000000004
1409.0913002295408 30.000000000000004
1409.3776268429933 30.000000000000004
1409.0913002295408 30.000000000000004
1409.0913002295408 30.000000000000004
1408.232320389183 30.000000000000004
1407.6596671622776 30.000000000000004
1408.232320389183 30.000000000000004
1408.5186470026356 30.000000000000004
1408.8049736160883 30.000000000000004
1410.5229332968033 30.000000000000004
1410.8092599102558 30.000000000000004
1411.525076443887 30.000000000000004
1411.525076443887 30.000000000000004
1411.525076443887 30.000000000000004
1411.2387498304345 30.000000000000004
1411.525076443887 30.000000000000004
1411.525076443887 30.000000000000004
1411.8114030573392 30.000000000000004
1411.8114030573392 30.000000000000004
1411.8114030573392 30.000000000000004
1411.3819131371606 30.000000000000004
1410.8092599102558 30.000000000000004
1410.2366066833508 30.000000000000004
1410.2366066833508 30.000000000000004
1410.2366066833508 30.000000000000004
1410.5229332968033 30.000000000000004
1410.3797699900772 30.000000000000004
1410.6660966035297 30.000000000000004
1411.2387498304345 30.000000000000004
1410.952423216982 30.000000000000004
1411.525076443887 30.000000000000004
1411.525076443887 30.000000000000004
1411.525076443887 30.000000000000004
1411.2387498304345 30.000000000000004
1411.2387498304345 30.000000000000004
1410.6660966035297 30.000000000000004
1410.3797699900772 30.000000000000004
1410.0934433766247 30.000000000000004
1410.3797699900772 30.000000000000004
1410.3797699900772 30.000000000000004
1410.3797699900772 30.000000000000004
1410.0934433766247 30.000000000000004
1409.8071167631722 30.000000000000004
1410.0934433766247 30.000000000000004
1410.6660966035297 30.000000000000004
1410.952423216982 30.000000000000004
1410.6660966035297 30.000000000000004
1410.0934433766247 30.000000000000004
1409.5207901497197 30.000000000000004
1409.8071167631722 30.000000000000004
1409.2344635362672 30.000000000000004
1409.2344635362672 30.000000000000004
1409.5207901497197 30.000000000000004
1409.5207901497197 30.000000000000004
1409.2344635362672 30.000000000000004
1409.5207901497197 30.000000000000004
1409.5207901497197 30.000000000000004
1411.2387498304345 30.000000000000004
1410.952423216982 30.000000000000004
1411.2387498304345 30.000000000000004
1411.525076443887 30.000000000000004
1412.0977296707915 30.000000000000004
1411.8114030573392 30.000000000000004
1412.384056284244 30.000000000000004
1412.384056284244 30.000000000000004
1411.2387498304345 30.000000000000004
1410.952423216982 30.000000000000004
1411.8114030573392 30.000000000000004
1412.0977296707915 30.000000000000004
1412.0977296707915 30.000000000000004
1411.8114030573392 30.000000000000004
1411.8114030573392 30.000000000000004
1411.8114030573392 30.000000000000004
1412.0977296707915 30.000000000000004
1412.0977296707915 30.000000000000004
1411.8114030573392 30.000000000000004
1411.8114030573392 30.000000000000004
1411.8114030573392 30.000000000000004
1412.9567095111486 30.000000000000004
1413.5293627380531 30.000000000000004
1413.2430361246008 30.000000000000004
1413.8156893515052 30.000000000000004
1414.1020159649574 30.000000000000004
1414.6746691918618 30.000000000000004
1414.960995805314 30.000000000000004
1415.5336490322181 30.000000000000004
1415.5336490322181 30.000000000000004
1416.3926288725745 30.000000000000004
1416.6789554860266 30.000000000000004
1417.8242619398343 30.000000000000004
1418.1105885532863 30.000000000000004
1418.3969151667382 30.000000000000004
1418.6832417801902 30.000000000000004
1418.6832417801902 30.000000000000004
1418.969568393642 30.000000000000004
1419.2558950070938 30.000000000000004
1419.5422216205457 30.000000000000004
1419.8285482339975 30.000000000000004
1419.5422216205457 30.000000000000004
1418.969568393642 30.000000000000004
1420.1148748474493 30.000000000000004
1420.1148748474493 30.000000000000004
1420.9738546878045 30.000000000000004
1421.546507914708 30.000000000000004
1421.2601813012561 30.000000000000004
1420.6875280743527 30.000000000000004
1421.8328345281595 30.000000000000004
1421.8328345281595 30.000000000000004
1421.2601813012561 30.000000000000004
1421.9759978348854 30.000000000000004
1422.5486510617886 30.000000000000004
1422.262324448337 30.000000000000004
1423.4076309021434 30.000000000000004
1423.5507942088693 30.000000000000004
1423.5507942088693 30.000000000000004
1424.6961006626755 30.000000000000004
1424.4097740492239 30.000000000000004
1424.1234474357723 30.000000000000004
1425.6982438097555 30.000000000000004
1426.9867135702866 30.000000000000004
1427.4162034904637 30.000000000000004
1426.843550263561 30.000000000000004
1426.9867135702866 30.000000000000004
1427.273040183738 30.000000000000004
1427.1298768770123 30.000000000000004
1427.5593667971893 30.000000000000004
1426.9867135702866 30.000000000000004
1428.4183466375432 30.000000000000004
1428.561509944269 30.000000000000004
1429.7068163980737 30.000000000000004
1430.4226329317016 30.000000000000004
1431.7111026922316 30.000000000000004
1432.2837559191337 30.000000000000004
1431.9974293056825 30.000000000000004
1433.7153889863887 30.000000000000004
1434.0017155998396 30.000000000000004
1434.8606954401923 30.000000000000004
1435.0038587469178 30.000000000000004
1435.2901853603687 30.000000000000004
1435.5765119738196 30.000000000000004
1436.0060018939957 30.000000000000004
1437.151308347799 30.000000000000004
1436.8649817343482 30.000000000000004
1438.0102881881512 30.000000000000004
1438.0102881881512 30.000000000000004
1438.0102881881512 30.000000000000004
1438.0102881881512 30.000000000000004
1438.5829414150526 30.000000000000004
1439.0124313352287 30.000000000000004
1438.4397781083273 30.000000000000004
1439.0124313352287 30.000000000000004
1439.2987579486794 30.000000000000004
1438.1534514948767 30.000000000000004
1438.4397781083273 30.000000000000004
1440.014574482306 30.000000000000004
1440.3009010957564 30.000000000000004
1440.7303910159324 30.000000000000004
1441.016717629383 30.000000000000004
1441.1598809361083 30.000000000000004
1441.446207549559 30.000000000000004
1443.0210039235367 30.000000000000004
1443.0210039235367 30.000000000000004
1444.452636990789 30.000000000000004
1443.879983763888 30.000000000000004
1444.452636990789 30.000000000000004
1444.5958002975142 30.000000000000004
1445.0252902176896 30.000000000000004
1446.6000865916665 30.000000000000004
1446.7432498983917 30.000000000000004
1446.886413205117 30.000000000000004
1447.7453930454676 30.000000000000004
1447.8885563521928 30.000000000000004
1448.7475361925435 30.000000000000004
1450.7518224866944 30.000000000000004
1450.1791692597942 30.000000000000004
1450.6086591799694 30.000000000000004
1450.7518224866944 30.000000000000004
1450.7518224866944 30.000000000000004
1451.0381491001447 30.000000000000004
1452.6129454741201 30.000000000000004
1452.7561087808451 30.000000000000004
1452.4697821673951 30.000000000000004
1453.0424353942951 30.000000000000004
1453.6150886211951 30.000000000000004
1454.0445785413701 30.000000000000004
1454.3309051548201 30.000000000000004
1455.47621160862 30.000000000000004
1455.47621160862 30.000000000000004
1456.04886483552 30.000000000000004
1455.47621160862 30.000000000000004
1454.9035583817201 30.000000000000004
1454.9035583817201 30.000000000000004
1454.3309051548201 30.000000000000004
1455.1898849951701 30.000000000000004
1454.9035583817201 30.000000000000004
1456.3351914489697 30.000000000000004
1456.6215180624197 30.000000000000004
1455.76253822207 30.000000000000004
1455.1898849951701 30.000000000000004
1455.47621160862 30.000000000000004
1454.9035583817201 30.000000000000004
1455.3330483018951 30.000000000000004
1455.619374915345 30.000000000000004
1455.619374915345 30.000000000000004
1455.3330483018951 30.000000000000004
1455.76253822207 30.000000000000004
1455.1898849951701 30.000000000000004
1455.1898849951701 30.000000000000004
1454.6172317682701 30.000000000000004
1454.6172317682701 30.000000000000004
1454.3309051548201 30.000000000000004
1454.3309051548201 30.000000000000004
1454.6172317682701 30.000000000000004
1454.0445785413701 30.000000000000004
1453.1855987010201 30.000000000000004
1453.1855987010201 30.000000000000004
1452.3266188606701 30.000000000000004
1452.04029224722 30.000000000000004
1452.04029224722 30.000000000000004
1452.3266188606701 30.000000000000004
1451.897128940495 30.000000000000004
1451.610802327045 30.000000000000004
1451.46763902032 30.000000000000004
1451.1813124068697 30.000000000000004
1451.1813124068697 30.000000000000004
1451.75396563377 30.000000000000004
1452.4697821673951 30.000000000000004
1452.7561087808451 30.000000000000004
1452.8992720875701 30.000000000000004
1452.3266188606701 30.000000000000004
1452.3266188606701 30.000000000000004
1452.6129454741201 30.000000000000004
1452.8992720875701 30.000000000000004
1452.8992720875701 30.000000000000004
1452.6129454741201 30.000000000000004
1452.8992720875701 30.000000000000004
1453.1855987010201 30.000000000000004
1453.1855987010201 30.000000000000004
1452.6129454741201 30.000000000000004
1453.3287620077451 30.000000000000004
1454.0445785413701 30.000000000000004
1453.7582519279201 30.000000000000004
1454.0445785413701 30.000000000000004
1454.0445785413701 30.000000000000004
1453.7582519279201 30.000000000000004
1454.6172317682701 30.000000000000004
1454.6172317682701 30.000000000000004
1454.6172317682701 30.000000000000004
1454.6172317682701 30.000000000000004
1455.905701528795 30.000000000000004
1456.6215180624197 30.000000000000004
1456.6215180624197 30.000000000000004
1455.619374915345 30.000000000000004
1455.619374915345 30.000000000000004
1456.04886483552 30.000000000000004
1455.47621160862 30.000000000000004
1455.905701528795 30.000000000000004
1455.3330483018951 30.000000000000004
1455.619374915345 30.000000000000004
1455.905701528795 30.000000000000004
1455.905701528795 30.000000000000004
1455.3330483018951 30.000000000000004
1455.3330483018951 30.000000000000004
1455.3330483018951 30.000000000000004
1455.619374915345 30.000000000000004
1455.905701528795 30.000000000000004
1455.905701528795 30.000000000000004
1455.619374915345 30.000000000000004
1455.905701528795 30.000000000000004
1456.192028142245 30.000000000000004
1455.0467216884451 30.000000000000004
1454.7603950749951 30.000000000000004
1454.7603950749951 30.000000000000004
1455.0467216884451 30.000000000000004
1455.0467216884451 30.000000000000004
1454.7603950749951 30.000000000000004
1455.0467216884451 30.000000000000004
1455.0467216884451 30.000000000000004
1454.7603950749951 30.000000000000004
1455.76253822207 30.000000000000004
1455.76253822207 30.000000000000004
1455.76253822207 30.000000000000004
1455.76253822207 30.000000000000004
1456.04886483552 30.000000000000004
1456.04886483552 30.000000000000004
1456.6215180624197 30.000000000000004
1456.6215180624197 30.000000000000004
1456.6215180624197 30.000000000000004
1456.3351914489697 30.000000000000004
1456.3351914489697 30.000000000000004
1457.0510079825945 30.000000000000004
1457.0510079825945 30.000000000000004
1457.0510079825945 30.000000000000004
1457.0510079825945 30.000000000000004
1457.909987822944 30.000000000000004
1458.196314436394 30.000000000000004
1458.196314436394 30.000000000000004
1457.909987822944 30.000000000000004
1457.6236612094942 30.000000000000004
1458.6258043565688 30.000000000000004
1459.1984575834683 30.000000000000004
1459.484784196918 30.000000000000004
1460.2006007305426 30.000000000000004
1461.0595805708917 30.000000000000004
1461.0595805708917 30.000000000000004
1461.0595805708917 30.000000000000004
1460.7732539574422 30.000000000000004
1460.2006007305426 30.000000000000004
1460.2006007305426 30.000000000000004
1460.4869273439924 30.000000000000004
1460.2006007305426 30.000000000000004
1460.4869273439924 30.000000000000004
1460.2006007305426 30.000000000000004
1460.916417264167 30.000000000000004
1461.7753971045163 30.000000000000004
1461.7753971045163 30.000000000000004
1461.4890704910665 30.000000000000004
1461.4890704910665 30.000000000000004
1461.4890704910665 30.000000000000004
1461.4890704910665 30.000000000000004
1461.7753971045163 30.000000000000004
1463.0638668650397 30.000000000000004
1463.3501934784895 30.000000000000004
1463.6365200919392 30.000000000000004
1463.6365200919392 30.000000000000004
1463.6365200919392 30.000000000000004
1464.495499932288 30.000000000000004
1464.2091733188386 30.000000000000004
1464.495499932288 30.000000000000004
1465.0681531591874 30.000000000000004
1464.7818265457377 30.000000000000004
1465.2113164659122 30.000000000000004
1465.4976430793618 30.000000000000004
1465.4976430793618 30.000000000000004
1465.7839696928113 30.000000000000004
1466.3566229197106 30.000000000000004
1466.3566229197106 30.000000000000004
1466.9292761466097 30.000000000000004
1466.9292761466097 30.000000000000004
1466.9292761466097 30.000000000000004
1467.2156027600593 30.000000000000004
1466.9292761466097 30.000000000000004
1467.2156027600593 30.000000000000004
1467.2156027600593 30.000000000000004
1467.7882559869583 30.000000000000004
1467.7882559869583 30.000000000000004
1467.7882559869583 30.000000000000004
1468.074582600408 30.000000000000004
1468.074582600408 30.000000000000004
1468.3609092138574 30.000000000000004
1469.5062156676554 30.000000000000004
1470.0788688945545 30.000000000000004
1470.937848734903 30.000000000000004
1470.937848734903 30.000000000000004
1470.937848734903 30.000000000000004
1471.5105019618018 30.000000000000004
1472.942135029049 30.000000000000004
1473.514788255948 30.000000000000004
1473.514788255948 30.000000000000004
1473.8011148693972 30.000000000000004
1473.8011148693972 30.000000000000004
1474.0874414828465 30.000000000000004
1474.0874414828465 30.000000000000004
1474.0874414828465 30.000000000000004
1474.6600947097454 30.000000000000004
1474.6600947097454 30.000000000000004
1474.9464213231947 30.000000000000004
1475.232747936644 30.000000000000004
1474.9464213231947 30.000000000000004
1474.9464213231947 30.000000000000004
1475.232747936644 30.000000000000004
1474.9464213231947 30.000000000000004
1474.9464213231947 30.000000000000004
1474.9464213231947 30.000000000000004
1474.9464213231947 30.000000000000004
1475.5190745500936 30.000000000000004
1475.805401163543 30.000000000000004
1475.805401163543 30.000000000000004
1476.0917277769922 30.000000000000004
1476.6643810038909 30.000000000000004
1476.6643810038909 30.000000000000004
1476.9507076173402 30.000000000000004
1477.8096874576884 30.000000000000004
1478.6686672980363 30.000000000000004
1478.6686672980363 30.000000000000004
1478.6686672980363 30.000000000000004
1478.6686672980363 30.000000000000004
1478.382340684587 30.000000000000004
1478.382340684587 30.000000000000004
1478.6686672980363 30.000000000000004
1478.9549939114854 30.000000000000004
1479.527647138384 30.000000000000004
1480.1003003652827 30.000000000000004
1480.386626978732 30.000000000000004
1480.6729535921813 30.000000000000004
1480.9592802056304 30.000000000000004
1480.9592802056304 30.000000000000004
1481.8182600459784 30.000000000000004
1481.8182600459784 30.000000000000004
1481.8182600459784 30.000000000000004
1481.531933432529 30.000000000000004
1481.8182600459784 30.000000000000004
1481.531933432529 30.000000000000004
1481.531933432529 30.000000000000004
1481.531933432529 30.000000000000004
1481.531933432529 30.000000000000004
1481.531933432529 30.000000000000004
1481.8182600459784 30.000000000000004
1481.8182600459784 30.000000000000004
1482.1045866594275 30.000000000000004
1482.9635664997752 30.000000000000004
1483.5362197266738 30.000000000000004
1484.1088729535722 30.000000000000004
1486.3994858611659 30.000000000000004
1488.9764253822084 30.000000000000004
1489.835405222556 30.000000000000004
1490.9807116763525 30.000000000000004
1492.9849979704966 30.000000000000004
1495.2756108780895 30.000000000000004
1496.7072439453352 30.000000000000004
1501.0021431470718 30.000000000000004
1503.2927560546648 30.000000000000004
1505.0107157353596 30.000000000000004
1505.2970423488086 30.000000000000004
1507.5876552564018 30.000000000000004
1509.3056149370966 30.000000000000004
1512.4552076850373 30.000000000000004
1514.1731673657325 30.000000000000004
1516.177453659877 30.000000000000004
1517.322760113674 30.000000000000004
1518.7543931809203 30.000000000000004
1518.7543931809203 30.000000000000004
1518.468066567471 30.000000000000004
1518.7543931809203 30.000000000000004
1519.613373021268 30.000000000000004
1521.0450060885146 30.000000000000004
1521.617659315413 30.000000000000004
1522.1903125423116 30.000000000000004
1524.767252063356 30.000000000000004
1525.9125585171535 30.000000000000004
1525.9125585171535 30.000000000000004
1526.7715383575016 30.000000000000004
1527.3441915844005 30.000000000000004
1527.057864970951 30.000000000000004
1527.6305181978498 30.000000000000004
1529.062151265097 30.000000000000004
1529.062151265097 30.000000000000004
1528.7758246516476 30.000000000000004
1530.207457718895 30.000000000000004
1531.0664375592435 30.000000000000004
1531.925417399592 30.000000000000004
1532.2117440130417 30.000000000000004
1532.4980706264912 30.000000000000004
1533.3570504668398 30.000000000000004
1533.6433770802894 30.000000000000004
1533.6433770802894 30.000000000000004
1534.2160303071887 30.000000000000004
1535.0750101475373 30.000000000000004
1535.0750101475373 30.000000000000004
1535.0750101475373 30.000000000000004
1535.3613367609871 30.000000000000004
1535.3613367609871 30.000000000000004
1535.6476633744367 30.000000000000004
1535.3613367609871 30.000000000000004
1535.3613367609871 30.000000000000004
1535.6476633744367 30.000000000000004
1535.9339899878864 30.000000000000004
1536.220316601336 30.000000000000004
1537.3656230551346 30.000000000000004
1537.3656230551346 30.000000000000004
1538.7972561223833 30.000000000000004
1538.6540928156585 30.000000000000004
1538.6540928156585 30.000000000000004
1538.6540928156585 30.000000000000004
1539.2267460425578 30.000000000000004
1539.2267460425578 30.000000000000004
1539.2267460425578 30.000000000000004
1538.9404194291083 30.000000000000004
1539.2267460425578 30.000000000000004
1538.9404194291083 30.000000000000004
1538.9404194291083 30.000000000000004
1539.2267460425578 30.000000000000004
1539.2267460425578 30.000000000000004
1539.7993992694574 30.000000000000004
1539.7993992694574 30.000000000000004
1541.2310323367064 30.000000000000004
1540.9447057232567 30.000000000000004
1540.9447057232567 30.000000000000004
1540.0857258829071 30.000000000000004
1540.372052496357 30.000000000000004
1540.6583791098067 30.000000000000004
1540.372052496357 30.000000000000004
1540.372052496357 30.000000000000004
1540.6583791098067 30.000000000000004
1540.6583791098067 30.000000000000004
1540.6583791098067 30.000000000000004
1540.6583791098067 30.000000000000004
1542.090012177056 30.000000000000004
1542.090012177056 30.000000000000004
1542.090012177056 30.000000000000004
1542.6626654039555 30.000000000000004
1542.3763387905058 30.000000000000004
1542.6626654039555 30.000000000000004
1542.9489920174055 30.000000000000004
1542.9489920174055 30.000000000000004
1543.2353186308553 30.000000000000004
1543.807971857755 30.000000000000004
1543.807971857755 30.000000000000004
1543.807971857755 30.000000000000004
1544.380625084655 30.000000000000004
1544.380625084655 30.000000000000004
1544.380625084655 30.000000000000004
1544.380625084655 30.000000000000004
1544.6669516981049 30.000000000000004
1545.2396049250049 30.000000000000004
1544.6669516981049 30.000000000000004
1544.6669516981049 30.000000000000004
1544.6669516981049 30.000000000000004
1544.9532783115549 30.000000000000004
1545.2396049250049 30.000000000000004
1544.6669516981049 30.000000000000004
1544.380625084655 30.000000000000004
1544.6669516981049 30.000000000000004
1544.6669516981049 30.000000000000004
1544.6669516981049 30.000000000000004
1545.2396049250049 30.000000000000004
1545.0964416182799 30.000000000000004
1544.8101150048299 30.000000000000004
1544.8101150048299 30.000000000000004
1545.0964416182799 30.000000000000004
1544.9532783115549 30.000000000000004
1545.2396049250049 30.000000000000004
1545.2396049250049 30.000000000000004
1544.6669516981049 30.000000000000004
1544.6669516981049 30.000000000000004
1544.6669516981049 30.000000000000004
1544.6669516981049 30.000000000000004
1544.6669516981049 30.000000000000004
1544.9532783115549 30.000000000000004
1544.9532783115549 30.000000000000004
1544.8101150048299 30.000000000000004
1545.3827682317299 30.000000000000004
1545.6690948451799 30.000000000000004
1545.6690948451799 30.000000000000004
1545.9554214586299 30.000000000000004
1546.2417480720799 30.000000000000004
1546.5280746855299 30.000000000000004
1546.8144012989799 30.000000000000004
1547.1007279124299 30.000000000000004
1547.1007279124299 30.000000000000004
1547.1007279124299 30.000000000000004
1547.1007279124299 30.000000000000004
1547.1007279124299 30.000000000000004
1546.8144012989799 30.000000000000004
1547.3870545258799 30.000000000000004
1547.3870545258799 30.000000000000004
1547.3870545258799 30.000000000000004
1547.95970775278 30.000000000000004
1547.95970775278 30.000000000000004
1547.95970775278 30.000000000000004
1548.24603436623 30.000000000000004
1548.53236097968 30.000000000000004
1548.8186875931303 30.000000000000004
