RDE
1111.8842754413665 30.000000000000004
1109.3073359197556 30.000000000000004
1205.513078055201 30.000000000000004
1271.0818725416168 30.000000000000004
1272.2271789955 30.000000000000004
1302.8641266365705 30.000000000000004
1299.7145338884493 30.000000000000004
1280.5306507861285 30.000000000000004
1320.9027032847937 30.000000000000004
1306.5863726116154 30.000000000000004
1311.4539250405085 30.000000000000004
1341.2318928405252 30.000000000000004
1342.9498525212823 30.000000000000004
1358.1251630345785 30.000000000000004
1370.1508807997639 30.000000000000004
1383.6082316321688 30.000000000000004
1371.8688404805002 30.000000000000004
1402.2194615066728 30.000000000000004
1397.065582464513 30.000000000000004
1419.9717115407234 30.000000000000004
1431.9974293056825 30.000000000000004
1430.8521228518782 30.000000000000004
1447.1727398185672 30.000000000000004
1453.1855987010201 30.000000000000004
1451.46763902032 30.000000000000004
1462.6343769448654 30.000000000000004
1462.6343769448654 30.000000000000004
1465.2113164659122 30.000000000000004
1479.2413205249347 30.000000000000004
1480.386626978732 30.000000000000004
1477.8096874576884 30.000000000000004
1486.685812474615 30.000000000000004
1484.3951995670213 30.000000000000004
1484.1088729535722 30.000000000000004
1495.2756108780895 30.000000000000004
1496.134590718437 30.000000000000004
1501.5747963739702 30.000000000000004
1513.0278609119357 30.000000000000004
1516.4637802733262 30.000000000000004
1514.1731673657325 30.000000000000004
1522.1903125423116 30.000000000000004
1522.7629657692103 30.000000000000004
1524.767252063356 30.000000000000004
1529.634804491996 30.000000000000004
1526.7715383575016 30.000000000000004
1527.9168448112994 30.000000000000004
1531.6390907861426 30.000000000000004
1531.0664375592435 30.000000000000004
1538.5109295089335 30.000000000000004
1539.6562359627326 30.000000000000004
1539.6562359627326 30.000000000000004
1541.3741956434312 30.000000000000004
1541.0878690299814 30.000000000000004
1551.681953727632 30.000000000000004
1549.9639940469308 30.000000000000004
1554.2588932486844 30.000000000000004
1554.5452198621347 30.000000000000004
1557.408485996639 30.000000000000004
1560.2717521311447 30.000000000000004
1562.5623650387502 30.000000000000004
1563.9939981060043 30.000000000000004
1562.5623650387502 30.000000000000004
1564.8529779463568 30.000000000000004
1565.4256311732586 30.000000000000004
1567.4299174674154 30.000000000000004
1570.2931836019263 30.000000000000004
1569.434203761573 30.000000000000004
1571.438490055731 30.000000000000004
1571.7248166691825 30.000000000000004
1571.438490055731 30.000000000000004
1575.4470626440504 30.000000000000004
1576.8786957113082 30.000000000000004
1581.173594913084 30.000000000000004
1580.0282884592766 30.000000000000004
1581.459921526536 30.000000000000004
1584.3231876610557 30.000000000000004
1582.3189013668916 30.000000000000004
1583.7505344341516 30.000000000000004
1585.7548207283164 30.000000000000004
1585.182167501412 30.000000000000004
1587.4727804090298 30.000000000000004
1589.4770667031967 30.000000000000004
1591.1950263839117 30.000000000000004
1595.489925585703 30.000000000000004
1595.2035989722501 30.000000000000004
1596.348905426062 30.000000000000004
1593.771965904986 30.000000000000004
1595.776252199156 30.000000000000004
1597.207885266421 30.000000000000004
1596.348905426062 30.000000000000004
1597.7805384933272 30.000000000000004
1597.7805384933272 30.000000000000004
1597.7805384933272 30.000000000000004
1598.0668651067804 30.000000000000004
1600.6438046278595 30.000000000000004
1600.0711514009529 30.000000000000004
1601.5027844682197 30.000000000000004
1601.5027844682197 30.000000000000004
1599.212171560593 30.000000000000004
1601.2164578547663 30.000000000000004
1598.6395183336867 30.000000000000004
1598.3531917202336 30.000000000000004
1599.4984981740463 30.000000000000004
1598.92584494714 30.000000000000004
1599.212171560593 30.000000000000004
1602.6480909220336 30.000000000000004
1602.934417535487 30.000000000000004
1603.2207441489406 30.000000000000004
1604.0797239893013 30.000000000000004
1605.51135705657 30.000000000000004
1601.7891110816731 30.000000000000004
1602.0754376951265 30.000000000000004
1600.0711514009529 30.000000000000004
1599.212171560593 30.000000000000004
1599.212171560593 30.000000000000004
1598.3531917202336 30.000000000000004
1598.0668651067804 30.000000000000004
1598.0668651067804 30.000000000000004
1596.921558652968 30.000000000000004
1594.3446191318915 30.000000000000004
1593.771965904986 30.000000000000004
1593.4856392915333 30.000000000000004
1588.9044134762917 30.000000000000004
1586.613800568673 30.000000000000004
1588.331760249387 30.000000000000004
1588.9044134762917 30.000000000000004
1589.4770667031967 30.000000000000004
1590.9086997704592 30.000000000000004
1591.767679610817 30.000000000000004
1591.1950263839117 30.000000000000004
1592.9129860646276 30.000000000000004
1591.4813529973644 30.000000000000004
1590.9086997704592 30.000000000000004
1590.3360465435542 30.000000000000004
1589.4770667031967 30.000000000000004
1591.1950263839117 30.000000000000004
1590.6223731570067 30.000000000000004
1590.9086997704592 30.000000000000004
1593.1993126780806 30.000000000000004
1596.635232039515 30.000000000000004
1598.6395183336867 30.000000000000004
1599.7848247874995 30.000000000000004
1599.4984981740463 30.000000000000004
1600.357478014406 30.000000000000004
1600.6438046278595 30.000000000000004
1601.2164578547663 30.000000000000004
1601.5027844682197 30.000000000000004
1603.507070762394 30.000000000000004
1602.36176430858 30.000000000000004
1600.930131241313 30.000000000000004
1600.930131241313 30.000000000000004
1600.930131241313 30.000000000000004
1601.2164578547663 30.000000000000004
1600.0711514009529 30.000000000000004
1598.92584494714 30.000000000000004
1599.7848247874995 30.000000000000004
1600.930131241313 30.000000000000004
1599.4984981740463 30.000000000000004
1600.0711514009529 30.000000000000004
1600.357478014406 30.000000000000004
1600.6438046278595 30.000000000000004
1602.6480909220336 30.000000000000004
1604.366050602755 30.000000000000004
1604.6523772162086 30.000000000000004
1603.507070762394 30.000000000000004
1602.36176430858 30.000000000000004
1604.6523772162086 30.000000000000004
1607.229316737293 30.000000000000004
1606.942990123839 30.000000000000004
1606.0840102834775 30.000000000000004
1604.366050602755 30.000000000000004
1605.225030443116 30.000000000000004
1603.7933973758477 30.000000000000004
1602.934417535487 30.000000000000004
1602.6480909220336 30.000000000000004
1604.0797239893013 30.000000000000004
1604.0797239893013 30.000000000000004
1606.0840102834775 30.000000000000004
1605.7976836700236 30.000000000000004
1604.366050602755 30.000000000000004
1603.7933973758477 30.000000000000004
1604.9387038296625 30.000000000000004
1606.942990123839 30.000000000000004
1608.6609498045627 30.000000000000004
1608.6609498045627 30.000000000000004
1608.0882965776548 30.000000000000004
1607.229316737293 30.000000000000004
1606.942990123839 30.000000000000004
1605.51135705657 30.000000000000004
1605.51135705657 30.000000000000004
1603.2207441489406 30.000000000000004
1603.7933973758477 30.000000000000004
1604.6523772162086 30.000000000000004
1603.507070762394 30.000000000000004
1602.934417535487 30.000000000000004
1603.7933973758477 30.000000000000004
1603.507070762394 30.000000000000004
1604.366050602755 30.000000000000004
1604.366050602755 30.000000000000004
1604.6523772162086 30.000000000000004
1604.0797239893013 30.000000000000004
1602.934417535487 30.000000000000004
1602.934417535487 30.000000000000004
1602.0754376951265 30.000000000000004
1602.0754376951265 30.000000000000004
1602.6480909220336 30.000000000000004
1602.934417535487 30.000000000000004
1604.6523772162086 30.000000000000004
1606.3703368969313 30.000000000000004
1605.225030443116 30.000000000000004
1604.2228872960281 30.000000000000004
1605.6545203632968 30.000000000000004
1605.6545203632968 30.000000000000004
1607.086153430566 30.000000000000004
1607.086153430566 30.000000000000004
1607.5156433507468 30.000000000000004
1607.5156433507468 30.000000000000004
1608.0882965776548 30.000000000000004
1609.376766338198 30.000000000000004
1607.6588066574739 30.000000000000004
1610.2357461785605 30.000000000000004
1610.5220727920146 30.000000000000004
1610.0925828718332 30.000000000000004
1608.8041131112898 30.000000000000004
1609.376766338198 30.000000000000004
1607.801969964201 30.000000000000004
1608.9472764180168 30.000000000000004
1609.376766338198 30.000000000000004
1609.806256258379 30.000000000000004
1610.3789094852875 30.000000000000004
1611.23788932565 30.000000000000004
1612.24003247274 30.000000000000004
1612.24003247274 30.000000000000004
1610.951562712196 30.000000000000004
1610.3789094852875 30.000000000000004
1610.5220727920146 30.000000000000004
1610.5220727920146 30.000000000000004
1609.9494195651064 30.000000000000004
1610.8083994054687 30.000000000000004
1609.663092951652 30.000000000000004
1609.376766338198 30.000000000000004
1609.663092951652 30.000000000000004
1610.5220727920146 30.000000000000004
1609.0904397247439 30.000000000000004
1607.9451332709277 30.000000000000004
1606.5135002036582 30.000000000000004
1606.5135002036582 30.000000000000004
1607.6588066574739 30.000000000000004
1606.5135002036582 30.000000000000004
1607.9451332709277 30.000000000000004
1609.376766338198 30.000000000000004
1608.5177864978357 30.000000000000004
1609.376766338198 30.000000000000004
1607.6588066574739 30.000000000000004
1608.2314598843818 30.000000000000004
1607.37248004402 30.000000000000004
1609.0904397247439 30.000000000000004
1609.376766338198 30.000000000000004
1610.2357461785605 30.000000000000004
1609.376766338198 30.000000000000004
1608.5177864978357 30.000000000000004
1608.5177864978357 30.000000000000004
1608.5177864978357 30.000000000000004
1608.8041131112898 30.000000000000004
1609.376766338198 30.000000000000004
1609.376766338198 30.000000000000004
1607.6588066574739 30.000000000000004
1608.8041131112898 30.000000000000004
1609.376766338198 30.000000000000004
1609.663092951652 30.000000000000004
1608.5177864978357 30.000000000000004
1607.6588066574739 30.000000000000004
1607.086153430566 30.000000000000004
1609.0904397247439 30.000000000000004
1607.6588066574739 30.000000000000004
1607.9451332709277 30.000000000000004
1607.6588066574739 30.000000000000004
1607.9451332709277 30.000000000000004
1607.6588066574739 30.000000000000004
1608.5177864978357 30.000000000000004
1608.5177864978357 30.000000000000004
1608.3746231911089 30.000000000000004
1607.229316737293 30.000000000000004
1607.229316737293 30.000000000000004
1607.229316737293 30.000000000000004
1607.229316737293 30.000000000000004
1605.6545203632968 30.000000000000004
1605.6545203632968 30.000000000000004
1604.7955405229357 30.000000000000004
1604.7955405229357 30.000000000000004
1603.7933973758477 30.000000000000004
1602.934417535487 30.000000000000004
1602.6480909220336 30.000000000000004
1600.930131241313 30.000000000000004
1601.2164578547663 30.000000000000004
1602.0754376951265 30.000000000000004
1602.6480909220336 30.000000000000004
1601.5027844682197 30.000000000000004
1601.2164578547663 30.000000000000004
1601.5027844682197 30.000000000000004
1602.0754376951265 30.000000000000004
1602.0754376951265 30.000000000000004
1602.6480909220336 30.000000000000004
1603.507070762394 30.000000000000004
1603.507070762394 30.000000000000004
1603.7933973758477 30.000000000000004
1603.2207441489406 30.000000000000004
1603.7933973758477 30.000000000000004
1604.9387038296625 30.000000000000004
1604.366050602755 30.000000000000004
1604.366050602755 30.000000000000004
1602.934417535487 30.000000000000004
1603.2207441489406 30.000000000000004
1603.507070762394 30.000000000000004
1603.2207441489406 30.000000000000004
1604.366050602755 30.000000000000004
1604.366050602755 30.000000000000004
1604.366050602755 30.000000000000004
1604.0797239893013 30.000000000000004
1603.7933973758477 30.000000000000004
1604.366050602755 30.000000000000004
1604.7955405229357 30.000000000000004
1602.5049276153068 30.000000000000004
1603.9365606825745 30.000000000000004
1605.368193749843 30.000000000000004
1605.0818671363893 30.000000000000004
1606.0840102834775 30.000000000000004
1606.942990123839 30.000000000000004
1606.5135002036582 30.000000000000004
1607.37248004402 30.000000000000004
1606.799826817112 30.000000000000004
1605.9408469767504 30.000000000000004
1605.368193749843 30.000000000000004
1605.6545203632968 30.000000000000004
1606.2271735902043 30.000000000000004
1605.9408469767504 30.000000000000004
1607.37248004402 30.000000000000004
1606.5135002036582 30.000000000000004
1607.37248004402 30.000000000000004
1607.37248004402 30.000000000000004
1607.086153430566 30.000000000000004
1607.37248004402 30.000000000000004
1606.5135002036582 30.000000000000004
1604.5092139094818 30.000000000000004
1603.6502340691209 30.000000000000004
1603.3639074556675 30.000000000000004
1605.6545203632968 30.000000000000004
1605.6545203632968 30.000000000000004
1605.9408469767504 30.000000000000004
1604.7955405229357 30.000000000000004
1604.7955405229357 30.000000000000004
1604.9387038296625 30.000000000000004
1604.7955405229357 30.000000000000004
1604.7955405229357 30.000000000000004
1605.9408469767504 30.000000000000004
1605.368193749843 30.000000000000004
1606.799826817112 30.000000000000004
1605.6545203632968 30.000000000000004
1607.086153430566 30.000000000000004
1606.2271735902043 30.000000000000004
1606.2271735902043 30.000000000000004
1604.7955405229357 30.000000000000004
1605.6545203632968 30.000000000000004
1604.5092139094818 30.000000000000004
1603.9365606825745 30.000000000000004
1604.2228872960281 30.000000000000004
1604.2228872960281 30.000000000000004
1603.9365606825745 30.000000000000004
1604.2228872960281 30.000000000000004
1603.6502340691209 30.000000000000004
1603.3639074556675 30.000000000000004
1604.2228872960281 30.000000000000004
1603.0775808422138 30.000000000000004
1603.0775808422138 30.000000000000004
1604.2228872960281 30.000000000000004
1605.6545203632968 30.000000000000004
1606.5135002036582 30.000000000000004
1605.225030443116 30.000000000000004
1604.6523772162086 30.000000000000004
1604.6523772162086 30.000000000000004
1604.0797239893013 30.000000000000004
1602.934417535487 30.000000000000004
1603.2207441489406 30.000000000000004
1602.934417535487 30.000000000000004
1601.5027844682197 30.000000000000004
1602.0754376951265 30.000000000000004
1601.7891110816731 30.000000000000004
1600.930131241313 30.000000000000004
1600.930131241313 30.000000000000004
1601.5027844682197 30.000000000000004
1601.2164578547663 30.000000000000004
1600.930131241313 30.000000000000004
1600.6438046278595 30.000000000000004
1600.357478014406 30.000000000000004
1601.2164578547663 30.000000000000004
1602.0754376951265 30.000000000000004
1601.5027844682197 30.000000000000004
1602.36176430858 30.000000000000004
1603.507070762394 30.000000000000004
1603.2207441489406 30.000000000000004
1603.0775808422138 30.000000000000004
1603.0775808422138 30.000000000000004
1603.9365606825745 30.000000000000004
1604.2228872960281 30.000000000000004
1604.2228872960281 30.000000000000004
1603.9365606825745 30.000000000000004
1603.9365606825745 30.000000000000004
1604.2228872960281 30.000000000000004
1604.2228872960281 30.000000000000004
1603.0775808422138 30.000000000000004
1601.9322743883997 30.000000000000004
1603.2207441489406 30.000000000000004
1602.934417535487 30.000000000000004
1603.507070762394 30.000000000000004
1603.7933973758477 30.000000000000004
1603.0775808422138 30.000000000000004
1602.7912542287602 30.000000000000004
1602.5049276153068 30.000000000000004
1602.5049276153068 30.000000000000004
1603.9365606825745 30.000000000000004
1604.0797239893013 30.000000000000004
1604.0797239893013 30.000000000000004
1604.7955405229357 30.000000000000004
1604.0797239893013 30.000000000000004
1603.7933973758477 30.000000000000004
1603.7933973758477 30.000000000000004
1602.2186010018534 30.000000000000004
1601.0732945480395 30.000000000000004
1600.930131241313 30.000000000000004
1600.786967934586 30.000000000000004
1600.786967934586 30.000000000000004
1601.2164578547663 30.000000000000004
1601.2164578547663 30.000000000000004
1600.500641321133 30.000000000000004
1599.7848247874995 30.000000000000004
1599.0690082538665 30.000000000000004
1598.210028413507 30.000000000000004
1598.0668651067804 30.000000000000004
1597.7805384933272 30.000000000000004
1598.4963550269601 30.000000000000004
1597.6373751866006 30.000000000000004
1598.3531917202336 30.000000000000004
1599.3553348673197 30.000000000000004
1600.357478014406 30.000000000000004
1599.7848247874995 30.000000000000004
1600.6438046278595 30.000000000000004
1599.6416614807729 30.000000000000004
1599.7848247874995 30.000000000000004
1599.4984981740463 30.000000000000004
1600.357478014406 30.000000000000004
1600.930131241313 30.000000000000004
1602.0754376951265 30.000000000000004
1603.2207441489406 30.000000000000004
1603.507070762394 30.000000000000004
1603.2207441489406 30.000000000000004
1603.2207441489406 30.000000000000004
1602.36176430858 30.000000000000004
1602.36176430858 30.000000000000004
1602.0754376951265 30.000000000000004
1602.6480909220336 30.000000000000004
1602.36176430858 30.000000000000004
1602.6480909220336 30.000000000000004
1603.2207441489406 30.000000000000004
1603.7933973758477 30.000000000000004
1604.0797239893013 30.000000000000004
1604.366050602755 30.000000000000004
1604.0797239893013 30.000000000000004
1604.9387038296625 30.000000000000004
1605.7976836700236 30.000000000000004
1606.0840102834775 30.000000000000004
1607.5156433507468 30.000000000000004
1606.942990123839 30.000000000000004
1607.801969964201 30.000000000000004
1608.0882965776548 30.000000000000004
1609.0904397247439 30.000000000000004
1608.5177864978357 30.000000000000004
1609.9494195651064 30.000000000000004
1609.9494195651064 30.000000000000004
1609.9494195651064 30.000000000000004
1609.376766338198 30.000000000000004
1608.9472764180168 30.000000000000004
1608.8041131112898 30.000000000000004
1609.376766338198 30.000000000000004
1608.2314598843818 30.000000000000004
1608.8041131112898 30.000000000000004
1608.2314598843818 30.000000000000004
1608.2314598843818 30.000000000000004
1607.229316737293 30.000000000000004
1607.5156433507468 30.000000000000004
1607.6588066574739 30.000000000000004
1607.5156433507468 30.000000000000004
1607.229316737293 30.000000000000004
1607.229316737293 30.000000000000004
1608.3746231911089 30.000000000000004
1607.5156433507468 30.000000000000004
1607.5156433507468 30.000000000000004
1607.801969964201 30.000000000000004
1607.801969964201 30.000000000000004
1609.233603031471 30.000000000000004
1608.3746231911089 30.000000000000004
1608.0882965776548 30.000000000000004
1607.5156433507468 30.000000000000004
1607.801969964201 30.000000000000004
1607.801969964201 30.000000000000004
1607.5156433507468 30.000000000000004
1607.6588066574739 30.000000000000004
1606.5135002036582 30.000000000000004
1606.6566635103852 30.000000000000004
1606.5135002036582 30.000000000000004
1606.799826817112 30.000000000000004
1608.0882965776548 30.000000000000004
1608.0882965776548 30.000000000000004
1607.229316737293 30.000000000000004
1605.7976836700236 30.000000000000004
1604.5092139094818 30.000000000000004
1603.7933973758477 30.000000000000004
1602.6480909220336 30.000000000000004
1602.5049276153068 30.000000000000004
1601.359621161493 30.000000000000004
1600.0711514009529 30.000000000000004
1600.357478014406 30.000000000000004
1600.6438046278595 30.000000000000004
1600.6438046278595 30.000000000000004
1600.786967934586 30.000000000000004
1601.0732945480395 30.000000000000004
1599.6416614807729 30.000000000000004
1599.0690082538665 30.000000000000004
1599.3553348673197 30.000000000000004
1599.0690082538665 30.000000000000004
1598.782681640413 30.000000000000004
1598.210028413507 30.000000000000004
1598.210028413507 30.000000000000004
1598.210028413507 30.000000000000004
1597.3510485731476 30.000000000000004
1596.4920687327885 30.000000000000004
1596.4920687327885 30.000000000000004
1596.2057421193356 30.000000000000004
1595.6330888924294 30.000000000000004
1596.2057421193356 30.000000000000004
1595.6330888924294 30.000000000000004
1594.201455825165 30.000000000000004
1594.201455825165 30.000000000000004
1593.9151292117124 30.000000000000004
1593.9151292117124 30.000000000000004
1592.7698227579012 30.000000000000004
1593.9151292117124 30.000000000000004
1592.9129860646276 30.000000000000004
1592.3403328377224 30.000000000000004
1591.1950263839117 30.000000000000004
1590.0497199301017 30.000000000000004
1590.6223731570067 30.000000000000004
1589.6202300099228 30.000000000000004
1590.9086997704592 30.000000000000004
1589.6202300099228 30.000000000000004
1589.3339033964703 30.000000000000004
1588.9044134762917 30.000000000000004
1587.9022703292085 30.000000000000004
1586.7569638753992 30.000000000000004
1585.3253308081382 30.000000000000004
1584.89584088796 30.000000000000004
1584.6095142745078 30.000000000000004
1584.89584088796 30.000000000000004
1583.0347179005216 30.000000000000004
1582.8915545937955 30.000000000000004
1582.6052279803437 30.000000000000004
1580.7441049929062 30.000000000000004
1581.030431606358 30.000000000000004
1578.7398186987439 30.000000000000004
1578.3103287785661 30.000000000000004
1577.4513489382114 30.000000000000004
1578.0240021651146 30.000000000000004
1576.5923690978566 30.000000000000004
1576.4492057911307 30.000000000000004
1576.0197158709534 30.000000000000004
1576.306042484405 30.000000000000004
1576.306042484405 30.000000000000004
1575.8765525642277 30.000000000000004
1574.0154295767932 30.000000000000004
1574.0154295767932 30.000000000000004
1572.4406332028107 30.000000000000004
1572.1543065893593 30.000000000000004
1571.15216344228 30.000000000000004
1570.5795102153775 30.000000000000004
1569.8636936817495 30.000000000000004
1569.720530375024 30.000000000000004
1569.434203761573 30.000000000000004
1568.8615505346706 30.000000000000004
1566.2846110136113 30.000000000000004
1565.2824678665331 30.000000000000004
1565.568794479984 30.000000000000004
1564.9961412530822 30.000000000000004
1564.2803247194552 30.000000000000004
1563.7076714925533 30.000000000000004
1563.7076714925533 30.000000000000004
1564.1371614127297 30.000000000000004
1564.8529779463568 30.000000000000004
1563.8508347992788 30.000000000000004
1564.2803247194552 30.000000000000004
1563.7076714925533 30.000000000000004
1561.9897118118488 30.000000000000004
1562.2760384252995 30.000000000000004
1561.4170585849474 30.000000000000004
1561.8465485051233 30.000000000000004
1562.5623650387502 30.000000000000004
1561.9897118118488 30.000000000000004
1562.419201732025 30.000000000000004
1562.419201732025 30.000000000000004
1561.273895278222 30.000000000000004
1561.8465485051233 30.000000000000004
1559.6990989042436 30.000000000000004
1558.8401190638917 30.000000000000004
1558.553792450441 30.000000000000004
1557.837975916815 30.000000000000004
1556.835832769738 30.000000000000004
1556.835832769738 30.000000000000004
1556.835832769738 30.000000000000004
1556.5495061562876 30.000000000000004
1555.6905263159363 30.000000000000004
1554.5452198621347 30.000000000000004
1554.9747097823104 30.000000000000004
1554.1157299419592 30.000000000000004
1554.4020565554097 30.000000000000004
1555.547363009211 30.000000000000004
1555.547363009211 30.000000000000004
1555.6905263159363 30.000000000000004
1554.5452198621347 30.000000000000004
1554.1157299419592 30.000000000000004
1553.6862400217838 30.000000000000004
1553.113586794883 30.000000000000004
1552.8272601814328 30.000000000000004
1552.5409335679826 30.000000000000004
1551.825117034357 30.000000000000004
1551.9682803410822 30.000000000000004
1550.8229738872813 30.000000000000004
1550.1071573536558 30.000000000000004
1548.6755242864053 30.000000000000004
1548.24603436623 30.000000000000004
1548.53236097968 30.000000000000004
1546.9575646057049 30.000000000000004
1546.9575646057049 30.000000000000004
1547.5302178326049 30.000000000000004
1546.6712379922549 30.000000000000004
1545.6690948451799 30.000000000000004
1544.9532783115549 30.000000000000004
1544.380625084655 30.000000000000004
1543.2353186308553 30.000000000000004
1543.2353186308553 30.000000000000004
1542.3763387905058 30.000000000000004
1542.090012177056 30.000000000000004
1542.8058287106805 30.000000000000004
1542.5195020972308 30.000000000000004
1542.8058287106805 30.000000000000004
1541.946848870331 30.000000000000004
1542.8058287106805 30.000000000000004
1543.95113516448 30.000000000000004
1544.52378839138 30.000000000000004
1542.6626654039555 30.000000000000004
1542.6626654039555 30.000000000000004
1543.2353186308553 30.000000000000004
1542.3763387905058 30.000000000000004
1542.090012177056 30.000000000000004
1543.5216452443053 30.000000000000004
1543.807971857755 30.000000000000004
1542.5195020972308 30.000000000000004
1542.5195020972308 30.000000000000004
1542.090012177056 30.000000000000004
1541.803685563606 30.000000000000004
1542.6626654039555 30.000000000000004
1541.2310323367064 30.000000000000004
1542.6626654039555 30.000000000000004
1540.6583791098067 30.000000000000004
1541.3741956434312 30.000000000000004
1541.0878690299814 30.000000000000004
1541.3741956434312 30.000000000000004
1541.3741956434312 30.000000000000004
1540.515215803082 30.000000000000004
1540.0857258829071 30.000000000000004
1539.3699093492828 30.000000000000004
1538.5109295089335 30.000000000000004
1539.083582735833 30.000000000000004
1539.3699093492828 30.000000000000004
1540.2288891896321 30.000000000000004
1539.9425625761824 30.000000000000004
1540.2288891896321 30.000000000000004
1541.0878690299814 30.000000000000004
1541.3741956434312 30.000000000000004
1541.6605222568812 30.000000000000004
1540.8015424165317 30.000000000000004
1540.8015424165317 30.000000000000004
1540.6583791098067 30.000000000000004
1541.5173589501562 30.000000000000004
1541.5173589501562 30.000000000000004
1540.9447057232567 30.000000000000004
1541.0878690299814 30.000000000000004
1541.6605222568812 30.000000000000004
1541.2310323367064 30.000000000000004
1541.6605222568812 30.000000000000004
1540.8015424165317 30.000000000000004
1540.372052496357 30.000000000000004
1540.0857258829071 30.000000000000004
1540.8015424165317 30.000000000000004
1540.6583791098067 30.000000000000004
1539.6562359627326 30.000000000000004
1540.515215803082 30.000000000000004
1540.0857258829071 30.000000000000004
1538.6540928156585 30.000000000000004
1538.9404194291083 30.000000000000004
1539.7993992694574 30.000000000000004
1539.9425625761824 30.000000000000004
1538.6540928156585 30.000000000000004
1538.9404194291083 30.000000000000004
1539.3699093492828 30.000000000000004
1539.2267460425578 30.000000000000004
1540.9447057232567 30.000000000000004
1541.5173589501562 30.000000000000004
1542.8058287106805 30.000000000000004
1542.3763387905058 30.000000000000004
1541.803685563606 30.000000000000004
1541.803685563606 30.000000000000004
1544.094298471205 30.000000000000004
1543.2353186308553 30.000000000000004
1544.380625084655 30.000000000000004
1544.9532783115549 30.000000000000004
1544.380625084655 30.000000000000004
1544.9532783115549 30.000000000000004
1546.6712379922549 30.000000000000004
1547.8165444460549 30.000000000000004
1546.5280746855299 30.000000000000004
1546.3849113788049 30.000000000000004
1546.6712379922549 30.000000000000004
1547.2438912191549 30.000000000000004
1547.6733811393299 30.000000000000004
1549.2481775133056 30.000000000000004
1549.8208307402058 30.000000000000004
1551.5387904209067 30.000000000000004
1550.9661371940065 30.000000000000004
1550.6798105805562 30.000000000000004
1550.536647273831 30.000000000000004
1551.1093005007315 30.000000000000004
1551.2524638074565 30.000000000000004
1551.5387904209067 30.000000000000004
1551.5387904209067 30.000000000000004
1550.6798105805562 30.000000000000004
1552.1114436478072 30.000000000000004
1553.2567501016083 30.000000000000004
1553.113586794883 30.000000000000004
1554.5452198621347 30.000000000000004
1553.829403328509 30.000000000000004
1553.113586794883 30.000000000000004
1552.8272601814328 30.000000000000004
1552.8272601814328 30.000000000000004
1551.681953727632 30.000000000000004
1551.681953727632 30.000000000000004
1550.8229738872813 30.000000000000004
1551.3956271141817 30.000000000000004
1552.5409335679826 30.000000000000004
1553.113586794883 30.000000000000004
1553.6862400217838 30.000000000000004
1552.970423488158 30.000000000000004
1552.3977702612574 30.000000000000004
1553.2567501016083 30.000000000000004
1553.829403328509 30.000000000000004
1554.9747097823104 30.000000000000004
1555.2610363957608 30.000000000000004
1556.4063428495624 30.000000000000004
1556.9789960764633 30.000000000000004
1556.6926694630129 30.000000000000004
1558.4106291437158 30.000000000000004
1559.1264456773424 30.000000000000004
1559.1264456773424 30.000000000000004
1559.6990989042436 30.000000000000004
1560.5580787445954 30.000000000000004
1561.1307319714967 30.000000000000004
1561.1307319714967 30.000000000000004
1562.5623650387502 30.000000000000004
1562.5623650387502 30.000000000000004
1563.1350182656518 30.000000000000004
1563.1350182656518 30.000000000000004
1564.2803247194552 30.000000000000004
1565.1393045598077 30.000000000000004
1564.8529779463568 30.000000000000004
1565.4256311732586 30.000000000000004
1565.7119577867095 30.000000000000004
1566.2846110136113 30.000000000000004
1566.5709376270622 30.000000000000004
1567.1435908539643 30.000000000000004
1567.1435908539643 30.000000000000004
1566.8572642405134 30.000000000000004
1568.2888973077684 30.000000000000004
1568.8615505346706 30.000000000000004
1570.0068569884752 30.000000000000004
1571.438490055731 30.000000000000004
1571.438490055731 30.000000000000004
1572.0111432826336 30.000000000000004
1571.7248166691825 30.000000000000004
1572.8701231229877 30.000000000000004
1572.0111432826336 30.000000000000004
1572.297469896085 30.000000000000004
1571.5816533624568 30.000000000000004
1572.4406332028107 30.000000000000004
1573.2996130431648 30.000000000000004
1574.7312461104218 30.000000000000004
1574.1585928835188 30.000000000000004
1574.7312461104218 30.000000000000004
1576.162879177679 30.000000000000004
1576.4492057911307 30.000000000000004
1577.0218590180339 30.000000000000004
1576.7355324045823 30.000000000000004
1576.4492057911307 30.000000000000004
1576.7355324045823 30.000000000000004
1577.0218590180339 30.000000000000004
1577.3081856314855 30.000000000000004
1578.453492085292 30.000000000000004
1581.6030848332618 30.000000000000004
1580.7441049929062 30.000000000000004
1580.7441049929062 30.000000000000004
1581.8894114467137 30.000000000000004
1581.8894114467137 30.000000000000004
1582.7483912870696 30.000000000000004
1582.4620646736175 30.000000000000004
1583.8936977408775 30.000000000000004
1585.6116574215903 30.000000000000004
1585.6116574215903 30.000000000000004
1587.0432904888514 30.000000000000004
1587.615943715756 30.000000000000004
1588.1885969426608 30.000000000000004
1587.3296171023037 30.000000000000004
1588.1885969426608 30.000000000000004
1588.474923556113 30.000000000000004
1589.047576783018 30.000000000000004
1589.3339033964703 30.000000000000004
1590.4792098502803 30.000000000000004
1590.7655364637328 30.000000000000004
1590.1928832368278 30.000000000000004
1590.7655364637328 30.000000000000004
1593.056149371354 30.000000000000004
1593.3424759848067 30.000000000000004
1594.487782438618 30.000000000000004
1593.056149371354 30.000000000000004
1594.201455825165 30.000000000000004
1594.7741090520708 30.000000000000004
1596.2057421193356 30.000000000000004
1595.9194155058824 30.000000000000004
1597.0647219596945 30.000000000000004
1598.210028413507 30.000000000000004
1598.782681640413 30.000000000000004
1598.210028413507 30.000000000000004
1597.9237018000538 30.000000000000004
1599.3553348673197 30.000000000000004
1599.9279880942263 30.000000000000004
1599.9279880942263 30.000000000000004
1599.9279880942263 30.000000000000004
1600.2143147076795 30.000000000000004
1601.359621161493 30.000000000000004
1601.6459477749463 30.000000000000004
1601.359621161493 30.000000000000004
1601.6459477749463 30.000000000000004
1601.0732945480395 30.000000000000004
1601.7891110816731 30.000000000000004
1602.934417535487 30.000000000000004
1603.7933973758477 30.000000000000004
1604.0797239893013 30.000000000000004
1604.366050602755 30.000000000000004
1604.366050602755 30.000000000000004
1604.6523772162086 30.000000000000004
1603.2207441489406 30.000000000000004
1606.0840102834775 30.000000000000004
1606.6566635103852 30.000000000000004
1607.801969964201 30.000000000000004
1607.801969964201 30.000000000000004
1608.9472764180168 30.000000000000004
1609.519929644925 30.000000000000004
1609.519929644925 30.000000000000004
1609.519929644925 30.000000000000004
1609.519929644925 30.000000000000004
1609.233603031471 30.000000000000004
1609.519929644925 30.000000000000004
1610.6652360987416 30.000000000000004
1611.23788932565 30.000000000000004
1610.951562712196 30.000000000000004
1610.951562712196 30.000000000000004
1610.951562712196 30.000000000000004
1611.5242159391044 30.000000000000004
1612.3831957794673 30.000000000000004
1613.2421756198305 30.000000000000004
1614.673808687103 30.000000000000004
1615.532788527467 30.000000000000004
1615.8191151409217 30.000000000000004
1616.3917683678312 30.000000000000004
1616.6780949812858 30.000000000000004
1616.9644215947408 30.000000000000004
1617.2507482081955 30.000000000000004
1617.823401435105 30.000000000000004
1617.2507482081955 30.000000000000004
1616.6780949812858 30.000000000000004
1617.107584901468 30.000000000000004
1617.3939115149228 30.000000000000004
1617.823401435105 30.000000000000004
1618.396054662015 30.000000000000004
1618.68238127547 30.000000000000004
1618.9687078889249 30.000000000000004
1618.9687078889249 30.000000000000004
1619.5413611158351 30.000000000000004
1619.5413611158351 30.000000000000004
1619.2550345023799 30.000000000000004
1619.8276877292901 30.000000000000004
1621.4024841032935 30.000000000000004
1620.829830876383 30.000000000000004
1621.975137330204 30.000000000000004
1623.4067703974808 30.000000000000004
1623.263607090753 30.000000000000004
1624.4089135445752 30.000000000000004
1625.267893384942 30.000000000000004
1624.6952401580306 30.000000000000004
1625.267893384942 30.000000000000004
1626.126873225309 30.000000000000004
1626.126873225309 30.000000000000004
1625.5542199983975 30.000000000000004
1626.4131998387647 30.000000000000004
1625.267893384942 30.000000000000004
1625.267893384942 30.000000000000004
1626.4131998387647 30.000000000000004
1626.4131998387647 30.000000000000004
1626.6995264522204 30.000000000000004
1625.8405466118534 30.000000000000004
1626.4131998387647 30.000000000000004
1627.558506292588 30.000000000000004
1626.6995264522204 30.000000000000004
1627.558506292588 30.000000000000004
1626.6995264522204 30.000000000000004
1626.6995264522204 30.000000000000004
1627.558506292588 30.000000000000004
1628.1311595194998 30.000000000000004
1628.1311595194998 30.000000000000004
1629.2764659733239 30.000000000000004
1628.9901393598677 30.000000000000004
1628.9901393598677 30.000000000000004
1629.2764659733239 30.000000000000004
1629.56279258678 30.000000000000004
1628.9901393598677 30.000000000000004
1629.56279258678 30.000000000000004
1629.8491192002361 30.000000000000004
1628.9901393598677 30.000000000000004
1629.56279258678 30.000000000000004
1629.56279258678 30.000000000000004
1630.7080990406046 30.000000000000004
1631.4239155742453 30.000000000000004
1631.8534054944296 30.000000000000004
1631.280752267517 30.000000000000004
1631.8534054944296 30.000000000000004
1632.9987119482553 30.000000000000004
1631.8534054944296 30.000000000000004
1632.9987119482553 30.000000000000004
1632.9987119482553 30.000000000000004
1633.5713651751682 30.000000000000004
1634.1440184020814 30.000000000000004
1635.5756514693649 30.000000000000004
1637.579937763563 30.000000000000004
1637.293611150106 30.000000000000004
1638.86840752412 30.000000000000004
1639.441060751034 30.000000000000004
1638.86840752412 30.000000000000004
1638.86840752412 30.000000000000004
1638.5820809106626 30.000000000000004
1639.2978974443056 30.000000000000004
1639.5842240577626 30.000000000000004
1639.5842240577626 30.000000000000004
1640.1568772846772 30.000000000000004
1640.7295305115917 30.000000000000004
1641.0158571250493 30.000000000000004
1641.3021837385068 30.000000000000004
1641.588510351964 30.000000000000004
1641.8748369654215 30.000000000000004
1641.8748369654215 30.000000000000004
1642.4474901923365 30.000000000000004
1641.3021837385068 30.000000000000004
1641.8748369654215 30.000000000000004
1641.588510351964 30.000000000000004
1641.0158571250493 30.000000000000004
1640.7295305115917 30.000000000000004
1641.0158571250493 30.000000000000004
1640.3000405914058 30.000000000000004
1639.7273873644913 30.000000000000004
1640.0137139779486 30.000000000000004
1639.7273873644913 30.000000000000004
1638.5820809106626 30.000000000000004
1638.2957542972056 30.000000000000004
1637.7231010702915 30.000000000000004
1638.0094276837485 30.000000000000004
1638.0094276837485 30.000000000000004
1638.2957542972056 30.000000000000004
1638.0094276837485 30.000000000000004
1638.0094276837485 30.000000000000004
1637.1504478433776 30.000000000000004
1636.291468003007 30.000000000000004
1636.291468003007 30.000000000000004
1636.00514138955 30.000000000000004
1636.7209579231921 30.000000000000004
1637.007284536649 30.000000000000004
1636.7209579231921 30.000000000000004
