CCEMT
1532.7677399139143 30.000000000000004
1593.1293660731935 30.000000000000004
1600.0278376345605 30.000000000000004
1586.2308945119041 30.000000000000004
1610.375544976769 30.000000000000004
1617.2740165383557 30.000000000000004
1606.9263091960108 30.000000000000004
1637.9694312237252 30.000000000000004
1637.9694312237252 30.000000000000004
1644.867902785738 30.000000000000004
1629.3463417713708 30.000000000000004
1631.0709596618278 30.000000000000004
1648.317138566789 30.000000000000004
1662.1140816913107 30.000000000000004
1650.041756457326 30.000000000000004
1662.1140816913107 30.000000000000004
1653.490992238424 30.000000000000004
1650.041756457326 30.000000000000004
1660.3894638007168 30.000000000000004
1672.4617890350544 30.000000000000004
1660.3894638007168 30.000000000000004
1662.1140816913107 30.000000000000004
1656.940228019554 30.000000000000004
1667.2879353631433 30.000000000000004
1682.809496379122 30.000000000000004
1675.9110248163734 30.000000000000004
1656.940228019554 30.000000000000004
1675.9110248163734 30.000000000000004
1669.0125532537713 30.000000000000004
1665.5633174725237 30.000000000000004
1682.809496379122 30.000000000000004
1694.8818216143027 30.000000000000004
1686.258732160553 30.000000000000004
1679.360260597729 30.000000000000004
1663.8386995819128 30.000000000000004
1667.2879353631433 30.000000000000004
1665.5633174725237 30.000000000000004
1667.2879353631433 30.000000000000004
1665.5633174725237 30.000000000000004
1658.6648459101314 30.000000000000004
1656.940228019554 30.000000000000004
1648.317138566789 30.000000000000004
1646.5925206762595 30.000000000000004
1648.317138566789 30.000000000000004
1646.5925206762595 30.000000000000004
1658.6648459101314 30.000000000000004
1651.766374347871 30.000000000000004
1651.766374347871 30.000000000000004
1653.490992238424 30.000000000000004
1646.5925206762595 30.000000000000004
1651.766374347871 30.000000000000004
1648.317138566789 30.000000000000004
1651.766374347871 30.000000000000004
1655.215610128985 30.000000000000004
1653.490992238424 30.000000000000004
1650.041756457326 30.000000000000004
1651.766374347871 30.000000000000004
1643.1432848952236 30.000000000000004
1644.867902785738 30.000000000000004
1637.9694312237252 30.000000000000004
1644.867902785738 30.000000000000004
1634.5201954427625 30.000000000000004
1646.5925206762595 30.000000000000004
1651.766374347871 30.000000000000004
1660.3894638007168 30.000000000000004
1653.490992238424 30.000000000000004
1660.3894638007168 30.000000000000004
1663.8386995819128 30.000000000000004
1655.215610128985 30.000000000000004
1656.940228019554 30.000000000000004
1655.215610128985 30.000000000000004
1656.940228019554 30.000000000000004
1651.766374347871 30.000000000000004
1650.041756457326 30.000000000000004
1646.5925206762595 30.000000000000004
1650.041756457326 30.000000000000004
1643.1432848952236 30.000000000000004
1650.041756457326 30.000000000000004
1655.215610128985 30.000000000000004
1662.1140816913107 30.000000000000004
1662.1140816913107 30.000000000000004
1662.1140816913107 30.000000000000004
1658.6648459101314 30.000000000000004
1660.3894638007168 30.000000000000004
1660.3894638007168 30.000000000000004
1670.7371711444084 30.000000000000004
1663.8386995819128 30.000000000000004
1672.4617890350544 30.000000000000004
1675.9110248163734 30.000000000000004
1684.5341142698326 30.000000000000004
1684.5341142698326 30.000000000000004
1681.0848784884206 30.000000000000004
1677.6356427070464 30.000000000000004
1681.0848784884206 30.000000000000004
1677.6356427070464 30.000000000000004
1674.1864069257092 30.000000000000004
1672.4617890350544 30.000000000000004
1675.9110248163734 30.000000000000004
1689.707967942023 30.000000000000004
1682.809496379122 30.000000000000004
1684.5341142698326 30.000000000000004
1681.0848784884206 30.000000000000004
1677.6356427070464 30.000000000000004
1684.5341142698326 30.000000000000004
1675.9110248163734 30.000000000000004
1669.0125532537713 30.000000000000004
1665.5633174725237 30.000000000000004
1667.2879353631433 30.000000000000004
1667.2879353631433 30.000000000000004
1667.2879353631433 30.000000000000004
1670.7371711444084 30.000000000000004
1672.4617890350544 30.000000000000004
1670.7371711444084 30.000000000000004
1669.0125532537713 30.000000000000004
1670.7371711444084 30.000000000000004
1677.6356427070464 30.000000000000004
1684.5341142698326 30.000000000000004
1675.9110248163734 30.000000000000004
1669.0125532537713 30.000000000000004
1670.7371711444084 30.000000000000004
1669.0125532537713 30.000000000000004
1674.1864069257092 30.000000000000004
1674.1864069257092 30.000000000000004
1677.6356427070464 30.000000000000004
1679.360260597729 30.000000000000004
1674.1864069257092 30.000000000000004
1682.809496379122 30.000000000000004
1675.9110248163734 30.000000000000004
1675.9110248163734 30.000000000000004
1677.6356427070464 30.000000000000004
1674.1864069257092 30.000000000000004
1674.1864069257092 30.000000000000004
1670.7371711444084 30.000000000000004
1665.5633174725237 30.000000000000004
1670.7371711444084 30.000000000000004
1677.6356427070464 30.000000000000004
1674.1864069257092 30.000000000000004
1681.0848784884206 30.000000000000004
1679.360260597729 30.000000000000004
1677.6356427070464 30.000000000000004
1672.4617890350544 30.000000000000004
1674.1864069257092 30.000000000000004
1675.9110248163734 30.000000000000004
1682.809496379122 30.000000000000004
1681.0848784884206 30.000000000000004
1681.0848784884206 30.000000000000004
1681.0848784884206 30.000000000000004
1684.5341142698326 30.000000000000004
1681.0848784884206 30.000000000000004
1677.6356427070464 30.000000000000004
1677.6356427070464 30.000000000000004
1675.9110248163734 30.000000000000004
1684.5341142698326 30.000000000000004
1687.9833500512832 30.000000000000004
1686.258732160553 30.000000000000004
1682.809496379122 30.000000000000004
1681.0848784884206 30.000000000000004
1677.6356427070464 30.000000000000004
1675.9110248163734 30.000000000000004
1677.6356427070464 30.000000000000004
1675.9110248163734 30.000000000000004
1675.9110248163734 30.000000000000004
1675.9110248163734 30.000000000000004
1670.7371711444084 30.000000000000004
1675.9110248163734 30.000000000000004
1674.1864069257092 30.000000000000004
1670.7371711444084 30.000000000000004
1669.0125532537713 30.000000000000004
1667.2879353631433 30.000000000000004
1674.1864069257092 30.000000000000004
1675.9110248163734 30.000000000000004
1674.1864069257092 30.000000000000004
1675.9110248163734 30.000000000000004
1675.9110248163734 30.000000000000004
1674.1864069257092 30.000000000000004
1669.0125532537713 30.000000000000004
1667.2879353631433 30.000000000000004
1663.8386995819128 30.000000000000004
1660.3894638007168 30.000000000000004
1658.6648459101314 30.000000000000004
1655.215610128985 30.000000000000004
1653.490992238424 30.000000000000004
1658.6648459101314 30.000000000000004
1656.940228019554 30.000000000000004
1656.940228019554 30.000000000000004
1656.940228019554 30.000000000000004
1656.940228019554 30.000000000000004
1653.490992238424 30.000000000000004
1660.3894638007168 30.000000000000004
1658.6648459101314 30.000000000000004
1660.3894638007168 30.000000000000004
1653.490992238424 30.000000000000004
1658.6648459101314 30.000000000000004
1658.6648459101314 30.000000000000004
1665.5633174725237 30.000000000000004
1663.8386995819128 30.000000000000004
1665.5633174725237 30.000000000000004
1665.5633174725237 30.000000000000004
1662.1140816913107 30.000000000000004
1662.1140816913107 30.000000000000004
1658.6648459101314 30.000000000000004
1656.940228019554 30.000000000000004
1655.215610128985 30.000000000000004
1656.940228019554 30.000000000000004
1655.215610128985 30.000000000000004
1653.490992238424 30.000000000000004
1650.041756457326 30.000000000000004
1653.490992238424 30.000000000000004
1656.940228019554 30.000000000000004
1653.490992238424 30.000000000000004
1658.6648459101314 30.000000000000004
1656.940228019554 30.000000000000004
1658.6648459101314 30.000000000000004
1656.940228019554 30.000000000000004
1660.3894638007168 30.000000000000004
1662.1140816913107 30.000000000000004
1662.1140816913107 30.000000000000004
1663.8386995819128 30.000000000000004
1663.8386995819128 30.000000000000004
1665.5633174725237 30.000000000000004
1656.940228019554 30.000000000000004
1658.6648459101314 30.000000000000004
1656.940228019554 30.000000000000004
1655.215610128985 30.000000000000004
1651.766374347871 30.000000000000004
1653.490992238424 30.000000000000004
1653.490992238424 30.000000000000004
1646.5925206762595 30.000000000000004
1646.5925206762595 30.000000000000004
1643.1432848952236 30.000000000000004
1641.4186670047168 30.000000000000004
1641.4186670047168 30.000000000000004
1644.867902785738 30.000000000000004
1646.5925206762595 30.000000000000004
1646.5925206762595 30.000000000000004
1648.317138566789 30.000000000000004
1648.317138566789 30.000000000000004
1648.317138566789 30.000000000000004
1650.041756457326 30.000000000000004
1648.317138566789 30.000000000000004
1648.317138566789 30.000000000000004
1651.766374347871 30.000000000000004
1650.041756457326 30.000000000000004
1646.5925206762595 30.000000000000004
1646.5925206762595 30.000000000000004
1643.1432848952236 30.000000000000004
1643.1432848952236 30.000000000000004
1639.6940491142173 30.000000000000004
1639.6940491142173 30.000000000000004
1637.9694312237252 30.000000000000004
1641.4186670047168 30.000000000000004
1641.4186670047168 30.000000000000004
1643.1432848952236 30.000000000000004
1641.4186670047168 30.000000000000004
1639.6940491142173 30.000000000000004
1639.6940491142173 30.000000000000004
1641.4186670047168 30.000000000000004
1641.4186670047168 30.000000000000004
1641.4186670047168 30.000000000000004
1641.4186670047168 30.000000000000004
1643.1432848952236 30.000000000000004
1643.1432848952236 30.000000000000004
1644.867902785738 30.000000000000004
1644.867902785738 30.000000000000004
1644.867902785738 30.000000000000004
1644.867902785738 30.000000000000004
1639.6940491142173 30.000000000000004
1639.6940491142173 30.000000000000004
1639.6940491142173 30.000000000000004
1641.4186670047168 30.000000000000004
1641.4186670047168 30.000000000000004
1639.6940491142173 30.000000000000004
1639.6940491142173 30.000000000000004
1637.9694312237252 30.000000000000004
1636.2448133332405 30.000000000000004
1636.2448133332405 30.000000000000004
1634.5201954427625 30.000000000000004
1631.0709596618278 30.000000000000004
1629.3463417713708 30.000000000000004
1627.6217238809206 30.000000000000004
1627.6217238809206 30.000000000000004
1624.1724881000398 30.000000000000004
1625.897105990477 30.000000000000004
1627.6217238809206 30.000000000000004
1627.6217238809206 30.000000000000004
1631.0709596618278 30.000000000000004
1629.3463417713708 30.000000000000004
1627.6217238809206 30.000000000000004
1629.3463417713708 30.000000000000004
1627.6217238809206 30.000000000000004
1624.1724881000398 30.000000000000004
1624.1724881000398 30.000000000000004
1622.4478702096094 30.000000000000004
1627.6217238809206 30.000000000000004
1624.1724881000398 30.000000000000004
1620.7232523191851 30.000000000000004
1618.9986344287672 30.000000000000004
1618.9986344287672 30.000000000000004
1617.2740165383557 30.000000000000004
1618.9986344287672 30.000000000000004
1620.7232523191851 30.000000000000004
1620.7232523191851 30.000000000000004
1618.9986344287672 30.000000000000004
1613.8247807575503 30.000000000000004
1618.9986344287672 30.000000000000004
1617.2740165383557 30.000000000000004
1618.9986344287672 30.000000000000004
1617.2740165383557 30.000000000000004
1617.2740165383557 30.000000000000004
1620.7232523191851 30.000000000000004
1613.8247807575503 30.000000000000004
1613.8247807575503 30.000000000000004
1615.54939864795 30.000000000000004
1615.54939864795 30.000000000000004
1612.1001628671568 30.000000000000004
1613.8247807575503 30.000000000000004
1617.2740165383557 30.000000000000004
1618.9986344287672 30.000000000000004
1618.9986344287672 30.000000000000004
1617.2740165383557 30.000000000000004
1618.9986344287672 30.000000000000004
1618.9986344287672 30.000000000000004
1613.8247807575503 30.000000000000004
1615.54939864795 30.000000000000004
1612.1001628671568 30.000000000000004
1613.8247807575503 30.000000000000004
1610.375544976769 30.000000000000004
1606.9263091960108 30.000000000000004
1608.6509270863871 30.000000000000004
1603.4770734152748 30.000000000000004
1603.4770734152748 30.000000000000004
1601.752455524915 30.000000000000004
1594.8539839635278 30.000000000000004
1598.303219744211 30.000000000000004
1598.303219744211 30.000000000000004
1601.752455524915 30.000000000000004
1605.20169130564 30.000000000000004
1598.303219744211 30.000000000000004
1598.303219744211 30.000000000000004
1598.303219744211 30.000000000000004
1596.5786018538668 30.000000000000004
1601.752455524915 30.000000000000004
1601.752455524915 30.000000000000004
1598.303219744211 30.000000000000004
1601.752455524915 30.000000000000004
1600.0278376345605 30.000000000000004
1600.0278376345605 30.000000000000004
1601.752455524915 30.000000000000004
1600.0278376345605 30.000000000000004
1598.303219744211 30.000000000000004
1596.5786018538668 30.000000000000004
1600.0278376345605 30.000000000000004
1600.0278376345605 30.000000000000004
1601.752455524915 30.000000000000004
1600.0278376345605 30.000000000000004
1598.303219744211 30.000000000000004
1598.303219744211 30.000000000000004
1598.303219744211 30.000000000000004
1600.0278376345605 30.000000000000004
1598.303219744211 30.000000000000004
1600.0278376345605 30.000000000000004
1600.0278376345605 30.000000000000004
1600.0278376345605 30.000000000000004
1601.752455524915 30.000000000000004
1601.752455524915 30.000000000000004
1600.0278376345605 30.000000000000004
1600.0278376345605 30.000000000000004
1600.0278376345605 30.000000000000004
1600.0278376345605 30.000000000000004
1600.0278376345605 30.000000000000004
1598.303219744211 30.000000000000004
1594.8539839635278 30.000000000000004
1594.8539839635278 30.000000000000004
1594.8539839635278 30.000000000000004
1594.8539839635278 30.000000000000004
1593.1293660731935 30.000000000000004
1594.8539839635278 30.000000000000004
1593.1293660731935 30.000000000000004
1593.1293660731935 30.000000000000004
1593.1293660731935 30.000000000000004
1593.1293660731935 30.000000000000004
1591.404748182864 30.000000000000004
1591.404748182864 30.000000000000004
1591.404748182864 30.000000000000004
1593.1293660731935 30.000000000000004
1591.404748182864 30.000000000000004
1587.9555124022195 30.000000000000004
1589.6801302925394 30.000000000000004
1587.9555124022195 30.000000000000004
1586.2308945119041 30.000000000000004
1584.5062766215933 30.000000000000004
1587.9555124022195 30.000000000000004
1589.6801302925394 30.000000000000004
1586.2308945119041 30.000000000000004
1582.781658731287 30.000000000000004
1582.781658731287 30.000000000000004
1582.781658731287 30.000000000000004
1582.781658731287 30.000000000000004
1582.781658731287 30.000000000000004
1582.781658731287 30.000000000000004
1586.2308945119041 30.000000000000004
1584.5062766215933 30.000000000000004
1584.5062766215933 30.000000000000004
1581.0570408409849 30.000000000000004
1581.0570408409849 30.000000000000004
1582.781658731287 30.000000000000004
1582.781658731287 30.000000000000004
1582.781658731287 30.000000000000004
1581.0570408409849 30.000000000000004
1581.0570408409849 30.000000000000004
1579.332422950687 30.000000000000004
1579.332422950687 30.000000000000004
1579.332422950687 30.000000000000004
1581.0570408409849 30.000000000000004
1577.6078050603933 30.000000000000004
1577.6078050603933 30.000000000000004
1582.781658731287 30.000000000000004
1581.0570408409849 30.000000000000004
1582.781658731287 30.000000000000004
1586.2308945119041 30.000000000000004
1584.5062766215933 30.000000000000004
1584.5062766215933 30.000000000000004
1587.9555124022195 30.000000000000004
1587.9555124022195 30.000000000000004
1587.9555124022195 30.000000000000004
1584.5062766215933 30.000000000000004
1586.2308945119041 30.000000000000004
1582.781658731287 30.000000000000004
1582.781658731287 30.000000000000004
1586.2308945119041 30.000000000000004
1586.2308945119041 30.000000000000004
1587.9555124022195 30.000000000000004
1586.2308945119041 30.000000000000004
1586.2308945119041 30.000000000000004
1586.2308945119041 30.000000000000004
1586.2308945119041 30.000000000000004
1586.2308945119041 30.000000000000004
1584.5062766215933 30.000000000000004
1584.5062766215933 30.000000000000004
1582.781658731287 30.000000000000004
1584.5062766215933 30.000000000000004
1586.2308945119041 30.000000000000004
1589.6801302925394 30.000000000000004
1587.9555124022195 30.000000000000004
1586.2308945119041 30.000000000000004
1586.2308945119041 30.000000000000004
1587.9555124022195 30.000000000000004
1587.9555124022195 30.000000000000004
1584.5062766215933 30.000000000000004
1584.5062766215933 30.000000000000004
1586.2308945119041 30.000000000000004
1586.2308945119041 30.000000000000004
1586.2308945119041 30.000000000000004
1587.9555124022195 30.000000000000004
1587.9555124022195 30.000000000000004
1596.5786018538668 30.000000000000004
1596.5786018538668 30.000000000000004
1598.303219744211 30.000000000000004
1598.303219744211 30.000000000000004
1596.5786018538668 30.000000000000004
1596.5786018538668 30.000000000000004
1594.8539839635278 30.000000000000004
1594.8539839635278 30.000000000000004
1601.752455524915 30.000000000000004
1600.0278376345605 30.000000000000004
1598.303219744211 30.000000000000004
1603.4770734152748 30.000000000000004
1600.0278376345605 30.000000000000004
1600.0278376345605 30.000000000000004
1600.0278376345605 30.000000000000004
1598.303219744211 30.000000000000004
1598.303219744211 30.000000000000004
1596.5786018538668 30.000000000000004
1598.303219744211 30.000000000000004
1598.303219744211 30.000000000000004
1600.0278376345605 30.000000000000004
1601.752455524915 30.000000000000004
1601.752455524915 30.000000000000004
1598.303219744211 30.000000000000004
1596.5786018538668 30.000000000000004
1596.5786018538668 30.000000000000004
1594.8539839635278 30.000000000000004
1591.404748182864 30.000000000000004
1589.6801302925394 30.000000000000004
1587.9555124022195 30.000000000000004
1589.6801302925394 30.000000000000004
1589.6801302925394 30.000000000000004
1587.9555124022195 30.000000000000004
1586.2308945119041 30.000000000000004
1587.9555124022195 30.000000000000004
1586.2308945119041 30.000000000000004
1589.6801302925394 30.000000000000004
1587.9555124022195 30.000000000000004
1587.9555124022195 30.000000000000004
1586.2308945119041 30.000000000000004
1584.5062766215933 30.000000000000004
1584.5062766215933 30.000000000000004
1584.5062766215933 30.000000000000004
1584.5062766215933 30.000000000000004
1587.9555124022195 30.000000000000004
1587.9555124022195 30.000000000000004
1589.6801302925394 30.000000000000004
1589.6801302925394 30.000000000000004
1589.6801302925394 30.000000000000004
1591.404748182864 30.000000000000004
1591.404748182864 30.000000000000004
1587.9555124022195 30.000000000000004
1586.2308945119041 30.000000000000004
1587.9555124022195 30.000000000000004
1586.2308945119041 30.000000000000004
1586.2308945119041 30.000000000000004
1586.2308945119041 30.000000000000004
1584.5062766215933 30.000000000000004
1584.5062766215933 30.000000000000004
1582.781658731287 30.000000000000004
1587.9555124022195 30.000000000000004
1587.9555124022195 30.000000000000004
1586.2308945119041 30.000000000000004
1587.9555124022195 30.000000000000004
1584.5062766215933 30.000000000000004
1581.0570408409849 30.000000000000004
1579.332422950687 30.000000000000004
1586.2308945119041 30.000000000000004
1586.2308945119041 30.000000000000004
1584.5062766215933 30.000000000000004
1582.781658731287 30.000000000000004
1577.6078050603933 30.000000000000004
1575.8831871701036 30.000000000000004
1575.8831871701036 30.000000000000004
1575.8831871701036 30.000000000000004
1574.1585692798178 30.000000000000004
1574.1585692798178 30.000000000000004
1572.433951389536 30.000000000000004
1568.9847156089836 30.000000000000004
1568.9847156089836 30.000000000000004
1570.709333499258 30.000000000000004
1570.709333499258 30.000000000000004
1570.709333499258 30.000000000000004
1570.709333499258 30.000000000000004
1568.9847156089836 30.000000000000004
1572.433951389536 30.000000000000004
1570.709333499258 30.000000000000004
1570.709333499258 30.000000000000004
1568.9847156089836 30.000000000000004
1568.9847156089836 30.000000000000004
1567.2600977187128 30.000000000000004
1565.5354798284457 30.000000000000004
1563.8108619381817 30.000000000000004
1560.361626157664 30.000000000000004
1560.361626157664 30.000000000000004
1560.361626157664 30.000000000000004
1562.0862440479211 30.000000000000004
1563.8108619381817 30.000000000000004
1563.8108619381817 30.000000000000004
1563.8108619381817 30.000000000000004
1562.0862440479211 30.000000000000004
1563.8108619381817 30.000000000000004
1563.8108619381817 30.000000000000004
1563.8108619381817 30.000000000000004
1562.0862440479211 30.000000000000004
1560.361626157664 30.000000000000004
1562.0862440479211 30.000000000000004
1563.8108619381817 30.000000000000004
1565.5354798284457 30.000000000000004
1565.5354798284457 30.000000000000004
1563.8108619381817 30.000000000000004
1563.8108619381817 30.000000000000004
1563.8108619381817 30.000000000000004
1563.8108619381817 30.000000000000004
1563.8108619381817 30.000000000000004
1567.2600977187128 30.000000000000004
1567.2600977187128 30.000000000000004
1568.9847156089836 30.000000000000004
1568.9847156089836 30.000000000000004
1568.9847156089836 30.000000000000004
1568.9847156089836 30.000000000000004
1567.2600977187128 30.000000000000004
1568.9847156089836 30.000000000000004
1567.2600977187128 30.000000000000004
1568.9847156089836 30.000000000000004
1565.5354798284457 30.000000000000004
1565.5354798284457 30.000000000000004
1567.2600977187128 30.000000000000004
1568.9847156089836 30.000000000000004
1565.5354798284457 30.000000000000004
1565.5354798284457 30.000000000000004
1563.8108619381817 30.000000000000004
1565.5354798284457 30.000000000000004
1563.8108619381817 30.000000000000004
1563.8108619381817 30.000000000000004
1563.8108619381817 30.000000000000004
1563.8108619381817 30.000000000000004
1562.0862440479211 30.000000000000004
1558.6370082674098 30.000000000000004
1558.6370082674098 30.000000000000004
1556.9123903771588 30.000000000000004
1556.9123903771588 30.000000000000004
1556.9123903771588 30.000000000000004
1558.6370082674098 30.000000000000004
1558.6370082674098 30.000000000000004
1556.9123903771588 30.000000000000004
1558.6370082674098 30.000000000000004
1555.1877724869105 30.000000000000004
1553.4631545966654 30.000000000000004
1555.1877724869105 30.000000000000004
1555.1877724869105 30.000000000000004
1555.1877724869105 30.000000000000004
1553.4631545966654 30.000000000000004
1553.4631545966654 30.000000000000004
1553.4631545966654 30.000000000000004
1553.4631545966654 30.000000000000004
1553.4631545966654 30.000000000000004
1553.4631545966654 30.000000000000004
1553.4631545966654 30.000000000000004
1555.1877724869105 30.000000000000004
1555.1877724869105 30.000000000000004
1555.1877724869105 30.000000000000004
1555.1877724869105 30.000000000000004
1553.4631545966654 30.000000000000004
1551.7385367064228 30.000000000000004
1553.4631545966654 30.000000000000004
1550.0139188161831 30.000000000000004
1551.7385367064228 30.000000000000004
1550.0139188161831 30.000000000000004
1548.289300925946 30.000000000000004
1548.289300925946 30.000000000000004
1548.289300925946 30.000000000000004
1548.289300925946 30.000000000000004
1548.289300925946 30.000000000000004
1548.289300925946 30.000000000000004
1548.289300925946 30.000000000000004
1551.7385367064228 30.000000000000004
1550.0139188161831 30.000000000000004
1550.0139188161831 30.000000000000004
1548.289300925946 30.000000000000004
1548.289300925946 30.000000000000004
1546.5646830357114 30.000000000000004
1548.289300925946 30.000000000000004
1544.8400651454792 30.000000000000004
1546.5646830357114 30.000000000000004
1550.0139188161831 30.000000000000004
1550.0139188161831 30.000000000000004
1550.0139188161831 30.000000000000004
1550.0139188161831 30.000000000000004
1548.289300925946 30.000000000000004
1548.289300925946 30.000000000000004
1548.289300925946 30.000000000000004
1548.289300925946 30.000000000000004
1550.0139188161831 30.000000000000004
1548.289300925946 30.000000000000004
1550.0139188161831 30.000000000000004
1548.289300925946 30.000000000000004
1546.5646830357114 30.000000000000004
1546.5646830357114 30.000000000000004
1548.289300925946 30.000000000000004
1551.7385367064228 30.000000000000004
1551.7385367064228 30.000000000000004
1553.4631545966654 30.000000000000004
1553.4631545966654 30.000000000000004
1553.4631545966654 30.000000000000004
1551.7385367064228 30.000000000000004
1551.7385367064228 30.000000000000004
1550.0139188161831 30.000000000000004
1550.0139188161831 30.000000000000004
1550.0139188161831 30.000000000000004
1550.0139188161831 30.000000000000004
1550.0139188161831 30.000000000000004
1551.7385367064228 30.000000000000004
1548.289300925946 30.000000000000004
1550.0139188161831 30.000000000000004
1550.0139188161831 30.000000000000004
1548.289300925946 30.000000000000004
1551.7385367064228 30.000000000000004
1555.1877724869105 30.000000000000004
1556.9123903771588 30.000000000000004
1555.1877724869105 30.000000000000004
1553.4631545966654 30.000000000000004
1553.4631545966654 30.000000000000004
1553.4631545966654 30.000000000000004
1555.1877724869105 30.000000000000004
1553.4631545966654 30.000000000000004
1555.1877724869105 30.000000000000004
1555.1877724869105 30.000000000000004
1553.4631545966654 30.000000000000004
1553.4631545966654 30.000000000000004
1553.4631545966654 30.000000000000004
1553.4631545966654 30.000000000000004
1553.4631545966654 30.000000000000004
1553.4631545966654 30.000000000000004
1558.6370082674098 30.000000000000004
1560.361626157664 30.000000000000004
1560.361626157664 30.000000000000004
1560.361626157664 30.000000000000004
1560.361626157664 30.000000000000004
1560.361626157664 30.000000000000004
1560.361626157664 30.000000000000004
1560.361626157664 30.000000000000004
1560.361626157664 30.000000000000004
1556.9123903771588 30.000000000000004
1556.9123903771588 30.000000000000004
1556.9123903771588 30.000000000000004
1556.9123903771588 30.000000000000004
1555.1877724869105 30.000000000000004
1556.9123903771588 30.000000000000004
1555.1877724869105 30.000000000000004
1555.1877724869105 30.000000000000004
1553.4631545966654 30.000000000000004
1553.4631545966654 30.000000000000004
1555.1877724869105 30.000000000000004
1553.4631545966654 30.000000000000004
1556.9123903771588 30.000000000000004
1562.0862440479211 30.000000000000004
1560.361626157664 30.000000000000004
1556.9123903771588 30.000000000000004
1558.6370082674098 30.000000000000004
1558.6370082674098 30.000000000000004
1560.361626157664 30.000000000000004
1556.9123903771588 30.000000000000004
1556.9123903771588 30.000000000000004
1556.9123903771588 30.000000000000004
1556.9123903771588 30.000000000000004
1556.9123903771588 30.000000000000004
1560.361626157664 30.000000000000004
1558.6370082674098 30.000000000000004
1558.6370082674098 30.000000000000004
1558.6370082674098 30.000000000000004
1555.1877724869105 30.000000000000004
1553.4631545966654 30.000000000000004
1555.1877724869105 30.000000000000004
1556.9123903771588 30.000000000000004
1558.6370082674098 30.000000000000004
1558.6370082674098 30.000000000000004
1556.9123903771588 30.000000000000004
1558.6370082674098 30.000000000000004
1560.361626157664 30.000000000000004
1560.361626157664 30.000000000000004
1563.8108619381817 30.000000000000004
1567.2600977187128 30.000000000000004
1567.2600977187128 30.000000000000004
1563.8108619381817 30.000000000000004
1565.5354798284457 30.000000000000004
1568.9847156089836 30.000000000000004
1568.9847156089836 30.000000000000004
1567.2600977187128 30.000000000000004
1567.2600977187128 30.000000000000004
1565.5354798284457 30.000000000000004
1565.5354798284457 30.000000000000004
1565.5354798284457 30.000000000000004
1565.5354798284457 30.000000000000004
1567.2600977187128 30.000000000000004
1570.709333499258 30.000000000000004
1570.709333499258 30.000000000000004
1568.9847156089836 30.000000000000004
1568.9847156089836 30.000000000000004
1570.709333499258 30.000000000000004
1568.9847156089836 30.000000000000004
1568.9847156089836 30.000000000000004
1570.709333499258 30.000000000000004
1570.709333499258 30.000000000000004
1568.9847156089836 30.000000000000004
1570.709333499258 30.000000000000004
1570.709333499258 30.000000000000004
1570.709333499258 30.000000000000004
1570.709333499258 30.000000000000004
1572.433951389536 30.000000000000004
1572.433951389536 30.000000000000004
1574.1585692798178 30.000000000000004
1574.1585692798178 30.000000000000004
1574.1585692798178 30.000000000000004
1574.1585692798178 30.000000000000004
1572.433951389536 30.000000000000004
1574.1585692798178 30.000000000000004
1575.8831871701036 30.000000000000004
1575.8831871701036 30.000000000000004
1575.8831871701036 30.000000000000004
1575.8831871701036 30.000000000000004
1574.1585692798178 30.000000000000004
1574.1585692798178 30.000000000000004
1574.1585692798178 30.000000000000004
1572.433951389536 30.000000000000004
1574.1585692798178 30.000000000000004
1574.1585692798178 30.000000000000004
1575.8831871701036 30.000000000000004
1574.1585692798178 30.000000000000004
1574.1585692798178 30.000000000000004
1574.1585692798178 30.000000000000004
1574.1585692798178 30.000000000000004
1575.8831871701036 30.000000000000004
1579.332422950687 30.000000000000004
1584.5062766215933 30.000000000000004
1584.5062766215933 30.000000000000004
1586.2308945119041 30.000000000000004
1587.9555124022195 30.000000000000004
1587.9555124022195 30.000000000000004
1587.9555124022195 30.000000000000004
1587.9555124022195 30.000000000000004
1589.6801302925394 30.000000000000004
1587.9555124022195 30.000000000000004
1587.9555124022195 30.000000000000004
1587.9555124022195 30.000000000000004
1589.6801302925394 30.000000000000004
1589.6801302925394 30.000000000000004
1586.2308945119041 30.000000000000004
1584.5062766215933 30.000000000000004
1584.5062766215933 30.000000000000004
1586.2308945119041 30.000000000000004
1584.5062766215933 30.000000000000004
1586.2308945119041 30.000000000000004
1586.2308945119041 30.000000000000004
1587.9555124022195 30.000000000000004
1586.2308945119041 30.000000000000004
1586.2308945119041 30.000000000000004
1587.9555124022195 30.000000000000004
1587.9555124022195 30.000000000000004
1591.404748182864 30.000000000000004
1591.404748182864 30.000000000000004
1589.6801302925394 30.000000000000004
1589.6801302925394 30.000000000000004
1589.6801302925394 30.000000000000004
1589.6801302925394 30.000000000000004
1589.6801302925394 30.000000000000004
1589.6801302925394 30.000000000000004
1589.6801302925394 30.000000000000004
1589.6801302925394 30.000000000000004
1591.404748182864 30.000000000000004
1589.6801302925394 30.000000000000004
1589.6801302925394 30.000000000000004
1587.9555124022195 30.000000000000004
1587.9555124022195 30.000000000000004
1587.9555124022195 30.000000000000004
1587.9555124022195 30.000000000000004
1589.6801302925394 30.000000000000004
1587.9555124022195 30.000000000000004
1587.9555124022195 30.000000000000004
1589.6801302925394 30.000000000000004
1587.9555124022195 30.000000000000004
1587.9555124022195 30.000000000000004
1589.6801302925394 30.000000000000004
1586.2308945119041 30.000000000000004
1584.5062766215933 30.000000000000004
1587.9555124022195 30.000000000000004
1586.2308945119041 30.000000000000004
1587.9555124022195 30.000000000000004
1587.9555124022195 30.000000000000004
1587.9555124022195 30.000000000000004
1587.9555124022195 30.000000000000004
1589.6801302925394 30.000000000000004
1589.6801302925394 30.000000000000004
1587.9555124022195 30.000000000000004
1587.9555124022195 30.000000000000004
1587.9555124022195 30.000000000000004
1587.9555124022195 30.000000000000004
1587.9555124022195 30.000000000000004
1587.9555124022195 30.000000000000004
1584.5062766215933 30.000000000000004
1587.9555124022195 30.000000000000004
1586.2308945119041 30.000000000000004
1586.2308945119041 30.000000000000004
1589.6801302925394 30.000000000000004
1589.6801302925394 30.000000000000004
1591.404748182864 30.000000000000004
1591.404748182864 30.000000000000004
1591.404748182864 30.000000000000004
1589.6801302925394 30.000000000000004
1591.404748182864 30.000000000000004
1594.8539839635278 30.000000000000004
1594.8539839635278 30.000000000000004
1593.1293660731935 30.000000000000004
1594.8539839635278 30.000000000000004
1596.5786018538668 30.000000000000004
1593.1293660731935 30.000000000000004
1593.1293660731935 30.000000000000004
1593.1293660731935 30.000000000000004
1593.1293660731935 30.000000000000004
1593.1293660731935 30.000000000000004
1593.1293660731935 30.000000000000004
1593.1293660731935 30.000000000000004
1593.1293660731935 30.000000000000004
1593.1293660731935 30.000000000000004
1594.8539839635278 30.000000000000004
1596.5786018538668 30.000000000000004
1598.303219744211 30.000000000000004
1596.5786018538668 30.000000000000004
1594.8539839635278 30.000000000000004
1594.8539839635278 30.000000000000004
1593.1293660731935 30.000000000000004
1593.1293660731935 30.000000000000004
1593.1293660731935 30.000000000000004
1593.1293660731935 30.000000000000004
1594.8539839635278 30.000000000000004
1594.8539839635278 30.000000000000004
1594.8539839635278 30.000000000000004
1596.5786018538668 30.000000000000004
1596.5786018538668 30.000000000000004
1596.5786018538668 30.000000000000004
1594.8539839635278 30.000000000000004
1598.303219744211 30.000000000000004
1598.303219744211 30.000000000000004
1598.303219744211 30.000000000000004
1598.303219744211 30.000000000000004
1601.752455524915 30.000000000000004
1600.0278376345605 30.000000000000004
1601.752455524915 30.000000000000004
1603.4770734152748 30.000000000000004
1603.4770734152748 30.000000000000004
1603.4770734152748 30.000000000000004
1601.752455524915 30.000000000000004
1601.752455524915 30.000000000000004
1601.752455524915 30.000000000000004
1603.4770734152748 30.000000000000004
1603.4770734152748 30.000000000000004
1601.752455524915 30.000000000000004
1601.752455524915 30.000000000000004
1601.752455524915 30.000000000000004
1600.0278376345605 30.000000000000004
1601.752455524915 30.000000000000004
1603.4770734152748 30.000000000000004
1605.20169130564 30.000000000000004
1605.20169130564 30.000000000000004
1601.752455524915 30.000000000000004
1605.20169130564 30.000000000000004
1606.9263091960108 30.000000000000004
1606.9263091960108 30.000000000000004
1605.20169130564 30.000000000000004
1606.9263091960108 30.000000000000004
1606.9263091960108 30.000000000000004
1605.20169130564 30.000000000000004
1606.9263091960108 30.000000000000004
1608.6509270863871 30.000000000000004
1608.6509270863871 30.000000000000004
1606.9263091960108 30.000000000000004
1606.9263091960108 30.000000000000004
1605.20169130564 30.000000000000004
1608.6509270863871 30.000000000000004
1606.9263091960108 30.000000000000004
1608.6509270863871 30.000000000000004
1608.6509270863871 30.000000000000004
1608.6509270863871 30.000000000000004
1608.6509270863871 30.000000000000004
1612.1001628671568 30.000000000000004
1610.375544976769 30.000000000000004
1615.54939864795 30.000000000000004
1613.8247807575503 30.000000000000004
1613.8247807575503 30.000000000000004
1615.54939864795 30.000000000000004
1617.2740165383557 30.000000000000004
1615.54939864795 30.000000000000004
1618.9986344287672 30.000000000000004
1620.7232523191851 30.000000000000004
1615.54939864795 30.000000000000004
1617.2740165383557 30.000000000000004
1618.9986344287672 30.000000000000004
1617.2740165383557 30.000000000000004
1615.54939864795 30.000000000000004
1617.2740165383557 30.000000000000004
1617.2740165383557 30.000000000000004
1617.2740165383557 30.000000000000004
1615.54939864795 30.000000000000004
1615.54939864795 30.000000000000004
1620.7232523191851 30.000000000000004
1620.7232523191851 30.000000000000004
1617.2740165383557 30.000000000000004
1618.9986344287672 30.000000000000004
1613.8247807575503 30.000000000000004
1617.2740165383557 30.000000000000004
1613.8247807575503 30.000000000000004
1617.2740165383557 30.000000000000004
1615.54939864795 30.000000000000004
1615.54939864795 30.000000000000004
1615.54939864795 30.000000000000004
1615.54939864795 30.000000000000004
1618.9986344287672 30.000000000000004
1617.2740165383557 30.000000000000004
1617.2740165383557 30.000000000000004
1617.2740165383557 30.000000000000004
1617.2740165383557 30.000000000000004
1617.2740165383557 30.000000000000004
1617.2740165383557 30.000000000000004
1620.7232523191851 30.000000000000004
1624.1724881000398 30.000000000000004
1622.4478702096094 30.000000000000004
1620.7232523191851 30.000000000000004
1618.9986344287672 30.000000000000004
1620.7232523191851 30.000000000000004
1622.4478702096094 30.000000000000004
1620.7232523191851 30.000000000000004
1622.4478702096094 30.000000000000004
1625.897105990477 30.000000000000004
1622.4478702096094 30.000000000000004
1622.4478702096094 30.000000000000004
1620.7232523191851 30.000000000000004
1620.7232523191851 30.000000000000004
1620.7232523191851 30.000000000000004
1622.4478702096094 30.000000000000004
1620.7232523191851 30.000000000000004
1620.7232523191851 30.000000000000004
1617.2740165383557 30.000000000000004
1617.2740165383557 30.000000000000004
1620.7232523191851 30.000000000000004
1618.9986344287672 30.000000000000004
