DESDE
1677.6356427070464 30.000000000000004
1643.1432848952236 30.000000000000004
1629.3463417713708 30.000000000000004
1601.752455524915 30.000000000000004
1605.20169130564 30.000000000000004
1593.1293660731935 30.000000000000004
1600.0278376345605 30.000000000000004
1593.1293660731935 30.000000000000004
1556.9123903771588 30.000000000000004
1563.8108619381817 30.000000000000004
1543.1154472552494 30.000000000000004
1548.289300925946 30.000000000000004
1531.0431220236983 30.000000000000004
1517.246178902021 30.000000000000004
1517.246178902021 30.000000000000004
1510.3477073412068 30.000000000000004
1508.623089451005 30.000000000000004
1503.4492357804013 30.000000000000004
1503.4492357804013 30.000000000000004
1493.1015284391967 30.000000000000004
1487.9276747685906 30.000000000000004
1498.2753821097995 30.000000000000004
1491.376910548995 30.000000000000004
1474.1307316469404 30.000000000000004
1470.6814958665161 30.000000000000004
1474.1307316469404 30.000000000000004
1467.2322600860857 30.000000000000004
1453.4353169642886 30.000000000000004
1449.9860811838169 30.000000000000004
1443.0876096228412 30.000000000000004
1439.638373842336 30.000000000000004
1434.4645201715543 30.000000000000004
1431.0152843910164 30.000000000000004
1443.0876096228412 30.000000000000004
1443.0876096228412 30.000000000000004
1437.9137559520789 30.000000000000004
1437.9137559520789 30.000000000000004
1441.3629917325902 30.000000000000004
1434.4645201715543 30.000000000000004
1436.1891380618183 30.000000000000004
1437.9137559520789 30.000000000000004
1436.1891380618183 30.000000000000004
1431.0152843910164 30.000000000000004
1432.7399022812872 30.000000000000004
1431.0152843910164 30.000000000000004
1424.1168128298964 30.000000000000004
1424.1168128298964 30.000000000000004
1422.3921949396067 30.000000000000004
1418.9429591590151 30.000000000000004
1420.667577049313 30.000000000000004
1434.4645201715543 30.000000000000004
1436.1891380618183 30.000000000000004
1429.290666500742 30.000000000000004
1432.7399022812872 30.000000000000004
1434.4645201715543 30.000000000000004
1424.1168128298964 30.000000000000004
1424.1168128298964 30.000000000000004
1422.3921949396067 30.000000000000004
1418.9429591590151 30.000000000000004
1417.218341268713 30.000000000000004
1420.667577049313 30.000000000000004
1415.4937233784067 30.000000000000004
1415.4937233784067 30.000000000000004
1413.7691054880959 30.000000000000004
1412.0444875977805 30.000000000000004
1413.7691054880959 30.000000000000004
1413.7691054880959 30.000000000000004
1410.3198697074606 30.000000000000004
1408.595251817136 30.000000000000004
1410.3198697074606 30.000000000000004
1405.1460160364722 30.000000000000004
1406.8706339268065 30.000000000000004
1405.1460160364722 30.000000000000004
1403.4213981461332 30.000000000000004
1399.9721623654395 30.000000000000004
1399.9721623654395 30.000000000000004
1401.696780255789 30.000000000000004
1403.4213981461332 30.000000000000004
1403.4213981461332 30.000000000000004
1401.696780255789 30.000000000000004
1396.5229265847252 30.000000000000004
1396.5229265847252 30.000000000000004
1391.3490729136129 30.000000000000004
1394.79830869436 30.000000000000004
1394.79830869436 30.000000000000004
1394.79830869436 30.000000000000004
1391.3490729136129 30.000000000000004
1389.624455023231 30.000000000000004
1386.1752192424497 30.000000000000004
1387.8998371328432 30.000000000000004
1386.1752192424497 30.000000000000004
1379.2767476808149 30.000000000000004
1375.8275118999602 30.000000000000004
1372.3782761190794 30.000000000000004
1375.8275118999602 30.000000000000004
1382.7259834616443 30.000000000000004
1384.45060135205 30.000000000000004
1386.1752192424497 30.000000000000004
1377.5521297903906 30.000000000000004
1379.2767476808149 30.000000000000004
1384.45060135205 30.000000000000004
1386.1752192424497 30.000000000000004
1387.8998371328432 30.000000000000004
1387.8998371328432 30.000000000000004
1384.45060135205 30.000000000000004
1382.7259834616443 30.000000000000004
1381.0013655712328 30.000000000000004
1381.0013655712328 30.000000000000004
1387.8998371328432 30.000000000000004
1386.1752192424497 30.000000000000004
1386.1752192424497 30.000000000000004
1386.1752192424497 30.000000000000004
1384.45060135205 30.000000000000004
1386.1752192424497 30.000000000000004
1386.1752192424497 30.000000000000004
1382.7259834616443 30.000000000000004
1389.624455023231 30.000000000000004
1393.0736908039892 30.000000000000004
1389.624455023231 30.000000000000004
1384.45060135205 30.000000000000004
1384.45060135205 30.000000000000004
1386.1752192424497 30.000000000000004
1384.45060135205 30.000000000000004
1384.45060135205 30.000000000000004
1386.1752192424497 30.000000000000004
1387.8998371328432 30.000000000000004
1384.45060135205 30.000000000000004
1386.1752192424497 30.000000000000004
1382.7259834616443 30.000000000000004
1381.0013655712328 30.000000000000004
1377.5521297903906 30.000000000000004
1381.0013655712328 30.000000000000004
1382.7259834616443 30.000000000000004
1382.7259834616443 30.000000000000004
1379.2767476808149 30.000000000000004
1379.2767476808149 30.000000000000004
1381.0013655712328 30.000000000000004
1382.7259834616443 30.000000000000004
1387.8998371328432 30.000000000000004
1391.3490729136129 30.000000000000004
1393.0736908039892 30.000000000000004
1393.0736908039892 30.000000000000004
1393.0736908039892 30.000000000000004
1387.8998371328432 30.000000000000004
1389.624455023231 30.000000000000004
1387.8998371328432 30.000000000000004
1387.8998371328432 30.000000000000004
1394.79830869436 30.000000000000004
1394.79830869436 30.000000000000004
1396.5229265847252 30.000000000000004
1396.5229265847252 30.000000000000004
1401.696780255789 30.000000000000004
1399.9721623654395 30.000000000000004
1394.79830869436 30.000000000000004
1399.9721623654395 30.000000000000004
1399.9721623654395 30.000000000000004
1399.9721623654395 30.000000000000004
1403.4213981461332 30.000000000000004
1403.4213981461332 30.000000000000004
1403.4213981461332 30.000000000000004
1412.0444875977805 30.000000000000004
1408.595251817136 30.000000000000004
1406.8706339268065 30.000000000000004
1410.3198697074606 30.000000000000004
1412.0444875977805 30.000000000000004
1412.0444875977805 30.000000000000004
1412.0444875977805 30.000000000000004
1408.595251817136 30.000000000000004
1406.8706339268065 30.000000000000004
1410.3198697074606 30.000000000000004
1413.7691054880959 30.000000000000004
1415.4937233784067 30.000000000000004
1413.7691054880959 30.000000000000004
1412.0444875977805 30.000000000000004
1412.0444875977805 30.000000000000004
1413.7691054880959 30.000000000000004
1417.218341268713 30.000000000000004
1415.4937233784067 30.000000000000004
1413.7691054880959 30.000000000000004
1415.4937233784067 30.000000000000004
1412.0444875977805 30.000000000000004
1415.4937233784067 30.000000000000004
1415.4937233784067 30.000000000000004
1415.4937233784067 30.000000000000004
1413.7691054880959 30.000000000000004
1413.7691054880959 30.000000000000004
1413.7691054880959 30.000000000000004
1412.0444875977805 30.000000000000004
1410.3198697074606 30.000000000000004
1412.0444875977805 30.000000000000004
1412.0444875977805 30.000000000000004
1413.7691054880959 30.000000000000004
1410.3198697074606 30.000000000000004
1408.595251817136 30.000000000000004
1406.8706339268065 30.000000000000004
1406.8706339268065 30.000000000000004
1406.8706339268065 30.000000000000004
1410.3198697074606 30.000000000000004
1417.218341268713 30.000000000000004
1417.218341268713 30.000000000000004
1418.9429591590151 30.000000000000004
1415.4937233784067 30.000000000000004
1415.4937233784067 30.000000000000004
1417.218341268713 30.000000000000004
1418.9429591590151 30.000000000000004
1418.9429591590151 30.000000000000004
1418.9429591590151 30.000000000000004
1420.667577049313 30.000000000000004
1417.218341268713 30.000000000000004
1422.3921949396067 30.000000000000004
1422.3921949396067 30.000000000000004
1420.667577049313 30.000000000000004
1422.3921949396067 30.000000000000004
1420.667577049313 30.000000000000004
1420.667577049313 30.000000000000004
1413.7691054880959 30.000000000000004
1413.7691054880959 30.000000000000004
1415.4937233784067 30.000000000000004
1417.218341268713 30.000000000000004
1422.3921949396067 30.000000000000004
1422.3921949396067 30.000000000000004
1425.8414307201822 30.000000000000004
1420.667577049313 30.000000000000004
1422.3921949396067 30.000000000000004
1425.8414307201822 30.000000000000004
1424.1168128298964 30.000000000000004
1424.1168128298964 30.000000000000004
1425.8414307201822 30.000000000000004
1427.566048610464 30.000000000000004
1427.566048610464 30.000000000000004
1427.566048610464 30.000000000000004
1427.566048610464 30.000000000000004
1427.566048610464 30.000000000000004
1429.290666500742 30.000000000000004
1429.290666500742 30.000000000000004
1429.290666500742 30.000000000000004
1431.0152843910164 30.000000000000004
1436.1891380618183 30.000000000000004
1436.1891380618183 30.000000000000004
1437.9137559520789 30.000000000000004
1437.9137559520789 30.000000000000004
1436.1891380618183 30.000000000000004
1436.1891380618183 30.000000000000004
1437.9137559520789 30.000000000000004
1436.1891380618183 30.000000000000004
1437.9137559520789 30.000000000000004
1436.1891380618183 30.000000000000004
1441.3629917325902 30.000000000000004
1439.638373842336 30.000000000000004
1439.638373842336 30.000000000000004
1436.1891380618183 30.000000000000004
1436.1891380618183 30.000000000000004
1434.4645201715543 30.000000000000004
1436.1891380618183 30.000000000000004
1437.9137559520789 30.000000000000004
1437.9137559520789 30.000000000000004
1441.3629917325902 30.000000000000004
1443.0876096228412 30.000000000000004
1441.3629917325902 30.000000000000004
1449.9860811838169 30.000000000000004
1441.3629917325902 30.000000000000004
1441.3629917325902 30.000000000000004
1444.8122275130895 30.000000000000004
1444.8122275130895 30.000000000000004
1443.0876096228412 30.000000000000004
1448.2614632935772 30.000000000000004
1448.2614632935772 30.000000000000004
1451.710699074054 30.000000000000004
1456.8845527447506 30.000000000000004
1451.710699074054 30.000000000000004
1451.710699074054 30.000000000000004
1455.1599348545208 30.000000000000004
1453.4353169642886 30.000000000000004
1453.4353169642886 30.000000000000004
1456.8845527447506 30.000000000000004
1460.3337885252038 30.000000000000004
1472.406113756729 30.000000000000004
1468.9568779763017 30.000000000000004
1468.9568779763017 30.000000000000004
1468.9568779763017 30.000000000000004
1470.6814958665161 30.000000000000004
1475.8553495371505 30.000000000000004
1475.8553495371505 30.000000000000004
1482.753821097979 30.000000000000004
1486.2030568783875 30.000000000000004
1484.4784389881836 30.000000000000004
1485.3407479332857 30.000000000000004
1483.6161300430815 30.000000000000004
1488.789983713692 30.000000000000004
1487.0653658234892 30.000000000000004
1487.0653658234892 30.000000000000004
1492.239219494096 30.000000000000004
1493.9638373842972 30.000000000000004
1488.789983713692 30.000000000000004
1493.9638373842972 30.000000000000004
1493.9638373842972 30.000000000000004
1495.6884552744982 30.000000000000004
1495.6884552744982 30.000000000000004
1495.6884552744982 30.000000000000004
1495.6884552744982 30.000000000000004
1490.514601603894 30.000000000000004
1490.514601603894 30.000000000000004
1490.514601603894 30.000000000000004
1490.514601603894 30.000000000000004
1485.3407479332857 30.000000000000004
1492.239219494096 30.000000000000004
1495.6884552744982 30.000000000000004
1504.3115447255018 30.000000000000004
1502.586926835301 30.000000000000004
1504.3115447255018 30.000000000000004
1511.210016286308 30.000000000000004
1514.6592520667143 30.000000000000004
1516.3838699569185 30.000000000000004
1521.557723627537 30.000000000000004
1523.282341517745 30.000000000000004
1528.4561951883773 30.000000000000004
1528.4561951883773 30.000000000000004
1526.7315772981651 30.000000000000004
1525.0069594079544 30.000000000000004
1522.4200325726408 30.000000000000004
1522.4200325726408 30.000000000000004
1522.4200325726408 30.000000000000004
1524.1446504628495 30.000000000000004
1524.1446504628495 30.000000000000004
1527.593886243271 30.000000000000004
1527.593886243271 30.000000000000004
1536.2169756943515 30.000000000000004
1537.941593584573 30.000000000000004
1534.492357804132 30.000000000000004
1541.3908293650218 30.000000000000004
1539.6662114747962 30.000000000000004
1539.6662114747962 30.000000000000004
1539.6662114747962 30.000000000000004
1539.6662114747962 30.000000000000004
1541.3908293650218 30.000000000000004
1539.6662114747962 30.000000000000004
1537.941593584573 30.000000000000004
1546.5646830357114 30.000000000000004
1551.7385367064228 30.000000000000004
1546.5646830357114 30.000000000000004
1546.5646830357114 30.000000000000004
1543.1154472552494 30.000000000000004
1539.6662114747962 30.000000000000004
1541.3908293650218 30.000000000000004
1544.8400651454792 30.000000000000004
1544.8400651454792 30.000000000000004
1544.8400651454792 30.000000000000004
1544.8400651454792 30.000000000000004
1544.8400651454792 30.000000000000004
1544.8400651454792 30.000000000000004
1551.7385367064228 30.000000000000004
1550.0139188161831 30.000000000000004
1550.8762277613027 30.000000000000004
1555.1877724869105 30.000000000000004
1555.1877724869105 30.000000000000004
1557.7746993222838 30.000000000000004
1561.2239351027922 30.000000000000004
1562.948552993051 30.000000000000004
1562.0862440479211 30.000000000000004
1562.0862440479211 30.000000000000004
1560.361626157664 30.000000000000004
1560.361626157664 30.000000000000004
1560.361626157664 30.000000000000004
1558.6370082674098 30.000000000000004
1562.0862440479211 30.000000000000004
1565.5354798284457 30.000000000000004
1568.9847156089836 30.000000000000004
1567.2600977187128 30.000000000000004
1563.8108619381817 30.000000000000004
1565.5354798284457 30.000000000000004
1563.8108619381817 30.000000000000004
1565.5354798284457 30.000000000000004
1563.8108619381817 30.000000000000004
1563.8108619381817 30.000000000000004
1563.8108619381817 30.000000000000004
1565.5354798284457 30.000000000000004
1563.8108619381817 30.000000000000004
1565.5354798284457 30.000000000000004
1560.361626157664 30.000000000000004
1560.361626157664 30.000000000000004
1563.8108619381817 30.000000000000004
1563.8108619381817 30.000000000000004
1565.5354798284457 30.000000000000004
1565.5354798284457 30.000000000000004
1567.2600977187128 30.000000000000004
1565.5354798284457 30.000000000000004
1568.9847156089836 30.000000000000004
1565.5354798284457 30.000000000000004
1567.2600977187128 30.000000000000004
1568.9847156089836 30.000000000000004
1567.2600977187128 30.000000000000004
1568.9847156089836 30.000000000000004
1568.1224066638479 30.000000000000004
1573.2962603346764 30.000000000000004
1571.5716424443965 30.000000000000004
1568.1224066638479 30.000000000000004
1568.1224066638479 30.000000000000004
1568.1224066638479 30.000000000000004
1573.2962603346764 30.000000000000004
1573.2962603346764 30.000000000000004
1573.2962603346764 30.000000000000004
1573.2962603346764 30.000000000000004
1571.5716424443965 30.000000000000004
1571.5716424443965 30.000000000000004
1573.2962603346764 30.000000000000004
1571.5716424443965 30.000000000000004
1571.5716424443965 30.000000000000004
1573.2962603346764 30.000000000000004
1575.0208782249601 30.000000000000004
1575.0208782249601 30.000000000000004
1575.0208782249601 30.000000000000004
1578.4701140055397 30.000000000000004
1578.4701140055397 30.000000000000004
1578.4701140055397 30.000000000000004
1580.1947318958355 30.000000000000004
1580.1947318958355 30.000000000000004
1581.9193497861354 30.000000000000004
1581.9193497861354 30.000000000000004
1580.1947318958355 30.000000000000004
1580.1947318958355 30.000000000000004
1580.1947318958355 30.000000000000004
1580.1947318958355 30.000000000000004
1583.6439676764396 30.000000000000004
1583.6439676764396 30.000000000000004
1583.6439676764396 30.000000000000004
1581.9193497861354 30.000000000000004
1583.6439676764396 30.000000000000004
1581.9193497861354 30.000000000000004
1581.9193497861354 30.000000000000004
1581.9193497861354 30.000000000000004
1581.9193497861354 30.000000000000004
1585.3685855667482 30.000000000000004
1585.3685855667482 30.000000000000004
1585.3685855667482 30.000000000000004
1587.0932034570612 30.000000000000004
1585.3685855667482 30.000000000000004
1585.3685855667482 30.000000000000004
1587.0932034570612 30.000000000000004
1587.0932034570612 30.000000000000004
1588.8178213473789 30.000000000000004
1592.2670571280282 30.000000000000004
1590.5424392377013 30.000000000000004
1588.8178213473789 30.000000000000004
1590.5424392377013 30.000000000000004
1592.2670571280282 30.000000000000004
1592.2670571280282 30.000000000000004
1592.2670571280282 30.000000000000004
1593.1293660731935 30.000000000000004
1593.1293660731935 30.000000000000004
1596.5786018538668 30.000000000000004
1598.303219744211 30.000000000000004
1596.5786018538668 30.000000000000004
1594.8539839635278 30.000000000000004
1593.1293660731935 30.000000000000004
1594.8539839635278 30.000000000000004
1593.1293660731935 30.000000000000004
1594.8539839635278 30.000000000000004
1594.8539839635278 30.000000000000004
1594.8539839635278 30.000000000000004
1594.8539839635278 30.000000000000004
1594.8539839635278 30.000000000000004
1595.7162929086967 30.000000000000004
1595.7162929086967 30.000000000000004
1595.7162929086967 30.000000000000004
1600.890146579737 30.000000000000004
1602.614764470094 30.000000000000004
1600.890146579737 30.000000000000004
1606.0640002508248 30.000000000000004
1604.3393823604567 30.000000000000004
1602.614764470094 30.000000000000004
1606.0640002508248 30.000000000000004
1606.0640002508248 30.000000000000004
1607.7886181411982 30.000000000000004
1607.7886181411982 30.000000000000004
1614.6870897027495 30.000000000000004
1611.2378539219621 30.000000000000004
1611.2378539219621 30.000000000000004
1614.6870897027495 30.000000000000004
1616.411707593152 30.000000000000004
1616.411707593152 30.000000000000004
1618.1363254835605 30.000000000000004
1625.0347970452576 30.000000000000004
1625.0347970452576 30.000000000000004
1625.0347970452576 30.000000000000004
1631.9332686070588 30.000000000000004
1630.2086507165984 30.000000000000004
1628.4840328261448 30.000000000000004
1630.2086507165984 30.000000000000004
1628.4840328261448 30.000000000000004
1628.4840328261448 30.000000000000004
1628.4840328261448 30.000000000000004
1630.2086507165984 30.000000000000004
1631.9332686070588 30.000000000000004
1631.9332686070588 30.000000000000004
1633.6578864975263 30.000000000000004
1633.6578864975263 30.000000000000004
1633.6578864975263 30.000000000000004
1635.3825043880006 30.000000000000004
1635.3825043880006 30.000000000000004
1633.6578864975263 30.000000000000004
1635.3825043880006 30.000000000000004
1635.3825043880006 30.000000000000004
1635.3825043880006 30.000000000000004
1638.8317401689703 30.000000000000004
1637.107122278482 30.000000000000004
1645.7302117309978 30.000000000000004
1654.3533011837035 30.000000000000004
1654.3533011837035 30.000000000000004
1654.3533011837035 30.000000000000004
1654.3533011837035 30.000000000000004
1652.6286832931467 30.000000000000004
1659.527154855423 30.000000000000004
1661.2517727460126 30.000000000000004
1664.7010085272173 30.000000000000004
1671.5994800897302 30.000000000000004
1669.874862199089 30.000000000000004
1675.0487158710403 30.000000000000004
1681.94718743377 30.000000000000004
1681.94718743377 30.000000000000004
1685.3964232151916 30.000000000000004
1697.4687484504766 30.000000000000004
1704.3672200137212 30.000000000000004
1706.0918379045588 30.000000000000004
1704.3672200137212 30.000000000000004
1716.439545249813 30.000000000000004
1719.888781031654 30.000000000000004
1730.2364883774544 30.000000000000004
1737.1349599415605 30.000000000000004
1742.3088136147699 30.000000000000004
1747.4826672880927 30.000000000000004
1756.1057567438904 30.000000000000004
1754.3811388527045 30.000000000000004
1769.902699873866 30.000000000000004
1773.3519356564989 30.000000000000004
1773.3519356564989 30.000000000000004
1773.3519356564989 30.000000000000004
1773.3519356564989 30.000000000000004
1773.3519356564989 30.000000000000004
1778.5257893305554 30.000000000000004
1778.5257893305554 30.000000000000004
1778.5257893305554 30.000000000000004
1788.8734966790632 30.000000000000004
1788.8734966790632 30.000000000000004
1790.5981145705334 30.000000000000004
1790.5981145705334 30.000000000000004
1790.5981145705334 30.000000000000004
1790.5981145705334 30.000000000000004
1792.3227324620188 30.000000000000004
1790.5981145705334 30.000000000000004
1788.8734966790632 30.000000000000004
1787.1488787876083 30.000000000000004
1788.8734966790632 30.000000000000004
1787.1488787876083 30.000000000000004
1788.8734966790632 30.000000000000004
1788.8734966790632 30.000000000000004
1787.1488787876083 30.000000000000004
1785.424260896168 30.000000000000004
1785.424260896168 30.000000000000004
1783.699643004743 30.000000000000004
1783.699643004743 30.000000000000004
1785.424260896168 30.000000000000004
1784.5619519504535 30.000000000000004
1784.5619519504535 30.000000000000004
1786.2865698418864 30.000000000000004
1784.5619519504535 30.000000000000004
1786.2865698418864 30.000000000000004
1786.2865698418864 30.000000000000004
1788.0111877333338 30.000000000000004
1788.0111877333338 30.000000000000004
1788.0111877333338 30.000000000000004
1788.0111877333338 30.000000000000004
1788.0111877333338 30.000000000000004
1789.7358056247965 30.000000000000004
1789.7358056247965 30.000000000000004
1789.7358056247965 30.000000000000004
1789.7358056247965 30.000000000000004
1791.4604235162742 30.000000000000004
1791.4604235162742 30.000000000000004
1793.1850414077671 30.000000000000004
1793.1850414077671 30.000000000000004
1794.9096592992755 30.000000000000004
1793.1850414077671 30.000000000000004
1791.4604235162742 30.000000000000004
1793.1850414077671 30.000000000000004
1793.1850414077671 30.000000000000004
1793.1850414077671 30.000000000000004
1794.9096592992755 30.000000000000004
1794.9096592992755 30.000000000000004
1794.9096592992755 30.000000000000004
1794.9096592992755 30.000000000000004
1796.6342771907991 30.000000000000004
1794.9096592992755 30.000000000000004
1796.6342771907991 30.000000000000004
1796.6342771907991 30.000000000000004
1796.6342771907991 30.000000000000004
1798.3588950823382 30.000000000000004
1798.3588950823382 30.000000000000004
1798.3588950823382 30.000000000000004
1798.3588950823382 30.000000000000004
1798.3588950823382 30.000000000000004
1798.3588950823382 30.000000000000004
1798.3588950823382 30.000000000000004
1798.3588950823382 30.000000000000004
1798.3588950823382 30.000000000000004
1798.3588950823382 30.000000000000004
1798.3588950823382 30.000000000000004
1798.3588950823382 30.000000000000004
1798.3588950823382 30.000000000000004
1798.3588950823382 30.000000000000004
1795.7719682450354 30.000000000000004
1795.7719682450354 30.000000000000004
1794.0473503535195 30.000000000000004
1794.0473503535195 30.000000000000004
1794.0473503535195 30.000000000000004
1794.0473503535195 30.000000000000004
1794.0473503535195 30.000000000000004
1795.7719682450354 30.000000000000004
1794.0473503535195 30.000000000000004
1794.0473503535195 30.000000000000004
1794.0473503535195 30.000000000000004
1794.0473503535195 30.000000000000004
1794.0473503535195 30.000000000000004
1795.7719682450354 30.000000000000004
1797.4965861365667 30.000000000000004
1799.2212040281138 30.000000000000004
1799.2212040281138 30.000000000000004
1799.2212040281138 30.000000000000004
1799.2212040281138 30.000000000000004
1797.4965861365667 30.000000000000004
1797.4965861365667 30.000000000000004
1797.4965861365667 30.000000000000004
1797.4965861365667 30.000000000000004
1799.2212040281138 30.000000000000004
1799.2212040281138 30.000000000000004
1800.945821919676 30.000000000000004
1800.945821919676 30.000000000000004
1800.945821919676 30.000000000000004
1800.945821919676 30.000000000000004
1800.945821919676 30.000000000000004
1800.945821919676 30.000000000000004
1799.2212040281138 30.000000000000004
1799.2212040281138 30.000000000000004
1799.2212040281138 30.000000000000004
1799.2212040281138 30.000000000000004
1799.2212040281138 30.000000000000004
1799.2212040281138 30.000000000000004
1799.2212040281138 30.000000000000004
1799.2212040281138 30.000000000000004
1799.2212040281138 30.000000000000004
1797.4965861365667 30.000000000000004
1797.4965861365667 30.000000000000004
1797.4965861365667 30.000000000000004
1799.2212040281138 30.000000000000004
1799.2212040281138 30.000000000000004
1799.2212040281138 30.000000000000004
1797.4965861365667 30.000000000000004
1797.4965861365667 30.000000000000004
1797.4965861365667 30.000000000000004
1797.4965861365667 30.000000000000004
1797.4965861365667 30.000000000000004
1797.4965861365667 30.000000000000004
1797.4965861365667 30.000000000000004
1797.4965861365667 30.000000000000004
1797.4965861365667 30.000000000000004
1797.4965861365667 30.000000000000004
1795.7719682450354 30.000000000000004
1795.7719682450354 30.000000000000004
1794.0473503535195 30.000000000000004
1794.0473503535195 30.000000000000004
1792.3227324620188 30.000000000000004
1792.3227324620188 30.000000000000004
1792.3227324620188 30.000000000000004
1792.3227324620188 30.000000000000004
1794.0473503535195 30.000000000000004
1794.0473503535195 30.000000000000004
1795.7719682450354 30.000000000000004
1795.7719682450354 30.000000000000004
1795.7719682450354 30.000000000000004
1795.7719682450354 30.000000000000004
1792.3227324620188 30.000000000000004
1794.0473503535195 30.000000000000004
1794.0473503535195 30.000000000000004
1794.0473503535195 30.000000000000004
1792.3227324620188 30.000000000000004
1794.0473503535195 30.000000000000004
1794.0473503535195 30.000000000000004
1794.0473503535195 30.000000000000004
1794.0473503535195 30.000000000000004
1794.0473503535195 30.000000000000004
1792.3227324620188 30.000000000000004
1790.5981145705334 30.000000000000004
1792.3227324620188 30.000000000000004
1790.5981145705334 30.000000000000004
1790.5981145705334 30.000000000000004
1790.5981145705334 30.000000000000004
1792.3227324620188 30.000000000000004
1792.3227324620188 30.000000000000004
1792.3227324620188 30.000000000000004
1792.3227324620188 30.000000000000004
1792.3227324620188 30.000000000000004
1794.0473503535195 30.000000000000004
1794.0473503535195 30.000000000000004
1794.0473503535195 30.000000000000004
1794.0473503535195 30.000000000000004
1795.7719682450354 30.000000000000004
1795.7719682450354 30.000000000000004
1795.7719682450354 30.000000000000004
1795.7719682450354 30.000000000000004
1794.0473503535195 30.000000000000004
1795.7719682450354 30.000000000000004
1795.7719682450354 30.000000000000004
1794.0473503535195 30.000000000000004
1794.0473503535195 30.000000000000004
1795.7719682450354 30.000000000000004
1795.7719682450354 30.000000000000004
1795.7719682450354 30.000000000000004
1794.0473503535195 30.000000000000004
1795.7719682450354 30.000000000000004
1795.7719682450354 30.000000000000004
1795.7719682450354 30.000000000000004
1795.7719682450354 30.000000000000004
1795.7719682450354 30.000000000000004
1795.7719682450354 30.000000000000004
1795.7719682450354 30.000000000000004
1795.7719682450354 30.000000000000004
1795.7719682450354 30.000000000000004
1795.7719682450354 30.000000000000004
1795.7719682450354 30.000000000000004
1795.7719682450354 30.000000000000004
1795.7719682450354 30.000000000000004
1794.0473503535195 30.000000000000004
1794.0473503535195 30.000000000000004
1795.7719682450354 30.000000000000004
1797.4965861365667 30.000000000000004
1795.7719682450354 30.000000000000004
1795.7719682450354 30.000000000000004
1795.7719682450354 30.000000000000004
1794.0473503535195 30.000000000000004
1794.0473503535195 30.000000000000004
1795.7719682450354 30.000000000000004
1795.7719682450354 30.000000000000004
1794.0473503535195 30.000000000000004
1792.3227324620188 30.000000000000004
1792.3227324620188 30.000000000000004
1790.5981145705334 30.000000000000004
1790.5981145705334 30.000000000000004
1790.5981145705334 30.000000000000004
1790.5981145705334 30.000000000000004
1790.5981145705334 30.000000000000004
1790.5981145705334 30.000000000000004
1788.8734966790632 30.000000000000004
1788.8734966790632 30.000000000000004
1790.5981145705334 30.000000000000004
1790.5981145705334 30.000000000000004
1788.8734966790632 30.000000000000004
1790.5981145705334 30.000000000000004
1790.5981145705334 30.000000000000004
1792.3227324620188 30.000000000000004
1792.3227324620188 30.000000000000004
1792.3227324620188 30.000000000000004
1790.5981145705334 30.000000000000004
1790.5981145705334 30.000000000000004
1792.3227324620188 30.000000000000004
1792.3227324620188 30.000000000000004
1790.5981145705334 30.000000000000004
1790.5981145705334 30.000000000000004
1788.8734966790632 30.000000000000004
1788.8734966790632 30.000000000000004
1788.8734966790632 30.000000000000004
1788.8734966790632 30.000000000000004
1787.1488787876083 30.000000000000004
1787.1488787876083 30.000000000000004
1787.1488787876083 30.000000000000004
1787.1488787876083 30.000000000000004
1787.1488787876083 30.000000000000004
1787.1488787876083 30.000000000000004
1787.1488787876083 30.000000000000004
1787.1488787876083 30.000000000000004
1787.1488787876083 30.000000000000004
1788.8734966790632 30.000000000000004
1787.1488787876083 30.000000000000004
1785.424260896168 30.000000000000004
1783.699643004743 30.000000000000004
1783.699643004743 30.000000000000004
1783.699643004743 30.000000000000004
1783.699643004743 30.000000000000004
1783.699643004743 30.000000000000004
1783.699643004743 30.000000000000004
1781.9750251133323 30.000000000000004
1781.9750251133323 30.000000000000004
1781.9750251133323 30.000000000000004
1781.9750251133323 30.000000000000004
1781.9750251133323 30.000000000000004
1781.9750251133323 30.000000000000004
1781.9750251133323 30.000000000000004
1781.9750251133323 30.000000000000004
1780.2504072219365 30.000000000000004
1780.2504072219365 30.000000000000004
1781.9750251133323 30.000000000000004
1781.9750251133323 30.000000000000004
1780.2504072219365 30.000000000000004
1780.2504072219365 30.000000000000004
1781.9750251133323 30.000000000000004
1781.9750251133323 30.000000000000004
1783.699643004743 30.000000000000004
1783.699643004743 30.000000000000004
1783.699643004743 30.000000000000004
1781.9750251133323 30.000000000000004
1781.9750251133323 30.000000000000004
1780.2504072219365 30.000000000000004
1780.2504072219365 30.000000000000004
1778.5257893305554 30.000000000000004
1776.801171439189 30.000000000000004
1775.0765535478367 30.000000000000004
1773.3519356564989 30.000000000000004
1773.3519356564989 30.000000000000004
1773.3519356564989 30.000000000000004
1773.3519356564989 30.000000000000004
1771.6273177651756 30.000000000000004
1769.902699873866 30.000000000000004
1769.902699873866 30.000000000000004
1769.902699873866 30.000000000000004
1769.902699873866 30.000000000000004
1769.902699873866 30.000000000000004
1769.902699873866 30.000000000000004
1771.6273177651756 30.000000000000004
1771.6273177651756 30.000000000000004
1771.6273177651756 30.000000000000004
1769.902699873866 30.000000000000004
1771.6273177651756 30.000000000000004
1771.6273177651756 30.000000000000004
1771.6273177651756 30.000000000000004
1773.3519356564989 30.000000000000004
1773.3519356564989 30.000000000000004
1771.6273177651756 30.000000000000004
1773.3519356564989 30.000000000000004
1773.3519356564989 30.000000000000004
1771.6273177651756 30.000000000000004
1773.3519356564989 30.000000000000004
1775.0765535478367 30.000000000000004
1775.0765535478367 30.000000000000004
1775.0765535478367 30.000000000000004
1773.3519356564989 30.000000000000004
1773.3519356564989 30.000000000000004
1773.3519356564989 30.000000000000004
1773.3519356564989 30.000000000000004
1773.3519356564989 30.000000000000004
1773.3519356564989 30.000000000000004
1775.0765535478367 30.000000000000004
1776.801171439189 30.000000000000004
1776.801171439189 30.000000000000004
1776.801171439189 30.000000000000004
1776.801171439189 30.000000000000004
1775.0765535478367 30.000000000000004
1776.801171439189 30.000000000000004
1775.0765535478367 30.000000000000004
1776.801171439189 30.000000000000004
1778.5257893305554 30.000000000000004
1778.5257893305554 30.000000000000004
1776.801171439189 30.000000000000004
1776.801171439189 30.000000000000004
1778.5257893305554 30.000000000000004
1778.5257893305554 30.000000000000004
1781.9750251133323 30.000000000000004
1780.2504072219365 30.000000000000004
1778.5257893305554 30.000000000000004
1778.5257893305554 30.000000000000004
1778.5257893305554 30.000000000000004
1776.801171439189 30.000000000000004
1776.801171439189 30.000000000000004
1778.5257893305554 30.000000000000004
1778.5257893305554 30.000000000000004
1778.5257893305554 30.000000000000004
1778.5257893305554 30.000000000000004
1778.5257893305554 30.000000000000004
1778.5257893305554 30.000000000000004
1778.5257893305554 30.000000000000004
1778.5257893305554 30.000000000000004
1778.5257893305554 30.000000000000004
1778.5257893305554 30.000000000000004
1776.801171439189 30.000000000000004
1776.801171439189 30.000000000000004
1776.801171439189 30.000000000000004
1776.801171439189 30.000000000000004
1775.0765535478367 30.000000000000004
1776.801171439189 30.000000000000004
1776.801171439189 30.000000000000004
1778.5257893305554 30.000000000000004
1778.5257893305554 30.000000000000004
1778.5257893305554 30.000000000000004
1778.5257893305554 30.000000000000004
1776.801171439189 30.000000000000004
1776.801171439189 30.000000000000004
1778.5257893305554 30.000000000000004
1780.2504072219365 30.000000000000004
1781.9750251133323 30.000000000000004
1778.5257893305554 30.000000000000004
1778.5257893305554 30.000000000000004
1778.5257893305554 30.000000000000004
1778.5257893305554 30.000000000000004
1778.5257893305554 30.000000000000004
1778.5257893305554 30.000000000000004
1778.5257893305554 30.000000000000004
1778.5257893305554 30.000000000000004
1778.5257893305554 30.000000000000004
1778.5257893305554 30.000000000000004
1780.2504072219365 30.000000000000004
1780.2504072219365 30.000000000000004
1780.2504072219365 30.000000000000004
1780.2504072219365 30.000000000000004
1780.2504072219365 30.000000000000004
1781.9750251133323 30.000000000000004
1781.9750251133323 30.000000000000004
1781.9750251133323 30.000000000000004
1781.9750251133323 30.000000000000004
1781.9750251133323 30.000000000000004
1781.9750251133323 30.000000000000004
1781.9750251133323 30.000000000000004
1781.9750251133323 30.000000000000004
1780.2504072219365 30.000000000000004
1775.0765535478367 30.000000000000004
1775.0765535478367 30.000000000000004
1775.0765535478367 30.000000000000004
1776.801171439189 30.000000000000004
1775.0765535478367 30.000000000000004
1775.0765535478367 30.000000000000004
1773.3519356564989 30.000000000000004
1773.3519356564989 30.000000000000004
1773.3519356564989 30.000000000000004
1773.3519356564989 30.000000000000004
1773.3519356564989 30.000000000000004
1773.3519356564989 30.000000000000004
1771.6273177651756 30.000000000000004
1773.3519356564989 30.000000000000004
1773.3519356564989 30.000000000000004
1771.6273177651756 30.000000000000004
1769.902699873866 30.000000000000004
1769.902699873866 30.000000000000004
1769.902699873866 30.000000000000004
1769.902699873866 30.000000000000004
1771.6273177651756 30.000000000000004
1769.902699873866 30.000000000000004
1771.6273177651756 30.000000000000004
1771.6273177651756 30.000000000000004
1768.1780819825708 30.000000000000004
1768.1780819825708 30.000000000000004
1768.1780819825708 30.000000000000004
1768.1780819825708 30.000000000000004
1768.1780819825708 30.000000000000004
1763.0042283087685 30.000000000000004
1763.0042283087685 30.000000000000004
1763.0042283087685 30.000000000000004
1763.0042283087685 30.000000000000004
1764.728846200022 30.000000000000004
1763.0042283087685 30.000000000000004
1763.0042283087685 30.000000000000004
1763.0042283087685 30.000000000000004
1763.0042283087685 30.000000000000004
1761.2796104175286 30.000000000000004
1761.2796104175286 30.000000000000004
1761.2796104175286 30.000000000000004
1761.2796104175286 30.000000000000004
1761.2796104175286 30.000000000000004
1763.0042283087685 30.000000000000004
1763.0042283087685 30.000000000000004
1763.0042283087685 30.000000000000004
1763.0042283087685 30.000000000000004
1761.2796104175286 30.000000000000004
1761.2796104175286 30.000000000000004
1759.5549925263022 30.000000000000004
1759.5549925263022 30.000000000000004
1757.8303746350896 30.000000000000004
1759.5549925263022 30.000000000000004
1761.2796104175286 30.000000000000004
1759.5549925263022 30.000000000000004
1759.5549925263022 30.000000000000004
1759.5549925263022 30.000000000000004
1759.5549925263022 30.000000000000004
1757.8303746350896 30.000000000000004
1757.8303746350896 30.000000000000004
1759.5549925263022 30.000000000000004
1761.2796104175286 30.000000000000004
1761.2796104175286 30.000000000000004
1759.5549925263022 30.000000000000004
1759.5549925263022 30.000000000000004
1761.2796104175286 30.000000000000004
1761.2796104175286 30.000000000000004
1759.5549925263022 30.000000000000004
1761.2796104175286 30.000000000000004
1759.5549925263022 30.000000000000004
1761.2796104175286 30.000000000000004
1761.2796104175286 30.000000000000004
1759.5549925263022 30.000000000000004
1759.5549925263022 30.000000000000004
1759.5549925263022 30.000000000000004
1757.8303746350896 30.000000000000004
1757.8303746350896 30.000000000000004
1757.8303746350896 30.000000000000004
1754.3811388527045 30.000000000000004
1754.3811388527045 30.000000000000004
