IMTCMO
1540.5285204199088 30.000000000000004
1570.709333499258 30.000000000000004
1568.9847156089836 30.000000000000004
1617.2740165383557 30.000000000000004
1613.8247807575503 30.000000000000004
1593.1293660731935 30.000000000000004
1594.8539839635278 30.000000000000004
1582.781658731287 30.000000000000004
1627.6217238809206 30.000000000000004
1613.8247807575503 30.000000000000004
1613.8247807575503 30.000000000000004
1620.7232523191851 30.000000000000004
1608.6509270863871 30.000000000000004
1606.9263091960108 30.000000000000004
1622.4478702096094 30.000000000000004
1627.6217238809206 30.000000000000004
1629.3463417713708 30.000000000000004
1622.4478702096094 30.000000000000004
1627.6217238809206 30.000000000000004
1622.4478702096094 30.000000000000004
1636.2448133332405 30.000000000000004
1639.6940491142173 30.000000000000004
1632.7955775522917 30.000000000000004
1612.1001628671568 30.000000000000004
1620.7232523191851 30.000000000000004
1606.9263091960108 30.000000000000004
1615.54939864795 30.000000000000004
1625.897105990477 30.000000000000004
1620.7232523191851 30.000000000000004
1631.0709596618278 30.000000000000004
1624.1724881000398 30.000000000000004
1622.4478702096094 30.000000000000004
1627.6217238809206 30.000000000000004
1636.2448133332405 30.000000000000004
1648.317138566789 30.000000000000004
1650.041756457326 30.000000000000004
1637.9694312237252 30.000000000000004
1637.9694312237252 30.000000000000004
1636.2448133332405 30.000000000000004
1644.867902785738 30.000000000000004
1660.3894638007168 30.000000000000004
1667.2879353631433 30.000000000000004
1675.9110248163734 30.000000000000004
1658.6648459101314 30.000000000000004
1662.1140816913107 30.000000000000004
1663.8386995819128 30.000000000000004
1663.8386995819128 30.000000000000004
1667.2879353631433 30.000000000000004
1665.5633174725237 30.000000000000004
1669.0125532537713 30.000000000000004
1653.490992238424 30.000000000000004
1656.940228019554 30.000000000000004
1651.766374347871 30.000000000000004
1648.317138566789 30.000000000000004
1650.041756457326 30.000000000000004
1644.867902785738 30.000000000000004
1651.766374347871 30.000000000000004
1651.766374347871 30.000000000000004
1643.1432848952236 30.000000000000004
1643.1432848952236 30.000000000000004
1648.317138566789 30.000000000000004
1648.317138566789 30.000000000000004
1634.5201954427625 30.000000000000004
1632.7955775522917 30.000000000000004
1636.2448133332405 30.000000000000004
1637.9694312237252 30.000000000000004
1641.4186670047168 30.000000000000004
1636.2448133332405 30.000000000000004
1632.7955775522917 30.000000000000004
1629.3463417713708 30.000000000000004
1636.2448133332405 30.000000000000004
1639.6940491142173 30.000000000000004
1648.317138566789 30.000000000000004
1651.766374347871 30.000000000000004
1658.6648459101314 30.000000000000004
1656.940228019554 30.000000000000004
1655.215610128985 30.000000000000004
1651.766374347871 30.000000000000004
1651.766374347871 30.000000000000004
1641.4186670047168 30.000000000000004
1644.867902785738 30.000000000000004
1646.5925206762595 30.000000000000004
1651.766374347871 30.000000000000004
1648.317138566789 30.000000000000004
1648.317138566789 30.000000000000004
1648.317138566789 30.000000000000004
1644.867902785738 30.000000000000004
1641.4186670047168 30.000000000000004
1639.6940491142173 30.000000000000004
1637.9694312237252 30.000000000000004
1637.9694312237252 30.000000000000004
1639.6940491142173 30.000000000000004
1639.6940491142173 30.000000000000004
1637.9694312237252 30.000000000000004
1639.6940491142173 30.000000000000004
1632.7955775522917 30.000000000000004
1634.5201954427625 30.000000000000004
1627.6217238809206 30.000000000000004
1629.3463417713708 30.000000000000004
1634.5201954427625 30.000000000000004
1629.3463417713708 30.000000000000004
1624.1724881000398 30.000000000000004
1627.6217238809206 30.000000000000004
1629.3463417713708 30.000000000000004
1639.6940491142173 30.000000000000004
1641.4186670047168 30.000000000000004
1637.9694312237252 30.000000000000004
1639.6940491142173 30.000000000000004
1641.4186670047168 30.000000000000004
1644.867902785738 30.000000000000004
1650.041756457326 30.000000000000004
1651.766374347871 30.000000000000004
1644.867902785738 30.000000000000004
1646.5925206762595 30.000000000000004
1643.1432848952236 30.000000000000004
1644.867902785738 30.000000000000004
1641.4186670047168 30.000000000000004
1643.1432848952236 30.000000000000004
1644.867902785738 30.000000000000004
1643.1432848952236 30.000000000000004
1648.317138566789 30.000000000000004
1648.317138566789 30.000000000000004
1650.041756457326 30.000000000000004
1648.317138566789 30.000000000000004
1646.5925206762595 30.000000000000004
1644.867902785738 30.000000000000004
1639.6940491142173 30.000000000000004
1639.6940491142173 30.000000000000004
1637.9694312237252 30.000000000000004
1636.2448133332405 30.000000000000004
1643.1432848952236 30.000000000000004
1639.6940491142173 30.000000000000004
1639.6940491142173 30.000000000000004
1646.5925206762595 30.000000000000004
1650.041756457326 30.000000000000004
1646.5925206762595 30.000000000000004
1644.867902785738 30.000000000000004
1643.1432848952236 30.000000000000004
1648.317138566789 30.000000000000004
1650.041756457326 30.000000000000004
1651.766374347871 30.000000000000004
1650.041756457326 30.000000000000004
1651.766374347871 30.000000000000004
1651.766374347871 30.000000000000004
1651.766374347871 30.000000000000004
1648.317138566789 30.000000000000004
1651.766374347871 30.000000000000004
1646.5925206762595 30.000000000000004
1646.5925206762595 30.000000000000004
1643.1432848952236 30.000000000000004
1644.867902785738 30.000000000000004
1639.6940491142173 30.000000000000004
1639.6940491142173 30.000000000000004
1639.6940491142173 30.000000000000004
1632.7955775522917 30.000000000000004
1629.3463417713708 30.000000000000004
1627.6217238809206 30.000000000000004
1629.3463417713708 30.000000000000004
1631.0709596618278 30.000000000000004
1634.5201954427625 30.000000000000004
1629.3463417713708 30.000000000000004
1634.5201954427625 30.000000000000004
1634.5201954427625 30.000000000000004
1636.2448133332405 30.000000000000004
1636.2448133332405 30.000000000000004
1632.7955775522917 30.000000000000004
1631.0709596618278 30.000000000000004
1637.9694312237252 30.000000000000004
1639.6940491142173 30.000000000000004
1636.2448133332405 30.000000000000004
1634.5201954427625 30.000000000000004
1631.0709596618278 30.000000000000004
1634.5201954427625 30.000000000000004
1634.5201954427625 30.000000000000004
1637.9694312237252 30.000000000000004
1641.4186670047168 30.000000000000004
1643.1432848952236 30.000000000000004
1643.1432848952236 30.000000000000004
1650.041756457326 30.000000000000004
1651.766374347871 30.000000000000004
1660.3894638007168 30.000000000000004
1660.3894638007168 30.000000000000004
1653.490992238424 30.000000000000004
1655.215610128985 30.000000000000004
1653.490992238424 30.000000000000004
1651.766374347871 30.000000000000004
1646.5925206762595 30.000000000000004
1650.041756457326 30.000000000000004
1641.4186670047168 30.000000000000004
1639.6940491142173 30.000000000000004
1641.4186670047168 30.000000000000004
1648.317138566789 30.000000000000004
1648.317138566789 30.000000000000004
1648.317138566789 30.000000000000004
1644.867902785738 30.000000000000004
1643.1432848952236 30.000000000000004
1639.6940491142173 30.000000000000004
1634.5201954427625 30.000000000000004
1634.5201954427625 30.000000000000004
1637.9694312237252 30.000000000000004
1637.9694312237252 30.000000000000004
1637.9694312237252 30.000000000000004
1637.9694312237252 30.000000000000004
1636.2448133332405 30.000000000000004
1636.2448133332405 30.000000000000004
1636.2448133332405 30.000000000000004
1637.9694312237252 30.000000000000004
1636.2448133332405 30.000000000000004
1636.2448133332405 30.000000000000004
1636.2448133332405 30.000000000000004
1631.0709596618278 30.000000000000004
1632.7955775522917 30.000000000000004
1629.3463417713708 30.000000000000004
1632.7955775522917 30.000000000000004
1632.7955775522917 30.000000000000004
1636.2448133332405 30.000000000000004
1637.9694312237252 30.000000000000004
1631.0709596618278 30.000000000000004
1631.0709596618278 30.000000000000004
1629.3463417713708 30.000000000000004
1632.7955775522917 30.000000000000004
1629.3463417713708 30.000000000000004
1631.0709596618278 30.000000000000004
1629.3463417713708 30.000000000000004
1625.897105990477 30.000000000000004
1624.1724881000398 30.000000000000004
1625.897105990477 30.000000000000004
1629.3463417713708 30.000000000000004
1627.6217238809206 30.000000000000004
1627.6217238809206 30.000000000000004
1627.6217238809206 30.000000000000004
1625.897105990477 30.000000000000004
1627.6217238809206 30.000000000000004
1625.897105990477 30.000000000000004
1624.1724881000398 30.000000000000004
1624.1724881000398 30.000000000000004
1624.1724881000398 30.000000000000004
1620.7232523191851 30.000000000000004
1620.7232523191851 30.000000000000004
1620.7232523191851 30.000000000000004
1617.2740165383557 30.000000000000004
1617.2740165383557 30.000000000000004
1617.2740165383557 30.000000000000004
1617.2740165383557 30.000000000000004
1617.2740165383557 30.000000000000004
1618.9986344287672 30.000000000000004
1615.54939864795 30.000000000000004
1615.54939864795 30.000000000000004
1613.8247807575503 30.000000000000004
1618.9986344287672 30.000000000000004
1617.2740165383557 30.000000000000004
1617.2740165383557 30.000000000000004
1617.2740165383557 30.000000000000004
1615.54939864795 30.000000000000004
1615.54939864795 30.000000000000004
1613.8247807575503 30.000000000000004
1613.8247807575503 30.000000000000004
1613.8247807575503 30.000000000000004
1608.6509270863871 30.000000000000004
1608.6509270863871 30.000000000000004
1610.375544976769 30.000000000000004
1613.8247807575503 30.000000000000004
1613.8247807575503 30.000000000000004
1610.375544976769 30.000000000000004
1615.54939864795 30.000000000000004
1615.54939864795 30.000000000000004
1618.9986344287672 30.000000000000004
1617.2740165383557 30.000000000000004
1615.54939864795 30.000000000000004
1613.8247807575503 30.000000000000004
1613.8247807575503 30.000000000000004
1610.375544976769 30.000000000000004
1615.54939864795 30.000000000000004
1615.54939864795 30.000000000000004
1615.54939864795 30.000000000000004
1615.54939864795 30.000000000000004
1612.1001628671568 30.000000000000004
1610.375544976769 30.000000000000004
1613.8247807575503 30.000000000000004
1613.8247807575503 30.000000000000004
1612.1001628671568 30.000000000000004
1612.1001628671568 30.000000000000004
1610.375544976769 30.000000000000004
1605.20169130564 30.000000000000004
1603.4770734152748 30.000000000000004
1605.20169130564 30.000000000000004
1603.4770734152748 30.000000000000004
1603.4770734152748 30.000000000000004
1601.752455524915 30.000000000000004
1601.752455524915 30.000000000000004
1601.752455524915 30.000000000000004
1601.752455524915 30.000000000000004
1596.5786018538668 30.000000000000004
1596.5786018538668 30.000000000000004
1593.1293660731935 30.000000000000004
1594.8539839635278 30.000000000000004
1594.8539839635278 30.000000000000004
1596.5786018538668 30.000000000000004
1596.5786018538668 30.000000000000004
1598.303219744211 30.000000000000004
1600.0278376345605 30.000000000000004
1598.303219744211 30.000000000000004
1598.303219744211 30.000000000000004
1601.752455524915 30.000000000000004
1603.4770734152748 30.000000000000004
1596.5786018538668 30.000000000000004
1596.5786018538668 30.000000000000004
1594.8539839635278 30.000000000000004
1594.8539839635278 30.000000000000004
1591.404748182864 30.000000000000004
1591.404748182864 30.000000000000004
1593.1293660731935 30.000000000000004
1584.5062766215933 30.000000000000004
1582.781658731287 30.000000000000004
1581.0570408409849 30.000000000000004
1577.6078050603933 30.000000000000004
1581.0570408409849 30.000000000000004
1582.781658731287 30.000000000000004
1579.332422950687 30.000000000000004
1582.781658731287 30.000000000000004
1579.332422950687 30.000000000000004
1581.0570408409849 30.000000000000004
1575.8831871701036 30.000000000000004
1577.6078050603933 30.000000000000004
1577.6078050603933 30.000000000000004
1579.332422950687 30.000000000000004
1575.8831871701036 30.000000000000004
1575.8831871701036 30.000000000000004
1575.8831871701036 30.000000000000004
1574.1585692798178 30.000000000000004
1574.1585692798178 30.000000000000004
1574.1585692798178 30.000000000000004
1579.332422950687 30.000000000000004
1581.0570408409849 30.000000000000004
1584.5062766215933 30.000000000000004
1581.0570408409849 30.000000000000004
1581.0570408409849 30.000000000000004
1581.0570408409849 30.000000000000004
1575.8831871701036 30.000000000000004
1575.8831871701036 30.000000000000004
1574.1585692798178 30.000000000000004
1575.8831871701036 30.000000000000004
1575.8831871701036 30.000000000000004
1572.433951389536 30.000000000000004
1570.709333499258 30.000000000000004
1570.709333499258 30.000000000000004
1568.9847156089836 30.000000000000004
1567.2600977187128 30.000000000000004
1565.5354798284457 30.000000000000004
1565.5354798284457 30.000000000000004
1562.0862440479211 30.000000000000004
1563.8108619381817 30.000000000000004
1562.0862440479211 30.000000000000004
1562.0862440479211 30.000000000000004
1567.2600977187128 30.000000000000004
1567.2600977187128 30.000000000000004
1565.5354798284457 30.000000000000004
1567.2600977187128 30.000000000000004
1564.673170883313 30.000000000000004
1566.3977887735787 30.000000000000004
1564.673170883313 30.000000000000004
1564.673170883313 30.000000000000004
1564.673170883313 30.000000000000004
1566.3977887735787 30.000000000000004
1566.3977887735787 30.000000000000004
1566.3977887735787 30.000000000000004
1563.8108619381817 30.000000000000004
1562.0862440479211 30.000000000000004
1565.5354798284457 30.000000000000004
1565.5354798284457 30.000000000000004
1570.709333499258 30.000000000000004
1572.433951389536 30.000000000000004
1572.433951389536 30.000000000000004
1572.433951389536 30.000000000000004
1572.433951389536 30.000000000000004
1568.9847156089836 30.000000000000004
1568.9847156089836 30.000000000000004
1570.709333499258 30.000000000000004
1572.433951389536 30.000000000000004
1572.433951389536 30.000000000000004
1568.9847156089836 30.000000000000004
1570.709333499258 30.000000000000004
1567.2600977187128 30.000000000000004
1567.2600977187128 30.000000000000004
1563.8108619381817 30.000000000000004
1567.2600977187128 30.000000000000004
1568.9847156089836 30.000000000000004
1570.709333499258 30.000000000000004
1570.709333499258 30.000000000000004
1574.1585692798178 30.000000000000004
1577.6078050603933 30.000000000000004
1574.1585692798178 30.000000000000004
1575.0208782249601 30.000000000000004
1573.2962603346764 30.000000000000004
1575.8831871701036 30.000000000000004
1579.332422950687 30.000000000000004
1579.332422950687 30.000000000000004
1582.781658731287 30.000000000000004
1577.6078050603933 30.000000000000004
1577.6078050603933 30.000000000000004
1575.8831871701036 30.000000000000004
1577.6078050603933 30.000000000000004
1577.6078050603933 30.000000000000004
1575.8831871701036 30.000000000000004
1574.1585692798178 30.000000000000004
1572.433951389536 30.000000000000004
1574.1585692798178 30.000000000000004
1572.433951389536 30.000000000000004
1572.433951389536 30.000000000000004
1572.433951389536 30.000000000000004
1572.433951389536 30.000000000000004
1575.8831871701036 30.000000000000004
1575.8831871701036 30.000000000000004
1577.6078050603933 30.000000000000004
1577.6078050603933 30.000000000000004
1575.8831871701036 30.000000000000004
1572.433951389536 30.000000000000004
1572.433951389536 30.000000000000004
1574.1585692798178 30.000000000000004
1570.709333499258 30.000000000000004
1568.9847156089836 30.000000000000004
1568.9847156089836 30.000000000000004
1568.9847156089836 30.000000000000004
1568.9847156089836 30.000000000000004
1567.2600977187128 30.000000000000004
1568.9847156089836 30.000000000000004
1568.9847156089836 30.000000000000004
1570.709333499258 30.000000000000004
1570.709333499258 30.000000000000004
1570.709333499258 30.000000000000004
1570.709333499258 30.000000000000004
1568.9847156089836 30.000000000000004
1568.9847156089836 30.000000000000004
1568.9847156089836 30.000000000000004
1567.2600977187128 30.000000000000004
1570.709333499258 30.000000000000004
1570.709333499258 30.000000000000004
1568.9847156089836 30.000000000000004
1570.709333499258 30.000000000000004
1570.709333499258 30.000000000000004
1567.2600977187128 30.000000000000004
1567.2600977187128 30.000000000000004
1567.2600977187128 30.000000000000004
1565.5354798284457 30.000000000000004
1565.5354798284457 30.000000000000004
1563.8108619381817 30.000000000000004
1565.5354798284457 30.000000000000004
1566.3977887735787 30.000000000000004
1568.9847156089836 30.000000000000004
1565.5354798284457 30.000000000000004
1563.8108619381817 30.000000000000004
1563.8108619381817 30.000000000000004
1565.5354798284457 30.000000000000004
1563.8108619381817 30.000000000000004
1563.8108619381817 30.000000000000004
1560.361626157664 30.000000000000004
1556.9123903771588 30.000000000000004
1556.9123903771588 30.000000000000004
1558.6370082674098 30.000000000000004
1557.7746993222838 30.000000000000004
1557.7746993222838 30.000000000000004
1559.4993172125364 30.000000000000004
1557.7746993222838 30.000000000000004
1554.3254635417875 30.000000000000004
1552.6008456515438 30.000000000000004
1554.3254635417875 30.000000000000004
1552.6008456515438 30.000000000000004
1550.8762277613027 30.000000000000004
1550.8762277613027 30.000000000000004
1555.1877724869105 30.000000000000004
1556.9123903771588 30.000000000000004
1555.1877724869105 30.000000000000004
1555.1877724869105 30.000000000000004
1553.4631545966654 30.000000000000004
1553.4631545966654 30.000000000000004
1551.7385367064228 30.000000000000004
1548.289300925946 30.000000000000004
1548.289300925946 30.000000000000004
1550.0139188161831 30.000000000000004
1550.0139188161831 30.000000000000004
1550.0139188161831 30.000000000000004
1548.289300925946 30.000000000000004
1553.4631545966654 30.000000000000004
1555.1877724869105 30.000000000000004
1553.4631545966654 30.000000000000004
1551.7385367064228 30.000000000000004
1551.7385367064228 30.000000000000004
1550.0139188161831 30.000000000000004
1553.4631545966654 30.000000000000004
1555.1877724869105 30.000000000000004
1553.4631545966654 30.000000000000004
1551.7385367064228 30.000000000000004
1551.7385367064228 30.000000000000004
1551.7385367064228 30.000000000000004
1551.7385367064228 30.000000000000004
1551.7385367064228 30.000000000000004
1551.7385367064228 30.000000000000004
1551.7385367064228 30.000000000000004
1551.7385367064228 30.000000000000004
1551.7385367064228 30.000000000000004
1553.4631545966654 30.000000000000004
1553.4631545966654 30.000000000000004
1553.4631545966654 30.000000000000004
1551.7385367064228 30.000000000000004
1551.7385367064228 30.000000000000004
1550.0139188161831 30.000000000000004
1548.289300925946 30.000000000000004
1548.289300925946 30.000000000000004
1543.977756200364 30.000000000000004
1543.977756200364 30.000000000000004
1543.977756200364 30.000000000000004
1542.2531383101352 30.000000000000004
1542.2531383101352 30.000000000000004
1540.5285204199088 30.000000000000004
1538.8039025296844 30.000000000000004
1538.8039025296844 30.000000000000004
1537.079284639462 30.000000000000004
1535.3546667492415 30.000000000000004
1535.3546667492415 30.000000000000004
1533.630048859023 30.000000000000004
1530.180813078591 30.000000000000004
1528.4561951883773 30.000000000000004
1526.7315772981651 30.000000000000004
1528.4561951883773 30.000000000000004
1521.557723627537 30.000000000000004
1516.3838699569185 30.000000000000004
1516.3838699569185 30.000000000000004
1514.6592520667143 30.000000000000004
1514.6592520667143 30.000000000000004
1512.9346341765108 30.000000000000004
1512.9346341765108 30.000000000000004
1516.3838699569185 30.000000000000004
1511.210016286308 30.000000000000004
1510.3477073412068 30.000000000000004
1510.3477073412068 30.000000000000004
1510.3477073412068 30.000000000000004
1510.3477073412068 30.000000000000004
1510.3477073412068 30.000000000000004
1505.1738536706023 30.000000000000004
1505.1738536706023 30.000000000000004
1503.4492357804013 30.000000000000004
1500.0 30.000000000000004
1500.0 30.000000000000004
1500.0 30.000000000000004
1500.0 30.000000000000004
1500.0 30.000000000000004
1500.0 30.000000000000004
1500.0 30.000000000000004
1505.1738536706023 30.000000000000004
1505.1738536706023 30.000000000000004
1501.7246178902005 30.000000000000004
1500.0 30.000000000000004
1500.0 30.000000000000004
1500.0 30.000000000000004
1500.0 30.000000000000004
1501.7246178902005 30.000000000000004
1500.0 30.000000000000004
1500.0 30.000000000000004
1501.7246178902005 30.000000000000004
1503.4492357804013 30.000000000000004
1500.0 30.000000000000004
1499.1376910548997 30.000000000000004
1499.1376910548997 30.000000000000004
1497.413073164699 30.000000000000004
1499.1376910548997 30.000000000000004
1499.1376910548997 30.000000000000004
1499.1376910548997 30.000000000000004
1500.8623089451003 30.000000000000004
1500.8623089451003 30.000000000000004
1500.8623089451003 30.000000000000004
1499.1376910548997 30.000000000000004
1497.413073164699 30.000000000000004
1497.413073164699 30.000000000000004
1497.413073164699 30.000000000000004
1497.413073164699 30.000000000000004
1497.413073164699 30.000000000000004
1499.1376910548997 30.000000000000004
1497.413073164699 30.000000000000004
1497.413073164699 30.000000000000004
1497.413073164699 30.000000000000004
1497.413073164699 30.000000000000004
1497.413073164699 30.000000000000004
1497.413073164699 30.000000000000004
1495.6884552744982 30.000000000000004
1495.6884552744982 30.000000000000004
1495.6884552744982 30.000000000000004
1495.6884552744982 30.000000000000004
1493.9638373842972 30.000000000000004
1497.413073164699 30.000000000000004
1497.413073164699 30.000000000000004
1495.6884552744982 30.000000000000004
1497.413073164699 30.000000000000004
1499.1376910548997 30.000000000000004
1497.413073164699 30.000000000000004
1497.413073164699 30.000000000000004
1497.413073164699 30.000000000000004
1497.413073164699 30.000000000000004
1499.1376910548997 30.000000000000004
1497.413073164699 30.000000000000004
1495.6884552744982 30.000000000000004
1495.6884552744982 30.000000000000004
1493.9638373842972 30.000000000000004
1497.413073164699 30.000000000000004
1499.1376910548997 30.000000000000004
1499.1376910548997 30.000000000000004
1497.413073164699 30.000000000000004
1500.8623089451003 30.000000000000004
1502.586926835301 30.000000000000004
1504.3115447255018 30.000000000000004
1512.9346341765108 30.000000000000004
1511.210016286308 30.000000000000004
1512.9346341765108 30.000000000000004
1511.210016286308 30.000000000000004
1511.210016286308 30.000000000000004
1509.485398396106 30.000000000000004
1509.485398396106 30.000000000000004
1507.760780505904 30.000000000000004
1507.760780505904 30.000000000000004
1509.485398396106 30.000000000000004
1509.485398396106 30.000000000000004
1507.760780505904 30.000000000000004
1506.0361626157028 30.000000000000004
1502.586926835301 30.000000000000004
1502.586926835301 30.000000000000004
1506.0361626157028 30.000000000000004
1506.0361626157028 30.000000000000004
1506.0361626157028 30.000000000000004
1506.0361626157028 30.000000000000004
1506.0361626157028 30.000000000000004
1506.0361626157028 30.000000000000004
1504.3115447255018 30.000000000000004
1500.8623089451003 30.000000000000004
1504.3115447255018 30.000000000000004
1502.586926835301 30.000000000000004
1504.3115447255018 30.000000000000004
1506.0361626157028 30.000000000000004
1509.485398396106 30.000000000000004
1509.485398396106 30.000000000000004
1512.9346341765108 30.000000000000004
1509.485398396106 30.000000000000004
1507.760780505904 30.000000000000004
1507.760780505904 30.000000000000004
1506.0361626157028 30.000000000000004
1506.0361626157028 30.000000000000004
1507.760780505904 30.000000000000004
1510.3477073412068 30.000000000000004
1510.3477073412068 30.000000000000004
1508.623089451005 30.000000000000004
1508.623089451005 30.000000000000004
1510.3477073412068 30.000000000000004
1510.3477073412068 30.000000000000004
1510.3477073412068 30.000000000000004
1513.7969431216125 30.000000000000004
1515.5215610118164 30.000000000000004
1513.7969431216125 30.000000000000004
1512.0723252314094 30.000000000000004
1512.0723252314094 30.000000000000004
1506.8984715608033 30.000000000000004
1503.4492357804013 30.000000000000004
1503.4492357804013 30.000000000000004
1501.7246178902005 30.000000000000004
1503.4492357804013 30.000000000000004
1506.8984715608033 30.000000000000004
1506.8984715608033 30.000000000000004
1506.8984715608033 30.000000000000004
1508.623089451005 30.000000000000004
1508.623089451005 30.000000000000004
1506.8984715608033 30.000000000000004
1512.0723252314094 30.000000000000004
1512.0723252314094 30.000000000000004
1512.0723252314094 30.000000000000004
1510.3477073412068 30.000000000000004
1510.3477073412068 30.000000000000004
1508.623089451005 30.000000000000004
1508.623089451005 30.000000000000004
1508.623089451005 30.000000000000004
1512.0723252314094 30.000000000000004
1512.0723252314094 30.000000000000004
1513.7969431216125 30.000000000000004
1513.7969431216125 30.000000000000004
1513.7969431216125 30.000000000000004
1512.0723252314094 30.000000000000004
1513.7969431216125 30.000000000000004
1515.5215610118164 30.000000000000004
1517.246178902021 30.000000000000004
1515.5215610118164 30.000000000000004
1515.5215610118164 30.000000000000004
1515.5215610118164 30.000000000000004
1515.5215610118164 30.000000000000004
1513.7969431216125 30.000000000000004
1513.7969431216125 30.000000000000004
1513.7969431216125 30.000000000000004
1513.7969431216125 30.000000000000004
1513.7969431216125 30.000000000000004
1513.7969431216125 30.000000000000004
1513.7969431216125 30.000000000000004
1512.0723252314094 30.000000000000004
1512.0723252314094 30.000000000000004
1517.246178902021 30.000000000000004
1517.246178902021 30.000000000000004
1517.246178902021 30.000000000000004
1517.246178902021 30.000000000000004
1518.9707967922266 30.000000000000004
1517.246178902021 30.000000000000004
1517.246178902021 30.000000000000004
1517.246178902021 30.000000000000004
1517.246178902021 30.000000000000004
1517.246178902021 30.000000000000004
1517.246178902021 30.000000000000004
1517.246178902021 30.000000000000004
1515.5215610118164 30.000000000000004
1515.5215610118164 30.000000000000004
1515.5215610118164 30.000000000000004
1515.5215610118164 30.000000000000004
1513.7969431216125 30.000000000000004
1513.7969431216125 30.000000000000004
1513.7969431216125 30.000000000000004
1515.5215610118164 30.000000000000004
1515.5215610118164 30.000000000000004
1515.5215610118164 30.000000000000004
1515.5215610118164 30.000000000000004
1515.5215610118164 30.000000000000004
1513.7969431216125 30.000000000000004
1513.7969431216125 30.000000000000004
1512.0723252314094 30.000000000000004
1513.7969431216125 30.000000000000004
1515.5215610118164 30.000000000000004
1515.5215610118164 30.000000000000004
1515.5215610118164 30.000000000000004
1515.5215610118164 30.000000000000004
1515.5215610118164 30.000000000000004
1515.5215610118164 30.000000000000004
1515.5215610118164 30.000000000000004
1512.0723252314094 30.000000000000004
1510.3477073412068 30.000000000000004
1508.623089451005 30.000000000000004
1505.1738536706023 30.000000000000004
1505.1738536706023 30.000000000000004
1506.8984715608033 30.000000000000004
1508.623089451005 30.000000000000004
1508.623089451005 30.000000000000004
1508.623089451005 30.000000000000004
1508.623089451005 30.000000000000004
1510.3477073412068 30.000000000000004
1510.3477073412068 30.000000000000004
1510.3477073412068 30.000000000000004
1510.3477073412068 30.000000000000004
1510.3477073412068 30.000000000000004
1510.3477073412068 30.000000000000004
1508.623089451005 30.000000000000004
1506.8984715608033 30.000000000000004
1506.8984715608033 30.000000000000004
1505.1738536706023 30.000000000000004
1506.8984715608033 30.000000000000004
1506.8984715608033 30.000000000000004
1506.8984715608033 30.000000000000004
1506.8984715608033 30.000000000000004
1503.4492357804013 30.000000000000004
1503.4492357804013 30.000000000000004
1505.1738536706023 30.000000000000004
1505.1738536706023 30.000000000000004
1505.1738536706023 30.000000000000004
1503.4492357804013 30.000000000000004
1503.4492357804013 30.000000000000004
1505.1738536706023 30.000000000000004
1505.1738536706023 30.000000000000004
1505.1738536706023 30.000000000000004
1505.1738536706023 30.000000000000004
1503.4492357804013 30.000000000000004
1503.4492357804013 30.000000000000004
1505.1738536706023 30.000000000000004
1505.1738536706023 30.000000000000004
1505.1738536706023 30.000000000000004
1505.1738536706023 30.000000000000004
1505.1738536706023 30.000000000000004
1505.1738536706023 30.000000000000004
1505.1738536706023 30.000000000000004
1505.1738536706023 30.000000000000004
1505.1738536706023 30.000000000000004
1505.1738536706023 30.000000000000004
1505.1738536706023 30.000000000000004
1506.8984715608033 30.000000000000004
1506.8984715608033 30.000000000000004
1506.8984715608033 30.000000000000004
1506.8984715608033 30.000000000000004
1506.8984715608033 30.000000000000004
1506.8984715608033 30.000000000000004
1506.8984715608033 30.000000000000004
1508.623089451005 30.000000000000004
1505.1738536706023 30.000000000000004
1505.1738536706023 30.000000000000004
1503.4492357804013 30.000000000000004
1503.4492357804013 30.000000000000004
1503.4492357804013 30.000000000000004
1503.4492357804013 30.000000000000004
1503.4492357804013 30.000000000000004
1501.7246178902005 30.000000000000004
1501.7246178902005 30.000000000000004
1500.0 30.000000000000004
1500.0 30.000000000000004
1500.0 30.000000000000004
1500.0 30.000000000000004
1500.0 30.000000000000004
1498.2753821097995 30.000000000000004
1498.2753821097995 30.000000000000004
1498.2753821097995 30.000000000000004
1498.2753821097995 30.000000000000004
1500.0 30.000000000000004
1500.0 30.000000000000004
1500.0 30.000000000000004
1503.4492357804013 30.000000000000004
1506.8984715608033 30.000000000000004
1505.1738536706023 30.000000000000004
1506.8984715608033 30.000000000000004
1503.4492357804013 30.000000000000004
1503.4492357804013 30.000000000000004
1505.1738536706023 30.000000000000004
1505.1738536706023 30.000000000000004
1508.623089451005 30.000000000000004
1510.3477073412068 30.000000000000004
1510.3477073412068 30.000000000000004
1508.623089451005 30.000000000000004
1510.3477073412068 30.000000000000004
1513.7969431216125 30.000000000000004
1510.3477073412068 30.000000000000004
1510.3477073412068 30.000000000000004
1512.0723252314094 30.000000000000004
1515.5215610118164 30.000000000000004
1515.5215610118164 30.000000000000004
1513.7969431216125 30.000000000000004
1513.7969431216125 30.000000000000004
1512.0723252314094 30.000000000000004
1512.0723252314094 30.000000000000004
1512.0723252314094 30.000000000000004
1510.3477073412068 30.000000000000004
1510.3477073412068 30.000000000000004
1510.3477073412068 30.000000000000004
1512.0723252314094 30.000000000000004
1512.0723252314094 30.000000000000004
1512.0723252314094 30.000000000000004
1508.623089451005 30.000000000000004
1508.623089451005 30.000000000000004
1508.623089451005 30.000000000000004
1510.3477073412068 30.000000000000004
1510.3477073412068 30.000000000000004
1510.3477073412068 30.000000000000004
1506.8984715608033 30.000000000000004
1508.623089451005 30.000000000000004
1508.623089451005 30.000000000000004
1506.8984715608033 30.000000000000004
1506.8984715608033 30.000000000000004
1510.3477073412068 30.000000000000004
1510.3477073412068 30.000000000000004
1512.0723252314094 30.000000000000004
1513.7969431216125 30.000000000000004
1512.0723252314094 30.000000000000004
1512.0723252314094 30.000000000000004
1508.623089451005 30.000000000000004
1510.3477073412068 30.000000000000004
1510.3477073412068 30.000000000000004
1506.8984715608033 30.000000000000004
1505.1738536706023 30.000000000000004
1503.4492357804013 30.000000000000004
1503.4492357804013 30.000000000000004
1503.4492357804013 30.000000000000004
1503.4492357804013 30.000000000000004
1503.4492357804013 30.000000000000004
1505.1738536706023 30.000000000000004
1503.4492357804013 30.000000000000004
1501.7246178902005 30.000000000000004
1505.1738536706023 30.000000000000004
1505.1738536706023 30.000000000000004
1506.8984715608033 30.000000000000004
1508.623089451005 30.000000000000004
1508.623089451005 30.000000000000004
1508.623089451005 30.000000000000004
1506.8984715608033 30.000000000000004
1508.623089451005 30.000000000000004
1508.623089451005 30.000000000000004
1506.8984715608033 30.000000000000004
1510.3477073412068 30.000000000000004
1510.3477073412068 30.000000000000004
1510.3477073412068 30.000000000000004
1512.0723252314094 30.000000000000004
1512.0723252314094 30.000000000000004
1510.3477073412068 30.000000000000004
1510.3477073412068 30.000000000000004
1508.623089451005 30.000000000000004
1506.8984715608033 30.000000000000004
1506.8984715608033 30.000000000000004
1506.8984715608033 30.000000000000004
1506.8984715608033 30.000000000000004
1505.1738536706023 30.000000000000004
1505.1738536706023 30.000000000000004
1505.1738536706023 30.000000000000004
1506.8984715608033 30.000000000000004
1508.623089451005 30.000000000000004
1508.623089451005 30.000000000000004
1508.623089451005 30.000000000000004
1508.623089451005 30.000000000000004
1508.623089451005 30.000000000000004
1506.8984715608033 30.000000000000004
1506.8984715608033 30.000000000000004
1506.8984715608033 30.000000000000004
1510.3477073412068 30.000000000000004
1508.623089451005 30.000000000000004
1506.8984715608033 30.000000000000004
1506.8984715608033 30.000000000000004
1506.8984715608033 30.000000000000004
1505.1738536706023 30.000000000000004
1505.1738536706023 30.000000000000004
1506.8984715608033 30.000000000000004
1508.623089451005 30.000000000000004
1508.623089451005 30.000000000000004
1506.8984715608033 30.000000000000004
1506.8984715608033 30.000000000000004
1506.8984715608033 30.000000000000004
1506.8984715608033 30.000000000000004
1506.8984715608033 30.000000000000004
1510.3477073412068 30.000000000000004
1510.3477073412068 30.000000000000004
1510.3477073412068 30.000000000000004
1510.3477073412068 30.000000000000004
1510.3477073412068 30.000000000000004
1510.3477073412068 30.000000000000004
1512.0723252314094 30.000000000000004
1515.5215610118164 30.000000000000004
1515.5215610118164 30.000000000000004
1513.7969431216125 30.000000000000004
1513.7969431216125 30.000000000000004
1513.7969431216125 30.000000000000004
1513.7969431216125 30.000000000000004
1517.246178902021 30.000000000000004
1513.7969431216125 30.000000000000004
1513.7969431216125 30.000000000000004
1515.5215610118164 30.000000000000004
1515.5215610118164 30.000000000000004
1513.7969431216125 30.000000000000004
1515.5215610118164 30.000000000000004
1515.5215610118164 30.000000000000004
1513.7969431216125 30.000000000000004
1513.7969431216125 30.000000000000004
1513.7969431216125 30.000000000000004
1513.7969431216125 30.000000000000004
1513.7969431216125 30.000000000000004
1513.7969431216125 30.000000000000004
1513.7969431216125 30.000000000000004
1513.7969431216125 30.000000000000004
1512.0723252314094 30.000000000000004
1518.9707967922266 30.000000000000004
1515.5215610118164 30.000000000000004
1515.5215610118164 30.000000000000004
1515.5215610118164 30.000000000000004
1515.5215610118164 30.000000000000004
1515.5215610118164 30.000000000000004
1515.5215610118164 30.000000000000004
1515.5215610118164 30.000000000000004
1515.5215610118164 30.000000000000004
1517.246178902021 30.000000000000004
1515.5215610118164 30.000000000000004
1515.5215610118164 30.000000000000004
1517.246178902021 30.000000000000004
1515.5215610118164 30.000000000000004
1517.246178902021 30.000000000000004
1515.5215610118164 30.000000000000004
1515.5215610118164 30.000000000000004
1512.0723252314094 30.000000000000004
1515.5215610118164 30.000000000000004
1515.5215610118164 30.000000000000004
1515.5215610118164 30.000000000000004
1517.246178902021 30.000000000000004
1515.5215610118164 30.000000000000004
1515.5215610118164 30.000000000000004
1517.246178902021 30.000000000000004
1518.9707967922266 30.000000000000004
1517.246178902021 30.000000000000004
1517.246178902021 30.000000000000004
1517.246178902021 30.000000000000004
1513.7969431216125 30.000000000000004
1512.0723252314094 30.000000000000004
1513.7969431216125 30.000000000000004
1513.7969431216125 30.000000000000004
1515.5215610118164 30.000000000000004
1515.5215610118164 30.000000000000004
1513.7969431216125 30.000000000000004
1517.246178902021 30.000000000000004
1517.246178902021 30.000000000000004
1515.5215610118164 30.000000000000004
1513.7969431216125 30.000000000000004
1517.246178902021 30.000000000000004
1518.9707967922266 30.000000000000004
1518.9707967922266 30.000000000000004
1522.4200325726408 30.000000000000004
1520.6954146824332 30.000000000000004
1520.6954146824332 30.000000000000004
1522.4200325726408 30.000000000000004
1522.4200325726408 30.000000000000004
1522.4200325726408 30.000000000000004
1522.4200325726408 30.000000000000004
1524.1446504628495 30.000000000000004
