MTCMMO
1194.7426333513486 30.000000000000004
1113.685592426535 30.000000000000004
1087.816324037349 30.000000000000004
1082.642470358941 30.000000000000004
1089.5409419301086 30.000000000000004
1089.5409419301086 30.000000000000004
1072.2947630015342 30.000000000000004
1065.3962914294846 30.000000000000004
1063.6716735364157 30.000000000000004
1060.2224377502096 30.000000000000004
1061.9470556433241 30.000000000000004
1063.6716735364157 30.000000000000004
1067.120909322531 30.000000000000004
1067.120909322531 30.000000000000004
1065.3962914294846 30.000000000000004
1065.3962914294846 30.000000000000004
1061.9470556433241 30.000000000000004
1058.497819857072 30.000000000000004
1060.2224377502096 30.000000000000004
1061.9470556433241 30.000000000000004
1067.120909322531 30.000000000000004
1058.497819857072 30.000000000000004
1061.9470556433241 30.000000000000004
1067.120909322531 30.000000000000004
1067.120909322531 30.000000000000004
1067.120909322531 30.000000000000004
1074.0193808944907 30.000000000000004
1087.816324037349 30.000000000000004
1091.2655598228469 30.000000000000004
1096.4394135009338 30.000000000000004
1098.164031393587 30.000000000000004
1096.4394135009338 30.000000000000004
1101.6132671788312 30.000000000000004
1089.5409419301086 30.000000000000004
1091.2655598228469 30.000000000000004
1094.7147956082592 30.000000000000004
1103.3378850714219 30.000000000000004
1099.8886492862196 30.000000000000004
1113.685592426535 30.000000000000004
1105.062502963992 30.000000000000004
1106.7871208565416 30.000000000000004
1106.7871208565416 30.000000000000004
1103.3378850714219 30.000000000000004
1117.1348282114104 30.000000000000004
1122.3086818885745 30.000000000000004
1122.3086818885745 30.000000000000004
1124.0332997809228 30.000000000000004
1127.4825355655605 30.000000000000004
1132.656389242372 30.000000000000004
1127.4825355655605 30.000000000000004
1127.4825355655605 30.000000000000004
1125.7579176732513 30.000000000000004
1125.7579176732513 30.000000000000004
1125.7579176732513 30.000000000000004
1124.0332997809228 30.000000000000004
1137.830242919011 30.000000000000004
1148.177950271781 30.000000000000004
1156.8010397319172 30.000000000000004
1163.6995112997033 30.000000000000004
1167.1487470834907 30.000000000000004
1165.4241291916055 30.000000000000004
1170.5979828672084 30.000000000000004
1174.0472186508575 30.000000000000004
1182.6703081096841 30.000000000000004
1179.2210723262037 30.000000000000004
1179.2210723262037 30.000000000000004
1170.5979828672084 30.000000000000004
1174.0472186508575 30.000000000000004
1179.2210723262037 30.000000000000004
1168.8733649753583 30.000000000000004
1172.3226007590415 30.000000000000004
1168.8733649753583 30.000000000000004
1174.0472186508575 30.000000000000004
1179.2210723262037 30.000000000000004
1180.9456902179522 30.000000000000004
1180.9456902179522 30.000000000000004
1180.9456902179522 30.000000000000004
1180.9456902179522 30.000000000000004
1179.2210723262037 30.000000000000004
1177.4964544344386 30.000000000000004
1179.2210723262037 30.000000000000004
1175.7718365426565 30.000000000000004
1180.9456902179522 30.000000000000004
1177.4964544344386 30.000000000000004
1177.4964544344386 30.000000000000004
1175.7718365426565 30.000000000000004
1184.3949260013994 30.000000000000004
1186.1195438930984 30.000000000000004
1193.0180154597308 30.000000000000004
1193.0180154597308 30.000000000000004
1196.4672512429506 30.000000000000004
1196.4672512429506 30.000000000000004
1211.9888122666662 30.000000000000004
1206.8149585922329 30.000000000000004
1208.5395764837258 30.000000000000004
1208.5395764837258 30.000000000000004
1203.3657228092009 30.000000000000004
1205.0903407007245 30.000000000000004
1201.6411049176618 30.000000000000004
1198.1918691345368 30.000000000000004
1196.4672512429506 30.000000000000004
1198.1918691345368 30.000000000000004
1198.1918691345368 30.000000000000004
1196.4672512429506 30.000000000000004
1198.1918691345368 30.000000000000004
1201.6411049176618 30.000000000000004
1201.6411049176618 30.000000000000004
1196.4672512429506 30.000000000000004
1194.7426333513486 30.000000000000004
1193.0180154597308 30.000000000000004
1191.293397568097 30.000000000000004
1184.3949260013994 30.000000000000004
1194.7426333513486 30.000000000000004
1193.0180154597308 30.000000000000004
1193.0180154597308 30.000000000000004
1193.0180154597308 30.000000000000004
1186.1195438930984 30.000000000000004
1184.3949260013994 30.000000000000004
1189.5687796764469 30.000000000000004
1191.293397568097 30.000000000000004
1186.1195438930984 30.000000000000004
1184.3949260013994 30.000000000000004
1187.8441617847807 30.000000000000004
1186.1195438930984 30.000000000000004
1186.1195438930984 30.000000000000004
1189.5687796764469 30.000000000000004
1191.293397568097 30.000000000000004
1193.0180154597308 30.000000000000004
1198.1918691345368 30.000000000000004
1196.4672512429506 30.000000000000004
1193.0180154597308 30.000000000000004
1196.4672512429506 30.000000000000004
1196.4672512429506 30.000000000000004
1196.4672512429506 30.000000000000004
1194.7426333513486 30.000000000000004
1193.0180154597308 30.000000000000004
1193.0180154597308 30.000000000000004
1191.293397568097 30.000000000000004
1187.8441617847807 30.000000000000004
1187.8441617847807 30.000000000000004
1186.1195438930984 30.000000000000004
1191.293397568097 30.000000000000004
1187.8441617847807 30.000000000000004
1187.8441617847807 30.000000000000004
1189.5687796764469 30.000000000000004
1191.293397568097 30.000000000000004
1191.293397568097 30.000000000000004
1193.0180154597308 30.000000000000004
1193.0180154597308 30.000000000000004
1198.1918691345368 30.000000000000004
1194.7426333513486 30.000000000000004
1194.7426333513486 30.000000000000004
1196.4672512429506 30.000000000000004
1196.4672512429506 30.000000000000004
1198.1918691345368 30.000000000000004
1196.4672512429506 30.000000000000004
1196.4672512429506 30.000000000000004
1193.0180154597308 30.000000000000004
1194.7426333513486 30.000000000000004
1194.7426333513486 30.000000000000004
1191.293397568097 30.000000000000004
1191.293397568097 30.000000000000004
1191.293397568097 30.000000000000004
1191.293397568097 30.000000000000004
1193.0180154597308 30.000000000000004
1193.0180154597308 30.000000000000004
1193.0180154597308 30.000000000000004
1193.0180154597308 30.000000000000004
1193.0180154597308 30.000000000000004
1193.0180154597308 30.000000000000004
1191.293397568097 30.000000000000004
1196.4672512429506 30.000000000000004
1198.1918691345368 30.000000000000004
1203.3657228092009 30.000000000000004
1199.916487026107 30.000000000000004
1198.1918691345368 30.000000000000004
1196.4672512429506 30.000000000000004
1203.3657228092009 30.000000000000004
1199.916487026107 30.000000000000004
1196.4672512429506 30.000000000000004
1193.0180154597308 30.000000000000004
1193.0180154597308 30.000000000000004
1191.293397568097 30.000000000000004
1193.0180154597308 30.000000000000004
1194.7426333513486 30.000000000000004
1194.7426333513486 30.000000000000004
1193.0180154597308 30.000000000000004
1194.7426333513486 30.000000000000004
1198.1918691345368 30.000000000000004
1201.6411049176618 30.000000000000004
1199.916487026107 30.000000000000004
1199.916487026107 30.000000000000004
1199.916487026107 30.000000000000004
1199.916487026107 30.000000000000004
1201.6411049176618 30.000000000000004
1201.6411049176618 30.000000000000004
1201.6411049176618 30.000000000000004
1203.3657228092009 30.000000000000004
1205.0903407007245 30.000000000000004
1205.0903407007245 30.000000000000004
1206.8149585922329 30.000000000000004
1208.5395764837258 30.000000000000004
1208.5395764837258 30.000000000000004
1206.8149585922329 30.000000000000004
1206.8149585922329 30.000000000000004
1206.8149585922329 30.000000000000004
1205.0903407007245 30.000000000000004
1205.0903407007245 30.000000000000004
1210.2641943752035 30.000000000000004
1211.9888122666662 30.000000000000004
1213.7134301581136 30.000000000000004
1211.9888122666662 30.000000000000004
1213.7134301581136 30.000000000000004
1215.4380480495465 30.000000000000004
1213.7134301581136 30.000000000000004
1215.4380480495465 30.000000000000004
1213.7134301581136 30.000000000000004
1213.7134301581136 30.000000000000004
1211.9888122666662 30.000000000000004
1211.9888122666662 30.000000000000004
1213.7134301581136 30.000000000000004
1215.4380480495465 30.000000000000004
1218.8872838323673 30.000000000000004
1220.6119017237556 30.000000000000004
1224.061137506489 30.000000000000004
1224.061137506489 30.000000000000004
1224.061137506489 30.000000000000004
1222.3365196151296 30.000000000000004
1222.3365196151296 30.000000000000004
1225.785755397834 30.000000000000004
1225.785755397834 30.000000000000004
1225.785755397834 30.000000000000004
1224.061137506489 30.000000000000004
1225.785755397834 30.000000000000004
1225.785755397834 30.000000000000004
1225.785755397834 30.000000000000004
1225.785755397834 30.000000000000004
1225.785755397834 30.000000000000004
1225.785755397834 30.000000000000004
1225.785755397834 30.000000000000004
1229.234991180481 30.000000000000004
1229.234991180481 30.000000000000004
1229.234991180481 30.000000000000004
1229.234991180481 30.000000000000004
1229.234991180481 30.000000000000004
1229.234991180481 30.000000000000004
1230.9596090717832 30.000000000000004
1227.5103732891646 30.000000000000004
1227.5103732891646 30.000000000000004
1227.5103732891646 30.000000000000004
1229.234991180481 30.000000000000004
1229.234991180481 30.000000000000004
1229.234991180481 30.000000000000004
1229.234991180481 30.000000000000004
1229.234991180481 30.000000000000004
1232.6842269630718 30.000000000000004
1230.9596090717832 30.000000000000004
1227.5103732891646 30.000000000000004
1229.234991180481 30.000000000000004
1225.785755397834 30.000000000000004
1229.234991180481 30.000000000000004
1229.234991180481 30.000000000000004
1227.5103732891646 30.000000000000004
1229.234991180481 30.000000000000004
1230.9596090717832 30.000000000000004
1229.234991180481 30.000000000000004
1229.234991180481 30.000000000000004
1230.9596090717832 30.000000000000004
1229.234991180481 30.000000000000004
1234.4088448543462 30.000000000000004
1236.1334627456065 30.000000000000004
1234.4088448543462 30.000000000000004
1234.4088448543462 30.000000000000004
1234.4088448543462 30.000000000000004
1234.4088448543462 30.000000000000004
1234.4088448543462 30.000000000000004
1232.6842269630718 30.000000000000004
1234.4088448543462 30.000000000000004
1234.4088448543462 30.000000000000004
1236.1334627456065 30.000000000000004
1236.1334627456065 30.000000000000004
1236.1334627456065 30.000000000000004
1234.4088448543462 30.000000000000004
1232.6842269630718 30.000000000000004
1230.9596090717832 30.000000000000004
1230.9596090717832 30.000000000000004
1230.9596090717832 30.000000000000004
1230.9596090717832 30.000000000000004
1230.9596090717832 30.000000000000004
1234.4088448543462 30.000000000000004
1234.4088448543462 30.000000000000004
1234.4088448543462 30.000000000000004
1236.1334627456065 30.000000000000004
1236.1334627456065 30.000000000000004
1237.8580806368532 30.000000000000004
1239.5826985280862 30.000000000000004
1239.5826985280862 30.000000000000004
1239.5826985280862 30.000000000000004
1239.5826985280862 30.000000000000004
1241.3073164193056 30.000000000000004
1237.8580806368532 30.000000000000004
1237.8580806368532 30.000000000000004
1237.8580806368532 30.000000000000004
1239.5826985280862 30.000000000000004
1239.5826985280862 30.000000000000004
1239.5826985280862 30.000000000000004
1239.5826985280862 30.000000000000004
1236.1334627456065 30.000000000000004
1236.1334627456065 30.000000000000004
1236.1334627456065 30.000000000000004
1232.6842269630718 30.000000000000004
1232.6842269630718 30.000000000000004
1234.4088448543462 30.000000000000004
1234.4088448543462 30.000000000000004
1234.4088448543462 30.000000000000004
1234.4088448543462 30.000000000000004
1230.9596090717832 30.000000000000004
1234.4088448543462 30.000000000000004
1234.4088448543462 30.000000000000004
1234.4088448543462 30.000000000000004
1234.4088448543462 30.000000000000004
1232.6842269630718 30.000000000000004
1234.4088448543462 30.000000000000004
1232.6842269630718 30.000000000000004
1232.6842269630718 30.000000000000004
1232.6842269630718 30.000000000000004
1232.6842269630718 30.000000000000004
1234.4088448543462 30.000000000000004
1234.4088448543462 30.000000000000004
1234.4088448543462 30.000000000000004
1234.4088448543462 30.000000000000004
1236.1334627456065 30.000000000000004
1236.1334627456065 30.000000000000004
1236.1334627456065 30.000000000000004
1236.1334627456065 30.000000000000004
1237.8580806368532 30.000000000000004
1237.8580806368532 30.000000000000004
1236.1334627456065 30.000000000000004
1232.6842269630718 30.000000000000004
1236.1334627456065 30.000000000000004
1236.1334627456065 30.000000000000004
1236.1334627456065 30.000000000000004
1237.8580806368532 30.000000000000004
1237.8580806368532 30.000000000000004
1232.6842269630718 30.000000000000004
1232.6842269630718 30.000000000000004
1234.4088448543462 30.000000000000004
1234.4088448543462 30.000000000000004
1232.6842269630718 30.000000000000004
1234.4088448543462 30.000000000000004
1234.4088448543462 30.000000000000004
1234.4088448543462 30.000000000000004
1234.4088448543462 30.000000000000004
1232.6842269630718 30.000000000000004
1232.6842269630718 30.000000000000004
1232.6842269630718 30.000000000000004
1232.6842269630718 30.000000000000004
1232.6842269630718 30.000000000000004
1232.6842269630718 30.000000000000004
1229.234991180481 30.000000000000004
1229.234991180481 30.000000000000004
1229.234991180481 30.000000000000004
1230.9596090717832 30.000000000000004
1230.9596090717832 30.000000000000004
1229.234991180481 30.000000000000004
1229.234991180481 30.000000000000004
1227.5103732891646 30.000000000000004
1227.5103732891646 30.000000000000004
1227.5103732891646 30.000000000000004
1227.5103732891646 30.000000000000004
1225.785755397834 30.000000000000004
1225.785755397834 30.000000000000004
1225.785755397834 30.000000000000004
1225.785755397834 30.000000000000004
1225.785755397834 30.000000000000004
1225.785755397834 30.000000000000004
1225.785755397834 30.000000000000004
1227.5103732891646 30.000000000000004
1227.5103732891646 30.000000000000004
1227.5103732891646 30.000000000000004
1227.5103732891646 30.000000000000004
1227.5103732891646 30.000000000000004
1227.5103732891646 30.000000000000004
1227.5103732891646 30.000000000000004
1227.5103732891646 30.000000000000004
1227.5103732891646 30.000000000000004
1227.5103732891646 30.000000000000004
1229.234991180481 30.000000000000004
1229.234991180481 30.000000000000004
1227.5103732891646 30.000000000000004
1227.5103732891646 30.000000000000004
1227.5103732891646 30.000000000000004
1227.5103732891646 30.000000000000004
1227.5103732891646 30.000000000000004
1227.5103732891646 30.000000000000004
1227.5103732891646 30.000000000000004
1225.785755397834 30.000000000000004
1225.785755397834 30.000000000000004
1225.785755397834 30.000000000000004
1225.785755397834 30.000000000000004
1224.061137506489 30.000000000000004
1222.3365196151296 30.000000000000004
1222.3365196151296 30.000000000000004
1224.061137506489 30.000000000000004
1224.061137506489 30.000000000000004
1224.061137506489 30.000000000000004
1222.3365196151296 30.000000000000004
1222.3365196151296 30.000000000000004
1222.3365196151296 30.000000000000004
1222.3365196151296 30.000000000000004
1222.3365196151296 30.000000000000004
1222.3365196151296 30.000000000000004
1222.3365196151296 30.000000000000004
1220.6119017237556 30.000000000000004
1220.6119017237556 30.000000000000004
1222.3365196151296 30.000000000000004
1222.3365196151296 30.000000000000004
1222.3365196151296 30.000000000000004
1222.3365196151296 30.000000000000004
1220.6119017237556 30.000000000000004
1220.6119017237556 30.000000000000004
1220.6119017237556 30.000000000000004
1218.8872838323673 30.000000000000004
1218.8872838323673 30.000000000000004
1218.8872838323673 30.000000000000004
1218.8872838323673 30.000000000000004
1218.8872838323673 30.000000000000004
1218.8872838323673 30.000000000000004
1218.8872838323673 30.000000000000004
1217.1626659409642 30.000000000000004
1217.1626659409642 30.000000000000004
1217.1626659409642 30.000000000000004
1217.1626659409642 30.000000000000004
1217.1626659409642 30.000000000000004
1215.4380480495465 30.000000000000004
1215.4380480495465 30.000000000000004
1215.4380480495465 30.000000000000004
1217.1626659409642 30.000000000000004
1215.4380480495465 30.000000000000004
1215.4380480495465 30.000000000000004
1213.7134301581136 30.000000000000004
1213.7134301581136 30.000000000000004
1213.7134301581136 30.000000000000004
1211.9888122666662 30.000000000000004
1211.9888122666662 30.000000000000004
1211.9888122666662 30.000000000000004
1208.5395764837258 30.000000000000004
1206.8149585922329 30.000000000000004
1206.8149585922329 30.000000000000004
1206.8149585922329 30.000000000000004
1206.8149585922329 30.000000000000004
1206.8149585922329 30.000000000000004
1205.0903407007245 30.000000000000004
1203.3657228092009 30.000000000000004
1203.3657228092009 30.000000000000004
1203.3657228092009 30.000000000000004
1205.0903407007245 30.000000000000004
1203.3657228092009 30.000000000000004
1205.0903407007245 30.000000000000004
1205.0903407007245 30.000000000000004
1205.0903407007245 30.000000000000004
1205.0903407007245 30.000000000000004
1205.0903407007245 30.000000000000004
1205.0903407007245 30.000000000000004
1205.0903407007245 30.000000000000004
1203.3657228092009 30.000000000000004
1203.3657228092009 30.000000000000004
1205.0903407007245 30.000000000000004
1206.8149585922329 30.000000000000004
1205.0903407007245 30.000000000000004
1201.6411049176618 30.000000000000004
1201.6411049176618 30.000000000000004
1201.6411049176618 30.000000000000004
1201.6411049176618 30.000000000000004
1198.1918691345368 30.000000000000004
1198.1918691345368 30.000000000000004
1198.1918691345368 30.000000000000004
1198.1918691345368 30.000000000000004
1198.1918691345368 30.000000000000004
1199.916487026107 30.000000000000004
1199.916487026107 30.000000000000004
1198.1918691345368 30.000000000000004
1198.1918691345368 30.000000000000004
1198.1918691345368 30.000000000000004
1196.4672512429506 30.000000000000004
1196.4672512429506 30.000000000000004
1196.4672512429506 30.000000000000004
1199.916487026107 30.000000000000004
1199.916487026107 30.000000000000004
1199.916487026107 30.000000000000004
1199.916487026107 30.000000000000004
1198.1918691345368 30.000000000000004
1198.1918691345368 30.000000000000004
1198.1918691345368 30.000000000000004
1198.1918691345368 30.000000000000004
1198.1918691345368 30.000000000000004
1198.1918691345368 30.000000000000004
1198.1918691345368 30.000000000000004
1198.1918691345368 30.000000000000004
1198.1918691345368 30.000000000000004
1198.1918691345368 30.000000000000004
1196.4672512429506 30.000000000000004
1196.4672512429506 30.000000000000004
1194.7426333513486 30.000000000000004
1194.7426333513486 30.000000000000004
1193.0180154597308 30.000000000000004
1189.5687796764469 30.000000000000004
1189.5687796764469 30.000000000000004
1189.5687796764469 30.000000000000004
1189.5687796764469 30.000000000000004
1189.5687796764469 30.000000000000004
1187.8441617847807 30.000000000000004
1187.8441617847807 30.000000000000004
1187.8441617847807 30.000000000000004
1186.1195438930984 30.000000000000004
1184.3949260013994 30.000000000000004
1182.6703081096841 30.000000000000004
1180.9456902179522 30.000000000000004
1180.9456902179522 30.000000000000004
1179.2210723262037 30.000000000000004
1177.4964544344386 30.000000000000004
1175.7718365426565 30.000000000000004
1174.0472186508575 30.000000000000004
1174.0472186508575 30.000000000000004
1170.5979828672084 30.000000000000004
1170.5979828672084 30.000000000000004
1167.1487470834907 30.000000000000004
1165.4241291916055 30.000000000000004
1163.6995112997033 30.000000000000004
1161.9748934077832 30.000000000000004
1160.2502755158457 30.000000000000004
1160.2502755158457 30.000000000000004
1155.076421839926 30.000000000000004
1155.076421839926 30.000000000000004
1155.076421839926 30.000000000000004
1155.076421839926 30.000000000000004
1155.076421839926 30.000000000000004
1155.076421839926 30.000000000000004
1153.351803947917 30.000000000000004
1153.351803947917 30.000000000000004
1153.351803947917 30.000000000000004
1149.9025681638445 30.000000000000004
1149.9025681638445 30.000000000000004
1149.9025681638445 30.000000000000004
1148.177950271781 30.000000000000004
1146.453332379699 30.000000000000004
1146.453332379699 30.000000000000004
1146.453332379699 30.000000000000004
1146.453332379699 30.000000000000004
1146.453332379699 30.000000000000004
1146.453332379699 30.000000000000004
1146.453332379699 30.000000000000004
1146.453332379699 30.000000000000004
1146.453332379699 30.000000000000004
1146.453332379699 30.000000000000004
1146.453332379699 30.000000000000004
1146.453332379699 30.000000000000004
1146.453332379699 30.000000000000004
1146.453332379699 30.000000000000004
1146.453332379699 30.000000000000004
1146.453332379699 30.000000000000004
1146.453332379699 30.000000000000004
1146.453332379699 30.000000000000004
1146.453332379699 30.000000000000004
1146.453332379699 30.000000000000004
1146.453332379699 30.000000000000004
1146.453332379699 30.000000000000004
1146.453332379699 30.000000000000004
1146.453332379699 30.000000000000004
1146.453332379699 30.000000000000004
1146.453332379699 30.000000000000004
1146.453332379699 30.000000000000004
1144.7287144875988 30.000000000000004
1144.7287144875988 30.000000000000004
1144.7287144875988 30.000000000000004
1144.7287144875988 30.000000000000004
1144.7287144875988 30.000000000000004
1144.7287144875988 30.000000000000004
1144.7287144875988 30.000000000000004
1144.7287144875988 30.000000000000004
1144.7287144875988 30.000000000000004
1144.7287144875988 30.000000000000004
1144.7287144875988 30.000000000000004
1144.7287144875988 30.000000000000004
1144.7287144875988 30.000000000000004
1144.7287144875988 30.000000000000004
1144.7287144875988 30.000000000000004
1144.7287144875988 30.000000000000004
1144.7287144875988 30.000000000000004
1144.7287144875988 30.000000000000004
1144.7287144875988 30.000000000000004
1144.7287144875988 30.000000000000004
1144.7287144875988 30.000000000000004
1143.0040965954797 30.000000000000004
1143.0040965954797 30.000000000000004
1143.0040965954797 30.000000000000004
1143.0040965954797 30.000000000000004
1143.0040965954797 30.000000000000004
1141.2794787033422 30.000000000000004
1141.2794787033422 30.000000000000004
1141.2794787033422 30.000000000000004
1141.2794787033422 30.000000000000004
1141.2794787033422 30.000000000000004
1141.2794787033422 30.000000000000004
1141.2794787033422 30.000000000000004
1141.2794787033422 30.000000000000004
1141.2794787033422 30.000000000000004
1141.2794787033422 30.000000000000004
1141.2794787033422 30.000000000000004
1141.2794787033422 30.000000000000004
1141.2794787033422 30.000000000000004
1141.2794787033422 30.000000000000004
1141.2794787033422 30.000000000000004
1141.2794787033422 30.000000000000004
1141.2794787033422 30.000000000000004
1141.2794787033422 30.000000000000004
1141.2794787033422 30.000000000000004
1141.2794787033422 30.000000000000004
1141.2794787033422 30.000000000000004
1141.2794787033422 30.000000000000004
1141.2794787033422 30.000000000000004
1141.2794787033422 30.000000000000004
1141.2794787033422 30.000000000000004
1141.2794787033422 30.000000000000004
1141.2794787033422 30.000000000000004
1141.2794787033422 30.000000000000004
1141.2794787033422 30.000000000000004
1141.2794787033422 30.000000000000004
1141.2794787033422 30.000000000000004
1141.2794787033422 30.000000000000004
1141.2794787033422 30.000000000000004
1141.2794787033422 30.000000000000004
1139.554860811186 30.000000000000004
1141.2794787033422 30.000000000000004
1141.2794787033422 30.000000000000004
1139.554860811186 30.000000000000004
1139.554860811186 30.000000000000004
1139.554860811186 30.000000000000004
1139.554860811186 30.000000000000004
1139.554860811186 30.000000000000004
1139.554860811186 30.000000000000004
1139.554860811186 30.000000000000004
1141.2794787033422 30.000000000000004
1141.2794787033422 30.000000000000004
1141.2794787033422 30.000000000000004
1141.2794787033422 30.000000000000004
1141.2794787033422 30.000000000000004
1141.2794787033422 30.000000000000004
1139.554860811186 30.000000000000004
1139.554860811186 30.000000000000004
1139.554860811186 30.000000000000004
1139.554860811186 30.000000000000004
1139.554860811186 30.000000000000004
1139.554860811186 30.000000000000004
1139.554860811186 30.000000000000004
1139.554860811186 30.000000000000004
1139.554860811186 30.000000000000004
1139.554860811186 30.000000000000004
1139.554860811186 30.000000000000004
1139.554860811186 30.000000000000004
1139.554860811186 30.000000000000004
1139.554860811186 30.000000000000004
1139.554860811186 30.000000000000004
1139.554860811186 30.000000000000004
1139.554860811186 30.000000000000004
1139.554860811186 30.000000000000004
1139.554860811186 30.000000000000004
1139.554860811186 30.000000000000004
1139.554860811186 30.000000000000004
1139.554860811186 30.000000000000004
1139.554860811186 30.000000000000004
1139.554860811186 30.000000000000004
1137.830242919011 30.000000000000004
1136.105625026817 30.000000000000004
1136.105625026817 30.000000000000004
1136.105625026817 30.000000000000004
1134.381007134604 30.000000000000004
1134.381007134604 30.000000000000004
1134.381007134604 30.000000000000004
1134.381007134604 30.000000000000004
1134.381007134604 30.000000000000004
1134.381007134604 30.000000000000004
1134.381007134604 30.000000000000004
1134.381007134604 30.000000000000004
1134.381007134604 30.000000000000004
1134.381007134604 30.000000000000004
1134.381007134604 30.000000000000004
1134.381007134604 30.000000000000004
1134.381007134604 30.000000000000004
1134.381007134604 30.000000000000004
1134.381007134604 30.000000000000004
1132.656389242372 30.000000000000004
1132.656389242372 30.000000000000004
1132.656389242372 30.000000000000004
1132.656389242372 30.000000000000004
1132.656389242372 30.000000000000004
1132.656389242372 30.000000000000004
1132.656389242372 30.000000000000004
1130.931771350121 30.000000000000004
1130.931771350121 30.000000000000004
1130.931771350121 30.000000000000004
1130.931771350121 30.000000000000004
1130.931771350121 30.000000000000004
1130.931771350121 30.000000000000004
1130.931771350121 30.000000000000004
1130.931771350121 30.000000000000004
1129.2071534578504 30.000000000000004
1129.2071534578504 30.000000000000004
1129.2071534578504 30.000000000000004
1129.2071534578504 30.000000000000004
1127.4825355655605 30.000000000000004
1127.4825355655605 30.000000000000004
1127.4825355655605 30.000000000000004
1127.4825355655605 30.000000000000004
1127.4825355655605 30.000000000000004
1127.4825355655605 30.000000000000004
1127.4825355655605 30.000000000000004
1127.4825355655605 30.000000000000004
1127.4825355655605 30.000000000000004
1127.4825355655605 30.000000000000004
1127.4825355655605 30.000000000000004
1127.4825355655605 30.000000000000004
1127.4825355655605 30.000000000000004
1127.4825355655605 30.000000000000004
1127.4825355655605 30.000000000000004
1127.4825355655605 30.000000000000004
1127.4825355655605 30.000000000000004
1127.4825355655605 30.000000000000004
1127.4825355655605 30.000000000000004
1127.4825355655605 30.000000000000004
1127.4825355655605 30.000000000000004
1127.4825355655605 30.000000000000004
1127.4825355655605 30.000000000000004
1127.4825355655605 30.000000000000004
1127.4825355655605 30.000000000000004
1127.4825355655605 30.000000000000004
1127.4825355655605 30.000000000000004
1127.4825355655605 30.000000000000004
1127.4825355655605 30.000000000000004
1127.4825355655605 30.000000000000004
1125.7579176732513 30.000000000000004
1124.0332997809228 30.000000000000004
1124.0332997809228 30.000000000000004
1124.0332997809228 30.000000000000004
1124.0332997809228 30.000000000000004
1124.0332997809228 30.000000000000004
1124.0332997809228 30.000000000000004
1124.0332997809228 30.000000000000004
1124.0332997809228 30.000000000000004
1124.0332997809228 30.000000000000004
1124.0332997809228 30.000000000000004
1124.0332997809228 30.000000000000004
1124.0332997809228 30.000000000000004
1124.0332997809228 30.000000000000004
1124.0332997809228 30.000000000000004
1124.0332997809228 30.000000000000004
1124.0332997809228 30.000000000000004
1124.0332997809228 30.000000000000004
1124.0332997809228 30.000000000000004
1122.3086818885745 30.000000000000004
1122.3086818885745 30.000000000000004
1122.3086818885745 30.000000000000004
1122.3086818885745 30.000000000000004
1122.3086818885745 30.000000000000004
1122.3086818885745 30.000000000000004
1122.3086818885745 30.000000000000004
1122.3086818885745 30.000000000000004
1122.3086818885745 30.000000000000004
1122.3086818885745 30.000000000000004
1122.3086818885745 30.000000000000004
1122.3086818885745 30.000000000000004
1120.5840639962062 30.000000000000004
1120.5840639962062 30.000000000000004
1120.5840639962062 30.000000000000004
1120.5840639962062 30.000000000000004
1120.5840639962062 30.000000000000004
1120.5840639962062 30.000000000000004
1120.5840639962062 30.000000000000004
1120.5840639962062 30.000000000000004
1120.5840639962062 30.000000000000004
1120.5840639962062 30.000000000000004
1120.5840639962062 30.000000000000004
1120.5840639962062 30.000000000000004
1120.5840639962062 30.000000000000004
1120.5840639962062 30.000000000000004
1120.5840639962062 30.000000000000004
1118.8594461038183 30.000000000000004
1118.8594461038183 30.000000000000004
1118.8594461038183 30.000000000000004
1118.8594461038183 30.000000000000004
1118.8594461038183 30.000000000000004
1118.8594461038183 30.000000000000004
1118.8594461038183 30.000000000000004
1118.8594461038183 30.000000000000004
1117.1348282114104 30.000000000000004
1117.1348282114104 30.000000000000004
1117.1348282114104 30.000000000000004
1117.1348282114104 30.000000000000004
1117.1348282114104 30.000000000000004
1117.1348282114104 30.000000000000004
1117.1348282114104 30.000000000000004
1117.1348282114104 30.000000000000004
1117.1348282114104 30.000000000000004
1117.1348282114104 30.000000000000004
1117.1348282114104 30.000000000000004
1117.1348282114104 30.000000000000004
1117.1348282114104 30.000000000000004
1115.4102103189828 30.000000000000004
1115.4102103189828 30.000000000000004
1115.4102103189828 30.000000000000004
1115.4102103189828 30.000000000000004
1113.685592426535 30.000000000000004
1111.9609745340672 30.000000000000004
1111.9609745340672 30.000000000000004
1111.9609745340672 30.000000000000004
1111.9609745340672 30.000000000000004
1111.9609745340672 30.000000000000004
1111.9609745340672 30.000000000000004
1111.9609745340672 30.000000000000004
1111.9609745340672 30.000000000000004
1111.9609745340672 30.000000000000004
1111.9609745340672 30.000000000000004
1111.9609745340672 30.000000000000004
1111.9609745340672 30.000000000000004
1110.2363566415788 30.000000000000004
1110.2363566415788 30.000000000000004
1110.2363566415788 30.000000000000004
1108.5117387490704 30.000000000000004
1108.5117387490704 30.000000000000004
1108.5117387490704 30.000000000000004
1108.5117387490704 30.000000000000004
1108.5117387490704 30.000000000000004
1108.5117387490704 30.000000000000004
1108.5117387490704 30.000000000000004
1108.5117387490704 30.000000000000004
1108.5117387490704 30.000000000000004
1108.5117387490704 30.000000000000004
1108.5117387490704 30.000000000000004
1108.5117387490704 30.000000000000004
1108.5117387490704 30.000000000000004
1108.5117387490704 30.000000000000004
1108.5117387490704 30.000000000000004
1106.7871208565416 30.000000000000004
1106.7871208565416 30.000000000000004
1106.7871208565416 30.000000000000004
1106.7871208565416 30.000000000000004
1106.7871208565416 30.000000000000004
1105.062502963992 30.000000000000004
1105.062502963992 30.000000000000004
1105.062502963992 30.000000000000004
1105.062502963992 30.000000000000004
1105.062502963992 30.000000000000004
1103.3378850714219 30.000000000000004
1103.3378850714219 30.000000000000004
1103.3378850714219 30.000000000000004
1103.3378850714219 30.000000000000004
1103.3378850714219 30.000000000000004
1103.3378850714219 30.000000000000004
1101.6132671788312 30.000000000000004
1101.6132671788312 30.000000000000004
1101.6132671788312 30.000000000000004
1101.6132671788312 30.000000000000004
1103.3378850714219 30.000000000000004
1101.6132671788312 30.000000000000004
1101.6132671788312 30.000000000000004
1101.6132671788312 30.000000000000004
1101.6132671788312 30.000000000000004
1101.6132671788312 30.000000000000004
1101.6132671788312 30.000000000000004
1101.6132671788312 30.000000000000004
1101.6132671788312 30.000000000000004
1101.6132671788312 30.000000000000004
1099.8886492862196 30.000000000000004
1099.8886492862196 30.000000000000004
1098.164031393587 30.000000000000004
1098.164031393587 30.000000000000004
1098.164031393587 30.000000000000004
1098.164031393587 30.000000000000004
1098.164031393587 30.000000000000004
1098.164031393587 30.000000000000004
1098.164031393587 30.000000000000004
1098.164031393587 30.000000000000004
1098.164031393587 30.000000000000004
1098.164031393587 30.000000000000004
1098.164031393587 30.000000000000004
1098.164031393587 30.000000000000004
1098.164031393587 30.000000000000004
1098.164031393587 30.000000000000004
1098.164031393587 30.000000000000004
1098.164031393587 30.000000000000004
1098.164031393587 30.000000000000004
1098.164031393587 30.000000000000004
1098.164031393587 30.000000000000004
1096.4394135009338 30.000000000000004
1096.4394135009338 30.000000000000004
1096.4394135009338 30.000000000000004
1094.7147956082592 30.000000000000004
1094.7147956082592 30.000000000000004
1094.7147956082592 30.000000000000004
1094.7147956082592 30.000000000000004
1096.4394135009338 30.000000000000004
1096.4394135009338 30.000000000000004
1096.4394135009338 30.000000000000004
1094.7147956082592 30.000000000000004
1092.9901777155637 30.000000000000004
1092.9901777155637 30.000000000000004
1092.9901777155637 30.000000000000004
1092.9901777155637 30.000000000000004
1092.9901777155637 30.000000000000004
1092.9901777155637 30.000000000000004
1092.9901777155637 30.000000000000004
1092.9901777155637 30.000000000000004
1091.2655598228469 30.000000000000004
1091.2655598228469 30.000000000000004
1092.9901777155637 30.000000000000004
1092.9901777155637 30.000000000000004
1091.2655598228469 30.000000000000004
1089.5409419301086 30.000000000000004
1089.5409419301086 30.000000000000004
1087.816324037349 30.000000000000004
1086.091706144568 30.000000000000004
1086.091706144568 30.000000000000004
1086.091706144568 30.000000000000004
1086.091706144568 30.000000000000004
1086.091706144568 30.000000000000004
1084.3670882517654 30.000000000000004
1084.3670882517654 30.000000000000004
1084.3670882517654 30.000000000000004
1084.3670882517654 30.000000000000004
1084.3670882517654 30.000000000000004
1084.3670882517654 30.000000000000004
1084.3670882517654 30.000000000000004
1082.642470358941 30.000000000000004
1082.642470358941 30.000000000000004
1082.642470358941 30.000000000000004
1082.642470358941 30.000000000000004
1082.642470358941 30.000000000000004
1084.3670882517654 30.000000000000004
1084.3670882517654 30.000000000000004
1084.3670882517654 30.000000000000004
1084.3670882517654 30.000000000000004
1084.3670882517654 30.000000000000004
1084.3670882517654 30.000000000000004
1082.642470358941 30.000000000000004
1082.642470358941 30.000000000000004
1082.642470358941 30.000000000000004
1082.642470358941 30.000000000000004
1082.642470358941 30.000000000000004
1082.642470358941 30.000000000000004
1082.642470358941 30.000000000000004
1082.642470358941 30.000000000000004
1082.642470358941 30.000000000000004
1082.642470358941 30.000000000000004
1082.642470358941 30.000000000000004
1082.642470358941 30.000000000000004
1082.642470358941 30.000000000000004
1082.642470358941 30.000000000000004
1082.642470358941 30.000000000000004
1082.642470358941 30.000000000000004
1082.642470358941 30.000000000000004
1082.642470358941 30.000000000000004
1082.642470358941 30.000000000000004
1082.642470358941 30.000000000000004
1082.642470358941 30.000000000000004
1080.9178524660947 30.000000000000004
1080.9178524660947 30.000000000000004
1079.1932345732266 30.000000000000004
1079.1932345732266 30.000000000000004
1079.1932345732266 30.000000000000004
1079.1932345732266 30.000000000000004
1079.1932345732266 30.000000000000004
1079.1932345732266 30.000000000000004
1079.1932345732266 30.000000000000004
1079.1932345732266 30.000000000000004
1079.1932345732266 30.000000000000004
1079.1932345732266 30.000000000000004
1079.1932345732266 30.000000000000004
1079.1932345732266 30.000000000000004
1079.1932345732266 30.000000000000004
1079.1932345732266 30.000000000000004
1079.1932345732266 30.000000000000004
1079.1932345732266 30.000000000000004
1079.1932345732266 30.000000000000004
1079.1932345732266 30.000000000000004
1079.1932345732266 30.000000000000004
1079.1932345732266 30.000000000000004
1079.1932345732266 30.000000000000004
1079.1932345732266 30.000000000000004
1079.1932345732266 30.000000000000004
1079.1932345732266 30.000000000000004
1079.1932345732266 30.000000000000004
1077.4686166803367 30.000000000000004
1077.4686166803367 30.000000000000004
1077.4686166803367 30.000000000000004
1077.4686166803367 30.000000000000004
1077.4686166803367 30.000000000000004
1077.4686166803367 30.000000000000004
1077.4686166803367 30.000000000000004
1077.4686166803367 30.000000000000004
1075.743998787425 30.000000000000004
